Step	dt	Time	fbody_x	fbody_y	fbody_z	dy_tip	
0	1e-16	0	0	0	0	1.44865e-07	
1	1e-16	0	0	-1.05e+06	0	1.44865e-07	
2	0.00018619	1e-16	0	-1.05e+06	0	-3.45218e-05	
3	0.000186093	0.00018619	0	-1.05e+06	0	-0.000103801	
4	0.000185906	0.000372283	0	-1.05e+06	0	-0.000207572	
5	0.000185637	0.000558189	0	-1.05e+06	0	-0.000345654	
6	0.000185299	0.000743826	0	-1.05e+06	0	-0.00051782	
7	0.000184904	0.000929126	0	-1.05e+06	0	-0.000723809	
8	0.000184466	0.00111403	0	-1.05e+06	0	-0.000963337	
9	0.000183997	0.0012985	0	-1.05e+06	0	-0.00123611	
10	0.000183509	0.00148249	0	-1.05e+06	0	-0.00154184	
11	0.000183013	0.001666	0	-1.05e+06	0	-0.00188023	
12	0.000182514	0.00184902	0	-1.05e+06	0	-0.00225102	
13	0.000182021	0.00203153	0	-1.05e+06	0	-0.00265393	
14	0.000181535	0.00221355	0	-1.05e+06	0	-0.00308872	
15	0.00018106	0.00239509	0	-1.05e+06	0	-0.00355516	
16	0.000180596	0.00257615	0	-1.05e+06	0	-0.00405301	
17	0.000180142	0.00275674	0	-1.05e+06	0	-0.00458207	
18	0.000179697	0.00293688	0	-1.05e+06	0	-0.00514211	
19	0.00017926	0.00311658	0	-1.05e+06	0	-0.00573292	
20	0.000178829	0.00329584	0	-1.05e+06	0	-0.00635429	
21	0.000178402	0.00347467	0	-1.05e+06	0	-0.00700601	
22	0.000177978	0.00365307	0	-1.05e+06	0	-0.00768785	
23	0.000177555	0.00383105	0	-1.05e+06	0	-0.0083996	
24	0.000177133	0.0040086	0	-1.05e+06	0	-0.00914103	
25	0.000176711	0.00418574	0	-1.05e+06	0	-0.00991193	
26	0.000176289	0.00436245	0	-1.05e+06	0	-0.0107121	
27	0.000175867	0.00453874	0	-1.05e+06	0	-0.0115412	
28	0.000175446	0.00471461	0	-1.05e+06	0	-0.0123991	
29	0.000175025	0.00489005	0	-1.05e+06	0	-0.0132857	
30	0.000174606	0.00506508	0	-1.05e+06	0	-0.0142005	
31	0.000174189	0.00523968	0	-1.05e+06	0	-0.0151436	
32	0.000173774	0.00541387	0	-1.05e+06	0	-0.0161146	
33	0.000173361	0.00558765	0	-1.05e+06	0	-0.0171133	
34	0.000172952	0.00576101	0	-1.05e+06	0	-0.0181396	
35	0.000172545	0.00593396	0	-1.05e+06	0	-0.0191932	
36	0.000172141	0.0061065	0	-1.05e+06	0	-0.020274	
37	0.00017174	0.00627864	0	-1.05e+06	0	-0.0213818	
38	0.000171343	0.00645038	0	-1.05e+06	0	-0.0225164	
39	0.000170947	0.00662173	0	-1.05e+06	0	-0.0236776	
40	0.000170555	0.00679267	0	-1.05e+06	0	-0.0248652	
41	0.000170165	0.00696323	0	-1.05e+06	0	-0.0260791	
42	0.000169776	0.00713339	0	-1.05e+06	0	-0.027319	
43	0.00016939	0.00730317	0	-1.05e+06	0	-0.0285848	
44	0.000169006	0.00747256	0	-1.05e+06	0	-0.0298762	
45	0.000168624	0.00764157	0	-1.05e+06	0	-0.0311932	
46	0.000168243	0.00781019	0	-1.05e+06	0	-0.0325355	
47	0.000167864	0.00797843	0	-1.05e+06	0	-0.033903	
48	0.000167487	0.0081463	0	-1.05e+06	0	-0.0352955	
49	0.000167112	0.00831379	0	-1.05e+06	0	-0.0367127	
50	0.000166738	0.0084809	0	-1.05e+06	0	-0.0381546	
51	0.000166366	0.00864763	0	-1.05e+06	0	-0.0396209	
52	0.000165996	0.008814	0	-1.05e+06	0	-0.0411116	
53	0.000165629	0.00898	0	-1.05e+06	0	-0.0426264	
54	0.000165263	0.00914563	0	-1.05e+06	0	-0.0441651	
55	0.000164899	0.00931089	0	-1.05e+06	0	-0.0457277	
56	0.000164537	0.00947579	0	-1.05e+06	0	-0.0473139	
57	0.000164178	0.00964032	0	-1.05e+06	0	-0.0489235	
58	0.00016382	0.0098045	0	-1.05e+06	0	-0.0505566	
59	0.000163465	0.00996832	0	-1.05e+06	0	-0.0522127	
60	0.000163112	0.0101318	0	-1.05e+06	0	-0.053892	
61	0.00016276	0.0102949	0	-1.05e+06	0	-0.0555941	
62	0.000162411	0.0104577	0	-1.05e+06	0	-0.0573189	
63	0.000162064	0.0106201	0	-1.05e+06	0	-0.0590663	
64	0.000161718	0.0107821	0	-1.05e+06	0	-0.0608361	
65	0.000161375	0.0109439	0	-1.05e+06	0	-0.0626282	
66	0.000161033	0.0111052	0	-1.05e+06	0	-0.0644424	
67	0.000160694	0.0112663	0	-1.05e+06	0	-0.0662787	
68	0.000160356	0.011427	0	-1.05e+06	0	-0.0681368	
69	0.00016002	0.0115873	0	-1.05e+06	0	-0.0700166	
70	0.000159686	0.0117473	0	-1.05e+06	0	-0.071918	
71	0.000159355	0.011907	0	-1.05e+06	0	-0.0738408	
72	0.000159025	0.0120664	0	-1.05e+06	0	-0.075785	
73	0.000158698	0.0122254	0	-1.05e+06	0	-0.0777503	
74	0.000158373	0.0123841	0	-1.05e+06	0	-0.0797367	
75	0.000158051	0.0125425	0	-1.05e+06	0	-0.081744	
76	0.000157731	0.0127005	0	-1.05e+06	0	-0.0837722	
77	0.000157415	0.0128583	0	-1.05e+06	0	-0.085821	
78	0.000157102	0.0130157	0	-1.05e+06	0	-0.0878905	
79	0.000156792	0.0131728	0	-1.05e+06	0	-0.0899804	
80	0.000156486	0.0133296	0	-1.05e+06	0	-0.0920908	
81	0.000156184	0.013486	0	-1.05e+06	0	-0.0942215	
82	0.000155886	0.0136422	0	-1.05e+06	0	-0.0963724	
83	0.000155594	0.0137981	0	-1.05e+06	0	-0.0985436	
84	0.000155307	0.0139537	0	-1.05e+06	0	-0.100735	
85	0.000155025	0.014109	0	-1.05e+06	0	-0.102946	
86	0.000154751	0.014264	0	-1.05e+06	0	-0.105177	
87	0.000154483	0.0144188	0	-1.05e+06	0	-0.107429	
88	0.000154223	0.0145733	0	-1.05e+06	0	-0.1097	
89	0.000153971	0.0147275	0	-1.05e+06	0	-0.111991	
90	0.000153728	0.0148815	0	-1.05e+06	0	-0.114303	
91	0.000153495	0.0150352	0	-1.05e+06	0	-0.116634	
92	0.000153272	0.0151887	0	-1.05e+06	0	-0.118986	
93	0.00015306	0.015342	0	-1.05e+06	0	-0.121357	
94	0.00015286	0.015495	0	-1.05e+06	0	-0.123749	
95	0.000152673	0.0156479	0	-1.05e+06	0	-0.126161	
96	0.000152498	0.0158006	0	-1.05e+06	0	-0.128594	
97	0.000152338	0.0159531	0	-1.05e+06	0	-0.131048	
98	0.000152191	0.0161054	0	-1.05e+06	0	-0.133522	
99	0.00015206	0.0162576	0	-1.05e+06	0	-0.136017	
100	0.000151944	0.0164096	0	-1.05e+06	0	-0.138534	
101	0.000151843	0.0165616	0	-1.05e+06	0	-0.141071	
102	0.000151758	0.0167134	0	-1.05e+06	0	-0.143631	
103	0.00015169	0.0168652	0	-1.05e+06	0	-0.146212	
104	0.000151637	0.0170169	0	-1.05e+06	0	-0.148816	
105	0.000151601	0.0171685	0	-1.05e+06	0	-0.151441	
106	0.00015158	0.0173201	0	-1.05e+06	0	-0.15409	
107	0.000151574	0.0174717	0	-1.05e+06	0	-0.156761	
108	0.000151583	0.0176233	0	-1.05e+06	0	-0.159455	
109	0.000151606	0.0177749	0	-1.05e+06	0	-0.162173	
110	0.000151642	0.0179265	0	-1.05e+06	0	-0.164914	
111	0.00015169	0.0180781	0	-1.05e+06	0	-0.16768	
112	0.000151749	0.0182298	0	-1.05e+06	0	-0.170469	
113	0.000151818	0.0183815	0	-1.05e+06	0	-0.173283	
114	0.000151896	0.0185334	0	-1.05e+06	0	-0.176121	
115	0.000151981	0.0186853	0	-1.05e+06	0	-0.178984	
116	0.000152071	0.0188372	0	-1.05e+06	0	-0.181872	
117	0.000152166	0.0189893	0	-1.05e+06	0	-0.184784	
118	0.000152264	0.0191415	0	-1.05e+06	0	-0.187722	
119	0.000152364	0.0192937	0	-1.05e+06	0	-0.190685	
120	0.00015244	0.0194461	0	-1.05e+06	0	-0.193673	
121	0.000152508	0.0195985	0	-1.05e+06	0	-0.196685	
122	0.000152585	0.019751	0	-1.05e+06	0	-0.199722	
123	0.000152671	0.0199036	0	-1.05e+06	0	-0.202784	
124	0.000152765	0.0200563	0	-1.05e+06	0	-0.205871	
125	0.000152867	0.0202091	0	-1.05e+06	0	-0.208984	
126	0.000152978	0.0203619	0	-1.05e+06	0	-0.212122	
127	0.000153096	0.0205149	0	-1.05e+06	0	-0.215286	
128	0.00015322	0.020668	0	-1.05e+06	0	-0.218476	
129	0.000153331	0.0208212	0	-1.05e+06	0	-0.221692	
130	0.000153425	0.0209746	0	-1.05e+06	0	-0.224934	
131	0.000153522	0.021128	0	-1.05e+06	0	-0.228201	
132	0.000153622	0.0212815	0	-1.05e+06	0	-0.231494	
133	0.000153726	0.0214351	0	-1.05e+06	0	-0.234813	
134	0.000153835	0.0215889	0	-1.05e+06	0	-0.238157	
135	0.000153951	0.0217427	0	-1.05e+06	0	-0.241528	
136	0.000154073	0.0218966	0	-1.05e+06	0	-0.244926	
137	0.000154202	0.0220507	0	-1.05e+06	0	-0.24835	
138	0.000154338	0.0222049	0	-1.05e+06	0	-0.2518	
139	0.000154481	0.0223593	0	-1.05e+06	0	-0.255278	
140	0.00015463	0.0225137	0	-1.05e+06	0	-0.258783	
141	0.000154763	0.0226684	0	-1.05e+06	0	-0.262315	
142	0.000154893	0.0228231	0	-1.05e+06	0	-0.265874	
143	0.000155026	0.022978	0	-1.05e+06	0	-0.26946	
144	0.000155159	0.023133	0	-1.05e+06	0	-0.273073	
145	0.00015525	0.0232882	0	-1.05e+06	0	-0.276712	
146	0.000155343	0.0234435	0	-1.05e+06	0	-0.280377	
147	0.000155439	0.0235988	0	-1.05e+06	0	-0.284068	
148	0.000155539	0.0237542	0	-1.05e+06	0	-0.287786	
149	0.000155644	0.0239098	0	-1.05e+06	0	-0.29153	
150	0.000155753	0.0240654	0	-1.05e+06	0	-0.2953	
151	0.000155867	0.0242212	0	-1.05e+06	0	-0.299097	
152	0.000155986	0.024377	0	-1.05e+06	0	-0.302921	
153	0.000156109	0.024533	0	-1.05e+06	0	-0.306772	
154	0.000156236	0.0246891	0	-1.05e+06	0	-0.310649	
155	0.000156365	0.0248454	0	-1.05e+06	0	-0.314553	
156	0.000156496	0.0250017	0	-1.05e+06	0	-0.318484	
157	0.000156606	0.0251582	0	-1.05e+06	0	-0.32244	
158	0.00015668	0.0253148	0	-1.05e+06	0	-0.326422	
159	0.000156756	0.0254715	0	-1.05e+06	0	-0.330428	
160	0.000156835	0.0256283	0	-1.05e+06	0	-0.334459	
161	0.000156918	0.0257851	0	-1.05e+06	0	-0.338514	
162	0.000157007	0.025942	0	-1.05e+06	0	-0.342593	
163	0.000157102	0.026099	0	-1.05e+06	0	-0.346697	
164	0.000157199	0.0262561	0	-1.05e+06	0	-0.350823	
165	0.000157296	0.0264133	0	-1.05e+06	0	-0.354973	
166	0.00015739	0.0265706	0	-1.05e+06	0	-0.359146	
167	0.000157483	0.026728	0	-1.05e+06	0	-0.36334	
168	0.000157582	0.0268855	0	-1.05e+06	0	-0.367556	
169	0.000157685	0.0270431	0	-1.05e+06	0	-0.371793	
170	0.000157794	0.0272008	0	-1.05e+06	0	-0.37605	
171	0.000157904	0.0273586	0	-1.05e+06	0	-0.380327	
172	0.000157973	0.0275165	0	-1.05e+06	0	-0.384621	
173	0.000158048	0.0276744	0	-1.05e+06	0	-0.388933	
174	0.000158128	0.0278325	0	-1.05e+06	0	-0.39326	
175	0.000158214	0.0279906	0	-1.05e+06	0	-0.397603	
176	0.000158307	0.0281488	0	-1.05e+06	0	-0.401961	
177	0.000158405	0.0283071	0	-1.05e+06	0	-0.406332	
178	0.000158482	0.0284655	0	-1.05e+06	0	-0.410716	
179	0.00015856	0.028624	0	-1.05e+06	0	-0.415111	
180	0.000158646	0.0287826	0	-1.05e+06	0	-0.419515	
181	0.000158737	0.0289412	0	-1.05e+06	0	-0.42393	
182	0.000158835	0.0291	0	-1.05e+06	0	-0.428353	
183	0.000158938	0.0292588	0	-1.05e+06	0	-0.432783	
184	0.000159017	0.0294177	0	-1.05e+06	0	-0.437219	
185	0.000159089	0.0295768	0	-1.05e+06	0	-0.44166	
186	0.000159167	0.0297359	0	-1.05e+06	0	-0.446106	
187	0.000159252	0.029895	0	-1.05e+06	0	-0.450554	
188	0.000159342	0.0300543	0	-1.05e+06	0	-0.455005	
189	0.000159438	0.0302136	0	-1.05e+06	0	-0.459458	
190	0.000159518	0.030373	0	-1.05e+06	0	-0.463913	
191	0.000159589	0.0305326	0	-1.05e+06	0	-0.468367	
192	0.000159666	0.0306922	0	-1.05e+06	0	-0.472821	
193	0.000159748	0.0308518	0	-1.05e+06	0	-0.477274	
194	0.000159834	0.0310116	0	-1.05e+06	0	-0.481726	
195	0.000159924	0.0311714	0	-1.05e+06	0	-0.486177	
196	0.000160016	0.0313313	0	-1.05e+06	0	-0.490627	
197	0.000160085	0.0314913	0	-1.05e+06	0	-0.495075	
198	0.000160154	0.0316514	0	-1.05e+06	0	-0.499521	
199	0.000160227	0.0318116	0	-1.05e+06	0	-0.503965	
200	0.000160293	0.0319718	0	-1.05e+06	0	-0.508407	
201	0.000160338	0.0321321	0	-1.05e+06	0	-0.512847	
202	0.000160387	0.0322924	0	-1.05e+06	0	-0.517285	
203	0.000160435	0.0324528	0	-1.05e+06	0	-0.521722	
204	0.000160479	0.0326133	0	-1.05e+06	0	-0.526157	
205	0.000160523	0.0327737	0	-1.05e+06	0	-0.530593	
206	0.000160565	0.0329343	0	-1.05e+06	0	-0.535028	
207	0.00016058	0.0330948	0	-1.05e+06	0	-0.539464	
208	0.000160592	0.0332554	0	-1.05e+06	0	-0.5439	
209	0.000160578	0.033416	0	-1.05e+06	0	-0.548338	
210	0.000160542	0.0335766	0	-1.05e+06	0	-0.552776	
211	0.000160504	0.0337371	0	-1.05e+06	0	-0.557217	
212	0.00016046	0.0338976	0	-1.05e+06	0	-0.561661	
213	0.000160411	0.0340581	0	-1.05e+06	0	-0.566109	
214	0.000160363	0.0342185	0	-1.05e+06	0	-0.570562	
215	0.000160317	0.0343789	0	-1.05e+06	0	-0.575021	
216	0.000160272	0.0345392	0	-1.05e+06	0	-0.579488	
217	0.000160228	0.0346994	0	-1.05e+06	0	-0.583963	
218	0.000160185	0.0348597	0	-1.05e+06	0	-0.588448	
219	0.000160143	0.0350199	0	-1.05e+06	0	-0.592944	
220	0.000160103	0.03518	0	-1.05e+06	0	-0.597452	
221	0.000160062	0.0353401	0	-1.05e+06	0	-0.601973	
222	0.000160022	0.0355002	0	-1.05e+06	0	-0.606509	
223	0.000159982	0.0356602	0	-1.05e+06	0	-0.61106	
224	0.000159942	0.0358202	0	-1.05e+06	0	-0.615627	
225	0.000159902	0.0359801	0	-1.05e+06	0	-0.620212	
226	0.000159847	0.03614	0	-1.05e+06	0	-0.624815	
227	0.000159785	0.0362999	0	-1.05e+06	0	-0.629437	
228	0.000159726	0.0364597	0	-1.05e+06	0	-0.634077	
229	0.00015967	0.0366194	0	-1.05e+06	0	-0.638738	
230	0.000159617	0.036779	0	-1.05e+06	0	-0.64342	
231	0.000159568	0.0369387	0	-1.05e+06	0	-0.648123	
232	0.000159523	0.0370982	0	-1.05e+06	0	-0.652848	
233	0.000159481	0.0372578	0	-1.05e+06	0	-0.657595	
234	0.000159441	0.0374172	0	-1.05e+06	0	-0.662365	
235	0.000159404	0.0375767	0	-1.05e+06	0	-0.667157	
236	0.000159367	0.0377361	0	-1.05e+06	0	-0.671972	
237	0.000159329	0.0378954	0	-1.05e+06	0	-0.676809	
238	0.000159289	0.0380548	0	-1.05e+06	0	-0.681669	
239	0.000159218	0.0382141	0	-1.05e+06	0	-0.686549	
240	0.000159127	0.0383733	0	-1.05e+06	0	-0.69145	
241	0.000159017	0.0385324	0	-1.05e+06	0	-0.696369	
242	0.000158912	0.0386914	0	-1.05e+06	0	-0.701306	
243	0.000158814	0.0388503	0	-1.05e+06	0	-0.706261	
244	0.000158722	0.0390092	0	-1.05e+06	0	-0.711234	
245	0.000158637	0.0391679	0	-1.05e+06	0	-0.716224	
246	0.000158558	0.0393265	0	-1.05e+06	0	-0.72123	
247	0.000158484	0.0394851	0	-1.05e+06	0	-0.726252	
248	0.00015841	0.0396436	0	-1.05e+06	0	-0.731289	
249	0.00015832	0.039802	0	-1.05e+06	0	-0.73634	
250	0.00015823	0.0399603	0	-1.05e+06	0	-0.741404	
251	0.000158141	0.0401185	0	-1.05e+06	0	-0.746481	
252	0.000158054	0.0402767	0	-1.05e+06	0	-0.751571	
253	0.000157968	0.0404347	0	-1.05e+06	0	-0.756672	
254	0.000157884	0.0405927	0	-1.05e+06	0	-0.761785	
255	0.000157795	0.0407506	0	-1.05e+06	0	-0.766909	
256	0.000157702	0.0409084	0	-1.05e+06	0	-0.772043	
257	0.000157609	0.0410661	0	-1.05e+06	0	-0.777187	
258	0.000157521	0.0412237	0	-1.05e+06	0	-0.782342	
259	0.00015743	0.0413812	0	-1.05e+06	0	-0.787507	
260	0.000157331	0.0415386	0	-1.05e+06	0	-0.792682	
261	0.000157234	0.0416959	0	-1.05e+06	0	-0.797867	
262	0.000157138	0.0418532	0	-1.05e+06	0	-0.803063	
263	0.000157019	0.0420103	0	-1.05e+06	0	-0.808268	
264	0.0001569	0.0421673	0	-1.05e+06	0	-0.813483	
265	0.000156785	0.0423242	0	-1.05e+06	0	-0.818708	
266	0.000156675	0.042481	0	-1.05e+06	0	-0.823944	
267	0.000156571	0.0426377	0	-1.05e+06	0	-0.829192	
268	0.000156475	0.0427943	0	-1.05e+06	0	-0.834451	
269	0.000156383	0.0429507	0	-1.05e+06	0	-0.839723	
270	0.000156296	0.0431071	0	-1.05e+06	0	-0.845008	
271	0.000156214	0.0432634	0	-1.05e+06	0	-0.850306	
272	0.000156132	0.0434196	0	-1.05e+06	0	-0.855617	
273	0.000156047	0.0435758	0	-1.05e+06	0	-0.860943	
274	0.000155966	0.0437318	0	-1.05e+06	0	-0.866282	
275	0.000155888	0.0438878	0	-1.05e+06	0	-0.871635	
276	0.000155813	0.0440437	0	-1.05e+06	0	-0.877003	
277	0.000155719	0.0441995	0	-1.05e+06	0	-0.882384	
278	0.000155621	0.0443552	0	-1.05e+06	0	-0.887779	
279	0.000155509	0.0445108	0	-1.05e+06	0	-0.893186	
280	0.000155399	0.0446663	0	-1.05e+06	0	-0.898606	
281	0.000155293	0.0448217	0	-1.05e+06	0	-0.904039	
282	0.000155098	0.044977	0	-1.05e+06	0	-0.90948	
283	0.000154812	0.0451321	0	-1.05e+06	0	-0.914927	
284	0.000154534	0.0452869	0	-1.05e+06	0	-0.92038	
285	0.000154263	0.0454415	0	-1.05e+06	0	-0.925837	
286	0.000154001	0.0455957	0	-1.05e+06	0	-0.931298	
287	0.000153749	0.0457497	0	-1.05e+06	0	-0.936765	
288	0.000153505	0.0459035	0	-1.05e+06	0	-0.942235	
289	0.000153272	0.046057	0	-1.05e+06	0	-0.94771	
290	0.000153048	0.0462103	0	-1.05e+06	0	-0.953188	
291	0.000152833	0.0463633	0	-1.05e+06	0	-0.95867	
292	0.000152628	0.0465161	0	-1.05e+06	0	-0.964155	
293	0.000152431	0.0466688	0	-1.05e+06	0	-0.969643	
294	0.000152243	0.0468212	0	-1.05e+06	0	-0.975134	
295	0.000152062	0.0469734	0	-1.05e+06	0	-0.980628	
296	0.000151887	0.0471255	0	-1.05e+06	0	-0.986124	
297	0.000151717	0.0472774	0	-1.05e+06	0	-0.991623	
298	0.000151552	0.0474291	0	-1.05e+06	0	-0.997123	
299	0.000151385	0.0475807	0	-1.05e+06	0	-1.00263	
300	0.000151189	0.047732	0	-1.05e+06	0	-1.00813	
301	0.00015097	0.0478832	0	-1.05e+06	0	-1.01363	
302	0.000150744	0.0480342	0	-1.05e+06	0	-1.01913	
303	0.000150523	0.0481849	0	-1.05e+06	0	-1.02463	
304	0.000150309	0.0483355	0	-1.05e+06	0	-1.03012	
305	0.000150102	0.0484858	0	-1.05e+06	0	-1.03562	
306	0.000149903	0.0486359	0	-1.05e+06	0	-1.04111	
307	0.000149714	0.0487858	0	-1.05e+06	0	-1.0466	
308	0.000149533	0.0489355	0	-1.05e+06	0	-1.05209	
309	0.00014936	0.049085	0	-1.05e+06	0	-1.05758	
310	0.000149197	0.0492344	0	-1.05e+06	0	-1.06306	
311	0.000149042	0.0493836	0	-1.05e+06	0	-1.06855	
312	0.000148895	0.0495326	0	-1.05e+06	0	-1.07403	
313	0.000148754	0.0496815	0	-1.05e+06	0	-1.07951	
314	0.000148591	0.0498303	0	-1.05e+06	0	-1.08498	
315	0.000148421	0.0499789	0	-1.05e+06	0	-1.09045	
316	0.000148255	0.0501273	0	-1.05e+06	0	-1.09592	
317	0.00014809	0.0502755	0	-1.05e+06	0	-1.10138	
318	0.000147889	0.0504236	0	-1.05e+06	0	-1.10683	
319	0.000147693	0.0505715	0	-1.05e+06	0	-1.11227	
320	0.000147503	0.0507192	0	-1.05e+06	0	-1.11771	
321	0.00014732	0.0508667	0	-1.05e+06	0	-1.12313	
322	0.000147144	0.051014	0	-1.05e+06	0	-1.12854	
323	0.000146977	0.0511612	0	-1.05e+06	0	-1.13394	
324	0.00014682	0.0513082	0	-1.05e+06	0	-1.13933	
325	0.000146673	0.051455	0	-1.05e+06	0	-1.14471	
326	0.000146535	0.0516017	0	-1.05e+06	0	-1.15008	
327	0.000146408	0.0517482	0	-1.05e+06	0	-1.15543	
328	0.00014629	0.0518946	0	-1.05e+06	0	-1.16076	
329	0.000146182	0.0520409	0	-1.05e+06	0	-1.16608	
330	0.000146082	0.0521871	0	-1.05e+06	0	-1.17138	
331	0.000145991	0.0523332	0	-1.05e+06	0	-1.17667	
332	0.000145906	0.0524791	0	-1.05e+06	0	-1.18194	
333	0.000145826	0.052625	0	-1.05e+06	0	-1.18718	
334	0.000145751	0.0527709	0	-1.05e+06	0	-1.19241	
335	0.00014568	0.0529166	0	-1.05e+06	0	-1.19762	
336	0.000145584	0.0530623	0	-1.05e+06	0	-1.2028	
337	0.000145485	0.0532079	0	-1.05e+06	0	-1.20796	
338	0.000145391	0.0533534	0	-1.05e+06	0	-1.21309	
339	0.0001453	0.0534988	0	-1.05e+06	0	-1.21819	
340	0.000145215	0.0536441	0	-1.05e+06	0	-1.22327	
341	0.000145133	0.0537893	0	-1.05e+06	0	-1.22832	
342	0.000145057	0.0539344	0	-1.05e+06	0	-1.23334	
343	0.000144985	0.0540795	0	-1.05e+06	0	-1.23833	
344	0.000144917	0.0542245	0	-1.05e+06	0	-1.24329	
345	0.000144854	0.0543694	0	-1.05e+06	0	-1.24821	
346	0.000144794	0.0545142	0	-1.05e+06	0	-1.25311	
347	0.000144737	0.054659	0	-1.05e+06	0	-1.25797	
348	0.000144667	0.0548038	0	-1.05e+06	0	-1.26279	
349	0.000144581	0.0549484	0	-1.05e+06	0	-1.26758	
350	0.000144497	0.055093	0	-1.05e+06	0	-1.27233	
351	0.000144416	0.0552375	0	-1.05e+06	0	-1.27704	
352	0.00014434	0.0553819	0	-1.05e+06	0	-1.28172	
353	0.000144269	0.0555263	0	-1.05e+06	0	-1.28635	
354	0.000144205	0.0556705	0	-1.05e+06	0	-1.29095	
355	0.000144147	0.0558147	0	-1.05e+06	0	-1.29551	
356	0.000144097	0.0559589	0	-1.05e+06	0	-1.30002	
357	0.000144055	0.056103	0	-1.05e+06	0	-1.3045	
358	0.00014402	0.056247	0	-1.05e+06	0	-1.30893	
359	0.000143993	0.056391	0	-1.05e+06	0	-1.31333	
360	0.000143973	0.056535	0	-1.05e+06	0	-1.31768	
361	0.000143959	0.056679	0	-1.05e+06	0	-1.32199	
362	0.000143951	0.056823	0	-1.05e+06	0	-1.32626	
363	0.000143948	0.0569669	0	-1.05e+06	0	-1.33049	
364	0.000143948	0.0571109	0	-1.05e+06	0	-1.33467	
365	0.000143951	0.0572548	0	-1.05e+06	0	-1.33881	
366	0.000143956	0.0573988	0	-1.05e+06	0	-1.34291	
367	0.000143946	0.0575427	0	-1.05e+06	0	-1.34697	
368	0.000143928	0.0576867	0	-1.05e+06	0	-1.35098	
369	0.000143914	0.0578306	0	-1.05e+06	0	-1.35495	
370	0.000143904	0.0579745	0	-1.05e+06	0	-1.35887	
371	0.000143899	0.0581184	0	-1.05e+06	0	-1.36276	
372	0.000143897	0.0582623	0	-1.05e+06	0	-1.3666	
373	0.000143883	0.0584062	0	-1.05e+06	0	-1.3704	
374	0.000143871	0.0585501	0	-1.05e+06	0	-1.37415	
375	0.000143855	0.058694	0	-1.05e+06	0	-1.37787	
376	0.000143837	0.0588378	0	-1.05e+06	0	-1.38154	
377	0.000143821	0.0589817	0	-1.05e+06	0	-1.38517	
378	0.000143807	0.0591255	0	-1.05e+06	0	-1.38875	
379	0.000143794	0.0592693	0	-1.05e+06	0	-1.3923	
380	0.000143772	0.0594131	0	-1.05e+06	0	-1.39581	
381	0.000143744	0.0595569	0	-1.05e+06	0	-1.39928	
382	0.000143718	0.0597006	0	-1.05e+06	0	-1.40271	
383	0.000143695	0.0598443	0	-1.05e+06	0	-1.4061	
384	0.000143675	0.059988	0	-1.05e+06	0	-1.40945	
385	0.000143658	0.0601317	0	-1.05e+06	0	-1.41276	
386	0.000143645	0.0602753	0	-1.05e+06	0	-1.41604	
387	0.000143636	0.060419	0	-1.05e+06	0	-1.41928	
388	0.00014363	0.0605626	0	-1.05e+06	0	-1.42249	
389	0.000143628	0.0607063	0	-1.05e+06	0	-1.42566	
390	0.000143628	0.0608499	0	-1.05e+06	0	-1.4288	
391	0.00014361	0.0609935	0	-1.05e+06	0	-1.4319	
392	0.000143591	0.0611371	0	-1.05e+06	0	-1.43497	
393	0.000143575	0.0612807	0	-1.05e+06	0	-1.43801	
394	0.000143563	0.0614243	0	-1.05e+06	0	-1.44102	
395	0.000143555	0.0615679	0	-1.05e+06	0	-1.44399	
396	0.000143551	0.0617114	0	-1.05e+06	0	-1.44694	
397	0.000143553	0.061855	0	-1.05e+06	0	-1.44986	
398	0.00014356	0.0619985	0	-1.05e+06	0	-1.45274	
399	0.000143571	0.0621421	0	-1.05e+06	0	-1.4556	
400	0.000143588	0.0622856	0	-1.05e+06	0	-1.45843	
401	0.000143609	0.0624292	0	-1.05e+06	0	-1.46124	
402	0.000143635	0.0625728	0	-1.05e+06	0	-1.46402	
403	0.000143664	0.0627165	0	-1.05e+06	0	-1.46677	
404	0.000143696	0.0628601	0	-1.05e+06	0	-1.46949	
405	0.00014372	0.0630038	0	-1.05e+06	0	-1.47219	
406	0.000143738	0.0631476	0	-1.05e+06	0	-1.47486	
407	0.00014376	0.0632913	0	-1.05e+06	0	-1.47751	
408	0.000143788	0.0634351	0	-1.05e+06	0	-1.48013	
409	0.000143822	0.0635788	0	-1.05e+06	0	-1.48273	
410	0.000143862	0.0637227	0	-1.05e+06	0	-1.4853	
411	0.000143908	0.0638665	0	-1.05e+06	0	-1.48785	
412	0.000143962	0.0640104	0	-1.05e+06	0	-1.49038	
413	0.000144022	0.0641544	0	-1.05e+06	0	-1.49288	
414	0.00014409	0.0642984	0	-1.05e+06	0	-1.49535	
415	0.000144164	0.0644425	0	-1.05e+06	0	-1.49781	
416	0.000144246	0.0645867	0	-1.05e+06	0	-1.50024	
417	0.000144335	0.0647309	0	-1.05e+06	0	-1.50265	
418	0.00014443	0.0648752	0	-1.05e+06	0	-1.50503	
419	0.000144531	0.0650197	0	-1.05e+06	0	-1.50739	
420	0.000144639	0.0651642	0	-1.05e+06	0	-1.50973	
421	0.000144747	0.0653088	0	-1.05e+06	0	-1.51204	
422	0.000144855	0.0654536	0	-1.05e+06	0	-1.51433	
423	0.000144968	0.0655984	0	-1.05e+06	0	-1.5166	
424	0.000145087	0.0657434	0	-1.05e+06	0	-1.51884	
425	0.00014521	0.0658885	0	-1.05e+06	0	-1.52106	
426	0.000145338	0.0660337	0	-1.05e+06	0	-1.52326	
427	0.00014547	0.0661791	0	-1.05e+06	0	-1.52544	
428	0.000145603	0.0663245	0	-1.05e+06	0	-1.52759	
429	0.000145724	0.0664701	0	-1.05e+06	0	-1.52972	
430	0.000145835	0.0666159	0	-1.05e+06	0	-1.53182	
431	0.00014592	0.0667617	0	-1.05e+06	0	-1.5339	
432	0.000145957	0.0669076	0	-1.05e+06	0	-1.53596	
433	0.000145958	0.0670536	0	-1.05e+06	0	-1.53799	
434	0.000145963	0.0671995	0	-1.05e+06	0	-1.54	
435	0.000145974	0.0673455	0	-1.05e+06	0	-1.54198	
436	0.000145991	0.0674915	0	-1.05e+06	0	-1.54394	
437	0.000146016	0.0676374	0	-1.05e+06	0	-1.54588	
438	0.000146049	0.0677835	0	-1.05e+06	0	-1.54779	
439	0.00014609	0.0679295	0	-1.05e+06	0	-1.54968	
440	0.000146139	0.0680756	0	-1.05e+06	0	-1.55155	
441	0.000146195	0.0682217	0	-1.05e+06	0	-1.55339	
442	0.000146259	0.0683679	0	-1.05e+06	0	-1.55522	
443	0.00014633	0.0685142	0	-1.05e+06	0	-1.55702	
444	0.000146395	0.0686605	0	-1.05e+06	0	-1.55881	
445	0.000146452	0.0688069	0	-1.05e+06	0	-1.56057	
446	0.000146512	0.0689534	0	-1.05e+06	0	-1.56231	
447	0.000146575	0.0690999	0	-1.05e+06	0	-1.56403	
448	0.000146611	0.0692465	0	-1.05e+06	0	-1.56574	
449	0.000146637	0.0693931	0	-1.05e+06	0	-1.56742	
450	0.000146666	0.0695397	0	-1.05e+06	0	-1.56909	
451	0.000146698	0.0696864	0	-1.05e+06	0	-1.57074	
452	0.000146731	0.0698331	0	-1.05e+06	0	-1.57237	
453	0.000146767	0.0699798	0	-1.05e+06	0	-1.57398	
454	0.000146798	0.0701266	0	-1.05e+06	0	-1.57558	
455	0.000146829	0.0702734	0	-1.05e+06	0	-1.57717	
456	0.000146862	0.0704202	0	-1.05e+06	0	-1.57873	
457	0.000146899	0.0705671	0	-1.05e+06	0	-1.58028	
458	0.000146936	0.070714	0	-1.05e+06	0	-1.58182	
459	0.000146973	0.0708609	0	-1.05e+06	0	-1.58335	
460	0.000147012	0.0710079	0	-1.05e+06	0	-1.58486	
461	0.000147054	0.0711549	0	-1.05e+06	0	-1.58635	
462	0.000147098	0.0713019	0	-1.05e+06	0	-1.58784	
463	0.000147143	0.071449	0	-1.05e+06	0	-1.58931	
464	0.000147189	0.0715962	0	-1.05e+06	0	-1.59077	
465	0.000147235	0.0717434	0	-1.05e+06	0	-1.59222	
466	0.000147279	0.0718906	0	-1.05e+06	0	-1.59366	
467	0.000147315	0.0720379	0	-1.05e+06	0	-1.59509	
468	0.000147345	0.0721852	0	-1.05e+06	0	-1.59651	
469	0.000147375	0.0723325	0	-1.05e+06	0	-1.59792	
470	0.000147392	0.0724799	0	-1.05e+06	0	-1.59932	
471	0.000147407	0.0726273	0	-1.05e+06	0	-1.60071	
472	0.000147425	0.0727747	0	-1.05e+06	0	-1.6021	
473	0.000147445	0.0729221	0	-1.05e+06	0	-1.60347	
474	0.000147467	0.0730696	0	-1.05e+06	0	-1.60484	
475	0.000147492	0.073217	0	-1.05e+06	0	-1.6062	
476	0.00014752	0.0733645	0	-1.05e+06	0	-1.60755	
477	0.00014755	0.0735121	0	-1.05e+06	0	-1.6089	
478	0.000147583	0.0736596	0	-1.05e+06	0	-1.61024	
479	0.000147512	0.0738072	0	-1.05e+06	0	-1.61157	
480	0.000147444	0.0739547	0	-1.05e+06	0	-1.6129	
481	0.000147379	0.0741022	0	-1.05e+06	0	-1.61422	
482	0.000147316	0.0742495	0	-1.05e+06	0	-1.61553	
483	0.000147258	0.0743968	0	-1.05e+06	0	-1.61684	
484	0.000147188	0.0745441	0	-1.05e+06	0	-1.61815	
485	0.000147109	0.0746913	0	-1.05e+06	0	-1.61945	
486	0.000147034	0.0748384	0	-1.05e+06	0	-1.62074	
487	0.000146948	0.0749854	0	-1.05e+06	0	-1.62204	
488	0.000146851	0.0751324	0	-1.05e+06	0	-1.62332	
489	0.000146745	0.0752792	0	-1.05e+06	0	-1.62461	
490	0.000146639	0.075426	0	-1.05e+06	0	-1.62589	
491	0.000146514	0.0755726	0	-1.05e+06	0	-1.62716	
492	0.00014637	0.0757191	0	-1.05e+06	0	-1.62844	
493	0.000146227	0.0758655	0	-1.05e+06	0	-1.6297	
494	0.000146087	0.0760117	0	-1.05e+06	0	-1.63097	
495	0.000145951	0.0761578	0	-1.05e+06	0	-1.63224	
496	0.000145822	0.0763038	0	-1.05e+06	0	-1.6335	
497	0.000145701	0.0764496	0	-1.05e+06	0	-1.63476	
498	0.000145588	0.0765953	0	-1.05e+06	0	-1.63601	
499	0.000145484	0.0767409	0	-1.05e+06	0	-1.63727	
500	0.00014539	0.0768864	0	-1.05e+06	0	-1.63852	
501	0.000145307	0.0770318	0	-1.05e+06	0	-1.63977	
502	0.000145233	0.0771771	0	-1.05e+06	0	-1.64102	
503	0.00014517	0.0773223	0	-1.05e+06	0	-1.64227	
504	0.000145116	0.0774675	0	-1.05e+06	0	-1.64352	
505	0.00014507	0.0776126	0	-1.05e+06	0	-1.64476	
506	0.000145032	0.0777576	0	-1.05e+06	0	-1.64601	
507	0.000145001	0.0779027	0	-1.05e+06	0	-1.64725	
508	0.000144974	0.0780477	0	-1.05e+06	0	-1.64849	
509	0.000144952	0.0781927	0	-1.05e+06	0	-1.64973	
510	0.000144909	0.0783376	0	-1.05e+06	0	-1.65097	
511	0.000144864	0.0784825	0	-1.05e+06	0	-1.65221	
512	0.000144824	0.0786274	0	-1.05e+06	0	-1.65344	
513	0.00014479	0.0787722	0	-1.05e+06	0	-1.65468	
514	0.000144761	0.078917	0	-1.05e+06	0	-1.65591	
515	0.000144732	0.0790618	0	-1.05e+06	0	-1.65714	
516	0.000144711	0.0792065	0	-1.05e+06	0	-1.65837	
517	0.000144699	0.0793512	0	-1.05e+06	0	-1.65959	
518	0.000144695	0.0794959	0	-1.05e+06	0	-1.66082	
519	0.000144697	0.0796406	0	-1.05e+06	0	-1.66204	
520	0.000144699	0.0797853	0	-1.05e+06	0	-1.66326	
521	0.000144707	0.07993	0	-1.05e+06	0	-1.66447	
522	0.000144717	0.0800747	0	-1.05e+06	0	-1.66568	
523	0.000144708	0.0802194	0	-1.05e+06	0	-1.66689	
524	0.000144702	0.0803641	0	-1.05e+06	0	-1.6681	
525	0.000144703	0.0805088	0	-1.05e+06	0	-1.6693	
526	0.00014471	0.0806535	0	-1.05e+06	0	-1.6705	
527	0.000144726	0.0807982	0	-1.05e+06	0	-1.67169	
528	0.000144751	0.080943	0	-1.05e+06	0	-1.67288	
529	0.000144785	0.0810877	0	-1.05e+06	0	-1.67406	
530	0.000144829	0.0812325	0	-1.05e+06	0	-1.67524	
531	0.000144882	0.0813773	0	-1.05e+06	0	-1.67641	
532	0.000144945	0.0815222	0	-1.05e+06	0	-1.67758	
533	0.000145017	0.0816672	0	-1.05e+06	0	-1.67875	
534	0.000145096	0.0818122	0	-1.05e+06	0	-1.6799	
535	0.000145183	0.0819573	0	-1.05e+06	0	-1.68106	
536	0.000145275	0.0821024	0	-1.05e+06	0	-1.6822	
537	0.000145321	0.0822477	0	-1.05e+06	0	-1.68334	
538	0.000145362	0.082393	0	-1.05e+06	0	-1.68447	
539	0.000145406	0.0825384	0	-1.05e+06	0	-1.68559	
540	0.000145455	0.0826838	0	-1.05e+06	0	-1.68671	
541	0.000145508	0.0828293	0	-1.05e+06	0	-1.68782	
542	0.000145567	0.0829748	0	-1.05e+06	0	-1.68892	
543	0.000145632	0.0831203	0	-1.05e+06	0	-1.69001	
544	0.000145702	0.083266	0	-1.05e+06	0	-1.6911	
545	0.000145771	0.0834117	0	-1.05e+06	0	-1.69218	
546	0.000145836	0.0835574	0	-1.05e+06	0	-1.69324	
547	0.000145904	0.0837033	0	-1.05e+06	0	-1.69431	
548	0.000145966	0.0838492	0	-1.05e+06	0	-1.69536	
549	0.000146008	0.0839952	0	-1.05e+06	0	-1.6964	
550	0.00014605	0.0841412	0	-1.05e+06	0	-1.69744	
551	0.000146093	0.0842872	0	-1.05e+06	0	-1.69846	
552	0.000146137	0.0844333	0	-1.05e+06	0	-1.69948	
553	0.000146181	0.0845794	0	-1.05e+06	0	-1.70049	
554	0.000146223	0.0847256	0	-1.05e+06	0	-1.70149	
555	0.000146255	0.0848718	0	-1.05e+06	0	-1.70249	
556	0.000146289	0.0850181	0	-1.05e+06	0	-1.70348	
557	0.000146326	0.0851644	0	-1.05e+06	0	-1.70446	
558	0.000146366	0.0853107	0	-1.05e+06	0	-1.70543	
559	0.00014641	0.0854571	0	-1.05e+06	0	-1.70639	
560	0.000146456	0.0856035	0	-1.05e+06	0	-1.70735	
561	0.000146504	0.0857499	0	-1.05e+06	0	-1.7083	
562	0.000146555	0.0858965	0	-1.05e+06	0	-1.70925	
563	0.000146608	0.086043	0	-1.05e+06	0	-1.71019	
564	0.000146663	0.0861896	0	-1.05e+06	0	-1.71112	
565	0.00014672	0.0863363	0	-1.05e+06	0	-1.71205	
566	0.000146777	0.086483	0	-1.05e+06	0	-1.71297	
567	0.000146835	0.0866298	0	-1.05e+06	0	-1.71389	
568	0.000146885	0.0867766	0	-1.05e+06	0	-1.71481	
569	0.000146903	0.0869235	0	-1.05e+06	0	-1.71572	
570	0.000146922	0.0870704	0	-1.05e+06	0	-1.71662	
571	0.000146941	0.0872173	0	-1.05e+06	0	-1.71752	
572	0.000146963	0.0873643	0	-1.05e+06	0	-1.71842	
573	0.000146986	0.0875112	0	-1.05e+06	0	-1.71931	
574	0.000147012	0.0876582	0	-1.05e+06	0	-1.7202	
575	0.00014704	0.0878052	0	-1.05e+06	0	-1.72109	
576	0.000147071	0.0879523	0	-1.05e+06	0	-1.72197	
577	0.000147099	0.0880993	0	-1.05e+06	0	-1.72285	
578	0.000147124	0.0882464	0	-1.05e+06	0	-1.72372	
579	0.000147149	0.0883936	0	-1.05e+06	0	-1.72459	
580	0.000147175	0.0885407	0	-1.05e+06	0	-1.72546	
581	0.000147192	0.0886879	0	-1.05e+06	0	-1.72633	
582	0.00014718	0.0888351	0	-1.05e+06	0	-1.72719	
583	0.000147167	0.0889823	0	-1.05e+06	0	-1.72804	
584	0.000147126	0.0891294	0	-1.05e+06	0	-1.7289	
585	0.000147091	0.0892765	0	-1.05e+06	0	-1.72975	
586	0.000147063	0.0894236	0	-1.05e+06	0	-1.73059	
587	0.000147043	0.0895707	0	-1.05e+06	0	-1.73143	
588	0.000147031	0.0897177	0	-1.05e+06	0	-1.73227	
589	0.000147027	0.0898648	0	-1.05e+06	0	-1.7331	
590	0.000147032	0.0900118	0	-1.05e+06	0	-1.73393	
591	0.000147043	0.0901588	0	-1.05e+06	0	-1.73475	
592	0.000147063	0.0903059	0	-1.05e+06	0	-1.73557	
593	0.000147088	0.0904529	0	-1.05e+06	0	-1.73638	
594	0.000147119	0.0906	0	-1.05e+06	0	-1.73719	
595	0.000147155	0.0907471	0	-1.05e+06	0	-1.738	
596	0.000147195	0.0908943	0	-1.05e+06	0	-1.7388	
597	0.000147237	0.0910415	0	-1.05e+06	0	-1.73959	
598	0.000147282	0.0911887	0	-1.05e+06	0	-1.74037	
599	0.000147327	0.091336	0	-1.05e+06	0	-1.74116	
600	0.00014737	0.0914833	0	-1.05e+06	0	-1.74193	
601	0.000147413	0.0916307	0	-1.05e+06	0	-1.7427	
602	0.000147456	0.0917781	0	-1.05e+06	0	-1.74346	
603	0.0001475	0.0919256	0	-1.05e+06	0	-1.74421	
604	0.000147543	0.0920731	0	-1.05e+06	0	-1.74495	
605	0.000147585	0.0922206	0	-1.05e+06	0	-1.74569	
606	0.000147626	0.0923682	0	-1.05e+06	0	-1.74641	
607	0.000147663	0.0925158	0	-1.05e+06	0	-1.74713	
608	0.000147682	0.0926635	0	-1.05e+06	0	-1.74784	
609	0.000147672	0.0928112	0	-1.05e+06	0	-1.74853	
610	0.000147661	0.0929589	0	-1.05e+06	0	-1.74922	
611	0.000147651	0.0931065	0	-1.05e+06	0	-1.74989	
612	0.000147643	0.0932542	0	-1.05e+06	0	-1.75055	
613	0.000147635	0.0934018	0	-1.05e+06	0	-1.7512	
614	0.00014763	0.0935494	0	-1.05e+06	0	-1.75183	
615	0.00014762	0.0936971	0	-1.05e+06	0	-1.75245	
616	0.000147612	0.0938447	0	-1.05e+06	0	-1.75305	
617	0.000147605	0.0939923	0	-1.05e+06	0	-1.75364	
618	0.0001476	0.0941399	0	-1.05e+06	0	-1.75422	
619	0.000147596	0.0942875	0	-1.05e+06	0	-1.75477	
620	0.000147594	0.0944351	0	-1.05e+06	0	-1.75531	
621	0.000147593	0.0945827	0	-1.05e+06	0	-1.75583	
622	0.000147581	0.0947303	0	-1.05e+06	0	-1.75633	
623	0.000147566	0.0948779	0	-1.05e+06	0	-1.75682	
624	0.000147541	0.0950254	0	-1.05e+06	0	-1.75728	
625	0.000147514	0.095173	0	-1.05e+06	0	-1.75772	
626	0.000147473	0.0953205	0	-1.05e+06	0	-1.75813	
627	0.000147391	0.095468	0	-1.05e+06	0	-1.75853	
628	0.000147312	0.0956154	0	-1.05e+06	0	-1.7589	
629	0.000147234	0.0957627	0	-1.05e+06	0	-1.75925	
630	0.00014716	0.0959099	0	-1.05e+06	0	-1.75957	
631	0.000147089	0.0960571	0	-1.05e+06	0	-1.75987	
632	0.000147022	0.0962042	0	-1.05e+06	0	-1.76014	
633	0.000146959	0.0963512	0	-1.05e+06	0	-1.76038	
634	0.000146899	0.0964981	0	-1.05e+06	0	-1.7606	
635	0.000146844	0.096645	0	-1.05e+06	0	-1.76079	
636	0.000146791	0.0967919	0	-1.05e+06	0	-1.76095	
637	0.000146742	0.0969387	0	-1.05e+06	0	-1.76108	
638	0.000146687	0.0970854	0	-1.05e+06	0	-1.76118	
639	0.000146634	0.0972321	0	-1.05e+06	0	-1.76126	
640	0.000146582	0.0973787	0	-1.05e+06	0	-1.7613	
641	0.000146533	0.0975253	0	-1.05e+06	0	-1.76131	
642	0.000146485	0.0976718	0	-1.05e+06	0	-1.76128	
643	0.000146438	0.0978183	0	-1.05e+06	0	-1.76123	
644	0.000146348	0.0979648	0	-1.05e+06	0	-1.76115	
645	0.000146245	0.0981111	0	-1.05e+06	0	-1.76103	
646	0.000146142	0.0982574	0	-1.05e+06	0	-1.76088	
647	0.000146037	0.0984035	0	-1.05e+06	0	-1.76069	
648	0.000145932	0.0985495	0	-1.05e+06	0	-1.76048	
649	0.000145829	0.0986955	0	-1.05e+06	0	-1.76023	
650	0.000145729	0.0988413	0	-1.05e+06	0	-1.75994	
651	0.000145632	0.098987	0	-1.05e+06	0	-1.75963	
652	0.000145538	0.0991327	0	-1.05e+06	0	-1.75928	
653	0.000145447	0.0992782	0	-1.05e+06	0	-1.75889	
654	0.000145359	0.0994237	0	-1.05e+06	0	-1.75848	
655	0.000145274	0.099569	0	-1.05e+06	0	-1.75803	
656	0.000145192	0.0997143	0	-1.05e+06	0	-1.75754	
657	0.000145112	0.0998595	0	-1.05e+06	0	-1.75703	
658	0.000145029	0.100005	0	-1.05e+06	0	-1.75648	
659	0.000144939	0.10015	0	-1.05e+06	0	-1.75589	
660	0.000144849	0.100295	0	-1.05e+06	0	-1.75528	
661	0.000144749	0.100439	0	-1.05e+06	0	-1.75463	
662	0.000144628	0.100584	0	-1.05e+06	0	-1.75395	
663	0.000144491	0.100729	0	-1.05e+06	0	-1.75324	
664	0.000144353	0.100873	0	-1.05e+06	0	-1.7525	
665	0.000144218	0.101018	0	-1.05e+06	0	-1.75173	
666	0.000144084	0.101162	0	-1.05e+06	0	-1.75093	
667	0.000143955	0.101306	0	-1.05e+06	0	-1.7501	
668	0.000143829	0.10145	0	-1.05e+06	0	-1.74924	
669	0.000143708	0.101594	0	-1.05e+06	0	-1.74836	
670	0.000143592	0.101737	0	-1.05e+06	0	-1.74744	
671	0.000143481	0.101881	0	-1.05e+06	0	-1.7465	
672	0.000143377	0.102024	0	-1.05e+06	0	-1.74553	
673	0.000143278	0.102168	0	-1.05e+06	0	-1.74453	
674	0.000143182	0.102311	0	-1.05e+06	0	-1.74351	
675	0.00014309	0.102454	0	-1.05e+06	0	-1.74246	
676	0.000143003	0.102597	0	-1.05e+06	0	-1.74138	
677	0.00014292	0.10274	0	-1.05e+06	0	-1.74029	
678	0.000142839	0.102883	0	-1.05e+06	0	-1.73916	
679	0.000142762	0.103026	0	-1.05e+06	0	-1.73802	
680	0.000142687	0.103169	0	-1.05e+06	0	-1.73685	
681	0.000142592	0.103312	0	-1.05e+06	0	-1.73566	
682	0.000142498	0.103454	0	-1.05e+06	0	-1.73444	
683	0.000142407	0.103597	0	-1.05e+06	0	-1.73321	
684	0.00014232	0.103739	0	-1.05e+06	0	-1.73195	
685	0.000142236	0.103881	0	-1.05e+06	0	-1.73067	
686	0.000142157	0.104024	0	-1.05e+06	0	-1.72938	
687	0.000142081	0.104166	0	-1.05e+06	0	-1.72806	
688	0.00014201	0.104308	0	-1.05e+06	0	-1.72673	
689	0.000141943	0.10445	0	-1.05e+06	0	-1.72537	
690	0.000141882	0.104592	0	-1.05e+06	0	-1.724	
691	0.000141825	0.104734	0	-1.05e+06	0	-1.72261	
692	0.000141773	0.104876	0	-1.05e+06	0	-1.7212	
693	0.000141725	0.105017	0	-1.05e+06	0	-1.71977	
694	0.000141658	0.105159	0	-1.05e+06	0	-1.71833	
695	0.000141595	0.105301	0	-1.05e+06	0	-1.71687	
696	0.000141537	0.105442	0	-1.05e+06	0	-1.71539	
697	0.000141485	0.105584	0	-1.05e+06	0	-1.7139	
698	0.00014144	0.105725	0	-1.05e+06	0	-1.71239	
699	0.000141402	0.105867	0	-1.05e+06	0	-1.71086	
700	0.000141373	0.106008	0	-1.05e+06	0	-1.70932	
701	0.000141352	0.10615	0	-1.05e+06	0	-1.70777	
702	0.000141341	0.106291	0	-1.05e+06	0	-1.7062	
703	0.000141338	0.106432	0	-1.05e+06	0	-1.70461	
704	0.000141345	0.106574	0	-1.05e+06	0	-1.70301	
705	0.000141361	0.106715	0	-1.05e+06	0	-1.7014	
706	0.000141385	0.106856	0	-1.05e+06	0	-1.69976	
707	0.000141417	0.106998	0	-1.05e+06	0	-1.69812	
708	0.000141456	0.107139	0	-1.05e+06	0	-1.69646	
709	0.000141501	0.107281	0	-1.05e+06	0	-1.69478	
710	0.000141551	0.107422	0	-1.05e+06	0	-1.69309	
711	0.000141603	0.107564	0	-1.05e+06	0	-1.69138	
712	0.000141627	0.107705	0	-1.05e+06	0	-1.68966	
713	0.000141653	0.107847	0	-1.05e+06	0	-1.68793	
714	0.000141681	0.107988	0	-1.05e+06	0	-1.68618	
715	0.000141707	0.10813	0	-1.05e+06	0	-1.68442	
716	0.000141731	0.108272	0	-1.05e+06	0	-1.68264	
717	0.00014176	0.108414	0	-1.05e+06	0	-1.68084	
718	0.000141792	0.108555	0	-1.05e+06	0	-1.67904	
719	0.000141829	0.108697	0	-1.05e+06	0	-1.67721	
720	0.000141869	0.108839	0	-1.05e+06	0	-1.67537	
721	0.00014191	0.108981	0	-1.05e+06	0	-1.67352	
722	0.000141954	0.109123	0	-1.05e+06	0	-1.67165	
723	0.000142001	0.109265	0	-1.05e+06	0	-1.66976	
724	0.000142049	0.109407	0	-1.05e+06	0	-1.66786	
725	0.000142098	0.109549	0	-1.05e+06	0	-1.66594	
726	0.000142145	0.109691	0	-1.05e+06	0	-1.66401	
727	0.000142191	0.109833	0	-1.05e+06	0	-1.66205	
728	0.000142208	0.109975	0	-1.05e+06	0	-1.66008	
729	0.000142224	0.110117	0	-1.05e+06	0	-1.65809	
730	0.00014224	0.11026	0	-1.05e+06	0	-1.65609	
731	0.000142257	0.110402	0	-1.05e+06	0	-1.65406	
732	0.000142275	0.110544	0	-1.05e+06	0	-1.65202	
733	0.000142295	0.110686	0	-1.05e+06	0	-1.64995	
734	0.000142316	0.110829	0	-1.05e+06	0	-1.64787	
735	0.00014234	0.110971	0	-1.05e+06	0	-1.64576	
736	0.000142367	0.111113	0	-1.05e+06	0	-1.64364	
737	0.000142397	0.111256	0	-1.05e+06	0	-1.64149	
738	0.00014243	0.111398	0	-1.05e+06	0	-1.63932	
739	0.000142468	0.111541	0	-1.05e+06	0	-1.63712	
740	0.00014251	0.111683	0	-1.05e+06	0	-1.6349	
741	0.000142556	0.111826	0	-1.05e+06	0	-1.63266	
742	0.000142604	0.111968	0	-1.05e+06	0	-1.63039	
743	0.000142634	0.112111	0	-1.05e+06	0	-1.62809	
744	0.00014267	0.112253	0	-1.05e+06	0	-1.62577	
745	0.000142712	0.112396	0	-1.05e+06	0	-1.62342	
746	0.000142761	0.112539	0	-1.05e+06	0	-1.62105	
747	0.000142816	0.112681	0	-1.05e+06	0	-1.61864	
748	0.000142879	0.112824	0	-1.05e+06	0	-1.6162	
749	0.000142948	0.112967	0	-1.05e+06	0	-1.61374	
750	0.000143024	0.11311	0	-1.05e+06	0	-1.61124	
751	0.000143106	0.113253	0	-1.05e+06	0	-1.60871	
752	0.00014317	0.113396	0	-1.05e+06	0	-1.60615	
753	0.00014323	0.113539	0	-1.05e+06	0	-1.60355	
754	0.000143294	0.113683	0	-1.05e+06	0	-1.60093	
755	0.000143361	0.113826	0	-1.05e+06	0	-1.59827	
756	0.000143407	0.113969	0	-1.05e+06	0	-1.59557	
757	0.000143443	0.114113	0	-1.05e+06	0	-1.59284	
758	0.000143485	0.114256	0	-1.05e+06	0	-1.59008	
759	0.000143535	0.1144	0	-1.05e+06	0	-1.58728	
760	0.000143593	0.114543	0	-1.05e+06	0	-1.58444	
761	0.000143661	0.114687	0	-1.05e+06	0	-1.58157	
762	0.000143737	0.11483	0	-1.05e+06	0	-1.57866	
763	0.000143823	0.114974	0	-1.05e+06	0	-1.57572	
764	0.00014392	0.115118	0	-1.05e+06	0	-1.57273	
765	0.000144026	0.115262	0	-1.05e+06	0	-1.56971	
766	0.000144142	0.115406	0	-1.05e+06	0	-1.56665	
767	0.000144267	0.11555	0	-1.05e+06	0	-1.56355	
768	0.000144402	0.115694	0	-1.05e+06	0	-1.56041	
769	0.000144536	0.115839	0	-1.05e+06	0	-1.55723	
770	0.000144678	0.115983	0	-1.05e+06	0	-1.55401	
771	0.000144828	0.116128	0	-1.05e+06	0	-1.55076	
772	0.000144986	0.116273	0	-1.05e+06	0	-1.54746	
773	0.000145151	0.116418	0	-1.05e+06	0	-1.54412	
774	0.000145323	0.116563	0	-1.05e+06	0	-1.54074	
775	0.0001455	0.116708	0	-1.05e+06	0	-1.53732	
776	0.000145681	0.116854	0	-1.05e+06	0	-1.53386	
777	0.000145867	0.116999	0	-1.05e+06	0	-1.53036	
778	0.000146055	0.117145	0	-1.05e+06	0	-1.52682	
779	0.000146246	0.117291	0	-1.05e+06	0	-1.52323	
780	0.000146437	0.117438	0	-1.05e+06	0	-1.51961	
781	0.000146615	0.117584	0	-1.05e+06	0	-1.51595	
782	0.00014678	0.117731	0	-1.05e+06	0	-1.51225	
783	0.000146933	0.117877	0	-1.05e+06	0	-1.50852	
784	0.000147089	0.118024	0	-1.05e+06	0	-1.50475	
785	0.00014725	0.118171	0	-1.05e+06	0	-1.50094	
786	0.000147413	0.118319	0	-1.05e+06	0	-1.49709	
787	0.000147573	0.118466	0	-1.05e+06	0	-1.49321	
788	0.000147731	0.118614	0	-1.05e+06	0	-1.48929	
789	0.000147891	0.118761	0	-1.05e+06	0	-1.48534	
790	0.000148054	0.118909	0	-1.05e+06	0	-1.48135	
791	0.000148219	0.119057	0	-1.05e+06	0	-1.47733	
792	0.000148386	0.119206	0	-1.05e+06	0	-1.47328	
793	0.000148555	0.119354	0	-1.05e+06	0	-1.46919	
794	0.000148725	0.119503	0	-1.05e+06	0	-1.46507	
795	0.000148896	0.119651	0	-1.05e+06	0	-1.46093	
796	0.000149068	0.1198	0	-1.05e+06	0	-1.45675	
797	0.000149216	0.119949	0	-1.05e+06	0	-1.45254	
798	0.000149347	0.120098	0	-1.05e+06	0	-1.4483	
799	0.000149478	0.120248	0	-1.05e+06	0	-1.44404	
800	0.000149612	0.120397	0	-1.05e+06	0	-1.43975	
801	0.000149748	0.120547	0	-1.05e+06	0	-1.43543	
802	0.000149887	0.120697	0	-1.05e+06	0	-1.43109	
803	0.000150031	0.120847	0	-1.05e+06	0	-1.42672	
804	0.000150179	0.120997	0	-1.05e+06	0	-1.42232	
805	0.000150333	0.121147	0	-1.05e+06	0	-1.4179	
806	0.000150478	0.121297	0	-1.05e+06	0	-1.41346	
807	0.000150602	0.121448	0	-1.05e+06	0	-1.40899	
808	0.000150719	0.121598	0	-1.05e+06	0	-1.40451	
809	0.000150834	0.121749	0	-1.05e+06	0	-1.4	
810	0.000150953	0.1219	0	-1.05e+06	0	-1.39546	
811	0.000151075	0.122051	0	-1.05e+06	0	-1.39091	
812	0.000151199	0.122202	0	-1.05e+06	0	-1.38634	
813	0.000151325	0.122353	0	-1.05e+06	0	-1.38174	
814	0.000151451	0.122504	0	-1.05e+06	0	-1.37713	
815	0.000151577	0.122656	0	-1.05e+06	0	-1.37249	
816	0.000151703	0.122807	0	-1.05e+06	0	-1.36783	
817	0.000151826	0.122959	0	-1.05e+06	0	-1.36316	
818	0.000151944	0.123111	0	-1.05e+06	0	-1.35846	
819	0.000152058	0.123263	0	-1.05e+06	0	-1.35374	
820	0.000152165	0.123415	0	-1.05e+06	0	-1.34901	
821	0.000152265	0.123567	0	-1.05e+06	0	-1.34426	
822	0.000152359	0.123719	0	-1.05e+06	0	-1.33948	
823	0.000152441	0.123872	0	-1.05e+06	0	-1.33469	
824	0.00015252	0.124024	0	-1.05e+06	0	-1.32989	
825	0.000152597	0.124177	0	-1.05e+06	0	-1.32506	
826	0.000152673	0.124329	0	-1.05e+06	0	-1.32022	
827	0.00015272	0.124482	0	-1.05e+06	0	-1.31536	
828	0.000152735	0.124635	0	-1.05e+06	0	-1.31049	
829	0.000152749	0.124787	0	-1.05e+06	0	-1.3056	
830	0.000152763	0.12494	0	-1.05e+06	0	-1.3007	
831	0.000152778	0.125093	0	-1.05e+06	0	-1.29578	
832	0.000152793	0.125246	0	-1.05e+06	0	-1.29085	
833	0.000152809	0.125398	0	-1.05e+06	0	-1.28591	
834	0.000152826	0.125551	0	-1.05e+06	0	-1.28095	
835	0.000152843	0.125704	0	-1.05e+06	0	-1.27598	
836	0.000152861	0.125857	0	-1.05e+06	0	-1.27099	
837	0.00015288	0.12601	0	-1.05e+06	0	-1.26599	
838	0.000152899	0.126163	0	-1.05e+06	0	-1.26098	
839	0.00015292	0.126315	0	-1.05e+06	0	-1.25596	
840	0.000152941	0.126468	0	-1.05e+06	0	-1.25092	
841	0.000152962	0.126621	0	-1.05e+06	0	-1.24588	
842	0.000152983	0.126774	0	-1.05e+06	0	-1.24082	
843	0.000153005	0.126927	0	-1.05e+06	0	-1.23575	
844	0.000153026	0.12708	0	-1.05e+06	0	-1.23067	
845	0.000153048	0.127233	0	-1.05e+06	0	-1.22558	
846	0.000153069	0.127386	0	-1.05e+06	0	-1.22048	
847	0.000153089	0.127539	0	-1.05e+06	0	-1.21537	
848	0.000153109	0.127693	0	-1.05e+06	0	-1.21026	
849	0.000153128	0.127846	0	-1.05e+06	0	-1.20513	
850	0.000153146	0.127999	0	-1.05e+06	0	-1.2	
851	0.000153162	0.128152	0	-1.05e+06	0	-1.19487	
852	0.000153178	0.128305	0	-1.05e+06	0	-1.18972	
853	0.000153193	0.128458	0	-1.05e+06	0	-1.18457	
854	0.000153164	0.128611	0	-1.05e+06	0	-1.17942	
855	0.000153098	0.128765	0	-1.05e+06	0	-1.17427	
856	0.000153031	0.128918	0	-1.05e+06	0	-1.16911	
857	0.000152963	0.129071	0	-1.05e+06	0	-1.16396	
858	0.000152893	0.129224	0	-1.05e+06	0	-1.1588	
859	0.000152824	0.129377	0	-1.05e+06	0	-1.15365	
860	0.000152755	0.129529	0	-1.05e+06	0	-1.14849	
861	0.000152686	0.129682	0	-1.05e+06	0	-1.14334	
862	0.000152618	0.129835	0	-1.05e+06	0	-1.13819	
863	0.00015255	0.129987	0	-1.05e+06	0	-1.13305	
864	0.000152483	0.13014	0	-1.05e+06	0	-1.12791	
865	0.000152416	0.130292	0	-1.05e+06	0	-1.12277	
866	0.00015235	0.130445	0	-1.05e+06	0	-1.11764	
867	0.000152285	0.130597	0	-1.05e+06	0	-1.11251	
868	0.00015222	0.13075	0	-1.05e+06	0	-1.10739	
869	0.000152155	0.130902	0	-1.05e+06	0	-1.10227	
870	0.000152091	0.131054	0	-1.05e+06	0	-1.09717	
871	0.000152027	0.131206	0	-1.05e+06	0	-1.09206	
872	0.000151962	0.131358	0	-1.05e+06	0	-1.08697	
873	0.000151898	0.13151	0	-1.05e+06	0	-1.08189	
874	0.000151834	0.131662	0	-1.05e+06	0	-1.07681	
875	0.000151771	0.131814	0	-1.05e+06	0	-1.07174	
876	0.000151707	0.131965	0	-1.05e+06	0	-1.06668	
877	0.000151644	0.132117	0	-1.05e+06	0	-1.06163	
878	0.000151581	0.132269	0	-1.05e+06	0	-1.05659	
879	0.000151519	0.13242	0	-1.05e+06	0	-1.05156	
880	0.000151459	0.132572	0	-1.05e+06	0	-1.04654	
881	0.0001514	0.132723	0	-1.05e+06	0	-1.04153	
882	0.000151342	0.132875	0	-1.05e+06	0	-1.03654	
883	0.000151287	0.133026	0	-1.05e+06	0	-1.03155	
884	0.000151233	0.133177	0	-1.05e+06	0	-1.02657	
885	0.000151179	0.133329	0	-1.05e+06	0	-1.0216	
886	0.000151128	0.13348	0	-1.05e+06	0	-1.01665	
887	0.00015108	0.133631	0	-1.05e+06	0	-1.01171	
888	0.000151036	0.133782	0	-1.05e+06	0	-1.00677	
889	0.000150996	0.133933	0	-1.05e+06	0	-1.00185	
890	0.000150959	0.134084	0	-1.05e+06	0	-0.99694	
891	0.000150927	0.134235	0	-1.05e+06	0	-0.99204	
892	0.0001509	0.134386	0	-1.05e+06	0	-0.98715	
893	0.000150876	0.134537	0	-1.05e+06	0	-0.982271	
894	0.000150858	0.134688	0	-1.05e+06	0	-0.977403	
895	0.000150839	0.134839	0	-1.05e+06	0	-0.972544	
896	0.000150819	0.134989	0	-1.05e+06	0	-0.967697	
897	0.000150801	0.13514	0	-1.05e+06	0	-0.96286	
898	0.000150787	0.135291	0	-1.05e+06	0	-0.958033	
899	0.000150766	0.135442	0	-1.05e+06	0	-0.953216	
900	0.000150745	0.135593	0	-1.05e+06	0	-0.94841	
901	0.000150726	0.135743	0	-1.05e+06	0	-0.943615	
902	0.000150711	0.135894	0	-1.05e+06	0	-0.938829	
903	0.000150698	0.136045	0	-1.05e+06	0	-0.934053	
904	0.000150689	0.136195	0	-1.05e+06	0	-0.929288	
905	0.000150684	0.136346	0	-1.05e+06	0	-0.924532	
906	0.000150682	0.136497	0	-1.05e+06	0	-0.919786	
907	0.000150685	0.136648	0	-1.05e+06	0	-0.915049	
908	0.000150692	0.136798	0	-1.05e+06	0	-0.910322	
909	0.000150703	0.136949	0	-1.05e+06	0	-0.905603	
910	0.000150718	0.1371	0	-1.05e+06	0	-0.900894	
911	0.000150735	0.13725	0	-1.05e+06	0	-0.896194	
912	0.000150756	0.137401	0	-1.05e+06	0	-0.891503	
913	0.00015078	0.137552	0	-1.05e+06	0	-0.88682	
914	0.000150809	0.137703	0	-1.05e+06	0	-0.882147	
915	0.00015084	0.137853	0	-1.05e+06	0	-0.877482	
916	0.000150874	0.138004	0	-1.05e+06	0	-0.872826	
917	0.000150911	0.138155	0	-1.05e+06	0	-0.868178	
918	0.000150949	0.138306	0	-1.05e+06	0	-0.863539	
919	0.000150987	0.138457	0	-1.05e+06	0	-0.858909	
920	0.00015102	0.138608	0	-1.05e+06	0	-0.854288	
921	0.000151054	0.138759	0	-1.05e+06	0	-0.849677	
922	0.000151056	0.13891	0	-1.05e+06	0	-0.845076	
923	0.000151055	0.139061	0	-1.05e+06	0	-0.840485	
924	0.000151056	0.139212	0	-1.05e+06	0	-0.835905	
925	0.000151059	0.139363	0	-1.05e+06	0	-0.831337	
926	0.000151064	0.139514	0	-1.05e+06	0	-0.826779	
927	0.000151072	0.139665	0	-1.05e+06	0	-0.822232	
928	0.000151079	0.139816	0	-1.05e+06	0	-0.817697	
929	0.000151088	0.139968	0	-1.05e+06	0	-0.813174	
930	0.0001511	0.140119	0	-1.05e+06	0	-0.808662	
931	0.000151114	0.14027	0	-1.05e+06	0	-0.804163	
932	0.000151126	0.140421	0	-1.05e+06	0	-0.799675	
933	0.00015114	0.140572	0	-1.05e+06	0	-0.795201	
934	0.000151155	0.140723	0	-1.05e+06	0	-0.790739	
935	0.00015117	0.140874	0	-1.05e+06	0	-0.78629	
936	0.000151167	0.141025	0	-1.05e+06	0	-0.781854	
937	0.000151159	0.141177	0	-1.05e+06	0	-0.777433	
938	0.000151131	0.141328	0	-1.05e+06	0	-0.773027	
939	0.000151103	0.141479	0	-1.05e+06	0	-0.768636	
940	0.000151076	0.14163	0	-1.05e+06	0	-0.76426	
941	0.00015105	0.141781	0	-1.05e+06	0	-0.7599	
942	0.000151025	0.141932	0	-1.05e+06	0	-0.755555	
943	0.000151003	0.142083	0	-1.05e+06	0	-0.751225	
944	0.000150983	0.142234	0	-1.05e+06	0	-0.746911	
945	0.000150965	0.142385	0	-1.05e+06	0	-0.742612	
946	0.00015095	0.142536	0	-1.05e+06	0	-0.738329	
947	0.000150938	0.142687	0	-1.05e+06	0	-0.734061	
948	0.000150929	0.142838	0	-1.05e+06	0	-0.729808	
949	0.000150923	0.142989	0	-1.05e+06	0	-0.72557	
950	0.00015092	0.14314	0	-1.05e+06	0	-0.721347	
951	0.000150921	0.143291	0	-1.05e+06	0	-0.717139	
952	0.000150925	0.143442	0	-1.05e+06	0	-0.712944	
953	0.000150933	0.143593	0	-1.05e+06	0	-0.708764	
954	0.000150943	0.143744	0	-1.05e+06	0	-0.704598	
955	0.000150957	0.143894	0	-1.05e+06	0	-0.700444	
956	0.000150974	0.144045	0	-1.05e+06	0	-0.696304	
957	0.000150973	0.144196	0	-1.05e+06	0	-0.692178	
958	0.000150975	0.144347	0	-1.05e+06	0	-0.688064	
959	0.000150979	0.144498	0	-1.05e+06	0	-0.683963	
960	0.000150986	0.144649	0	-1.05e+06	0	-0.679874	
961	0.000150982	0.1448	0	-1.05e+06	0	-0.675797	
962	0.000150979	0.144951	0	-1.05e+06	0	-0.671732	
963	0.00015098	0.145102	0	-1.05e+06	0	-0.667679	
964	0.000150985	0.145253	0	-1.05e+06	0	-0.663637	
965	0.000150994	0.145404	0	-1.05e+06	0	-0.659605	
966	0.000151008	0.145555	0	-1.05e+06	0	-0.655584	
967	0.000151027	0.145706	0	-1.05e+06	0	-0.651574	
968	0.00015105	0.145857	0	-1.05e+06	0	-0.647573	
969	0.000151077	0.146008	0	-1.05e+06	0	-0.643581	
970	0.000151108	0.146159	0	-1.05e+06	0	-0.639599	
971	0.000151143	0.14631	0	-1.05e+06	0	-0.635626	
972	0.00015118	0.146462	0	-1.05e+06	0	-0.631662	
973	0.00015122	0.146613	0	-1.05e+06	0	-0.627706	
974	0.000151262	0.146764	0	-1.05e+06	0	-0.623759	
975	0.000151301	0.146915	0	-1.05e+06	0	-0.619821	
976	0.000151335	0.147067	0	-1.05e+06	0	-0.615892	
977	0.000151368	0.147218	0	-1.05e+06	0	-0.611971	
978	0.000151402	0.147369	0	-1.05e+06	0	-0.608059	
979	0.000151437	0.147521	0	-1.05e+06	0	-0.604157	
980	0.00015147	0.147672	0	-1.05e+06	0	-0.600263	
981	0.000151503	0.147824	0	-1.05e+06	0	-0.596378	
982	0.000151535	0.147975	0	-1.05e+06	0	-0.592502	
983	0.000151559	0.148127	0	-1.05e+06	0	-0.588635	
984	0.000151585	0.148278	0	-1.05e+06	0	-0.584778	
985	0.000151612	0.14843	0	-1.05e+06	0	-0.580929	
986	0.000151642	0.148581	0	-1.05e+06	0	-0.57709	
987	0.000151673	0.148733	0	-1.05e+06	0	-0.573259	
988	0.000151705	0.148885	0	-1.05e+06	0	-0.569438	
989	0.000151736	0.149036	0	-1.05e+06	0	-0.565624	
990	0.000151768	0.149188	0	-1.05e+06	0	-0.56182	
991	0.000151801	0.14934	0	-1.05e+06	0	-0.558023	
992	0.000151831	0.149492	0	-1.05e+06	0	-0.554234	
993	0.000151864	0.149644	0	-1.05e+06	0	-0.550453	
994	0.000151899	0.149795	0	-1.05e+06	0	-0.546679	
995	0.000151937	0.149947	0	-1.05e+06	0	-0.542912	
996	0.000151978	0.150099	0	-1.05e+06	0	-0.539151	
997	0.000152022	0.150251	0	-1.05e+06	0	-0.535395	
998	0.000152071	0.150403	0	-1.05e+06	0	-0.531644	
999	0.000152125	0.150555	0	-1.05e+06	0	-0.527898	
1000	0.000152183	0.150707	0	-1.05e+06	0	-0.524154	
1001	0.000152246	0.15086	0	-1.05e+06	0	-0.520414	
1002	0.000152314	0.151012	0	-1.05e+06	0	-0.516675	
1003	0.000152387	0.151164	0	-1.05e+06	0	-0.512938	
1004	0.000152465	0.151317	0	-1.05e+06	0	-0.5092	
1005	0.000152548	0.151469	0	-1.05e+06	0	-0.505462	
1006	0.000152636	0.151622	0	-1.05e+06	0	-0.501723	
1007	0.000152727	0.151774	0	-1.05e+06	0	-0.497981	
1008	0.000152815	0.151927	0	-1.05e+06	0	-0.494236	
1009	0.000152898	0.15208	0	-1.05e+06	0	-0.490487	
1010	0.000152975	0.152233	0	-1.05e+06	0	-0.486734	
1011	0.000153041	0.152386	0	-1.05e+06	0	-0.482976	
1012	0.00015311	0.152539	0	-1.05e+06	0	-0.479212	
1013	0.000153182	0.152692	0	-1.05e+06	0	-0.475442	
1014	0.000153258	0.152845	0	-1.05e+06	0	-0.471665	
1015	0.000153338	0.152998	0	-1.05e+06	0	-0.467881	
1016	0.000153422	0.153152	0	-1.05e+06	0	-0.464087	
1017	0.000153511	0.153305	0	-1.05e+06	0	-0.460285	
1018	0.000153603	0.153458	0	-1.05e+06	0	-0.456472	
1019	0.000153699	0.153612	0	-1.05e+06	0	-0.452649	
1020	0.000153799	0.153766	0	-1.05e+06	0	-0.448816	
1021	0.000153902	0.15392	0	-1.05e+06	0	-0.444971	
1022	0.000154007	0.154073	0	-1.05e+06	0	-0.441114	
1023	0.000154115	0.154228	0	-1.05e+06	0	-0.437246	
1024	0.000154224	0.154382	0	-1.05e+06	0	-0.433365	
1025	0.000154335	0.154536	0	-1.05e+06	0	-0.429472	
1026	0.000154445	0.15469	0	-1.05e+06	0	-0.425566	
1027	0.000154556	0.154845	0	-1.05e+06	0	-0.421648	
1028	0.000154665	0.154999	0	-1.05e+06	0	-0.417718	
1029	0.000154772	0.155154	0	-1.05e+06	0	-0.413775	
1030	0.000154876	0.155309	0	-1.05e+06	0	-0.409821	
1031	0.000154977	0.155463	0	-1.05e+06	0	-0.405855	
1032	0.000155075	0.155618	0	-1.05e+06	0	-0.401878	
1033	0.000155169	0.155774	0	-1.05e+06	0	-0.39789	
1034	0.000155258	0.155929	0	-1.05e+06	0	-0.393893	
1035	0.000155343	0.156084	0	-1.05e+06	0	-0.389886	
1036	0.000155423	0.156239	0	-1.05e+06	0	-0.38587	
1037	0.000155498	0.156395	0	-1.05e+06	0	-0.381845	
1038	0.000155568	0.15655	0	-1.05e+06	0	-0.377814	
1039	0.000155632	0.156706	0	-1.05e+06	0	-0.373776	
1040	0.000155691	0.156861	0	-1.05e+06	0	-0.369732	
1041	0.000155743	0.157017	0	-1.05e+06	0	-0.365683	
1042	0.000155791	0.157173	0	-1.05e+06	0	-0.361631	
1043	0.000155835	0.157329	0	-1.05e+06	0	-0.357575	
1044	0.000155875	0.157484	0	-1.05e+06	0	-0.353518	
1045	0.000155911	0.15764	0	-1.05e+06	0	-0.349459	
1046	0.000155945	0.157796	0	-1.05e+06	0	-0.3454	
1047	0.000155976	0.157952	0	-1.05e+06	0	-0.341341	
1048	0.000156006	0.158108	0	-1.05e+06	0	-0.337284	
1049	0.000156035	0.158264	0	-1.05e+06	0	-0.33323	
1050	0.000156064	0.15842	0	-1.05e+06	0	-0.329178	
1051	0.000156094	0.158576	0	-1.05e+06	0	-0.325131	
1052	0.000156123	0.158732	0	-1.05e+06	0	-0.321089	
1053	0.000156152	0.158889	0	-1.05e+06	0	-0.317053	
1054	0.000156183	0.159045	0	-1.05e+06	0	-0.313024	
1055	0.000156218	0.159201	0	-1.05e+06	0	-0.309003	
1056	0.000156256	0.159357	0	-1.05e+06	0	-0.30499	
1057	0.000156298	0.159513	0	-1.05e+06	0	-0.300986	
1058	0.000156347	0.15967	0	-1.05e+06	0	-0.296992	
1059	0.000156401	0.159826	0	-1.05e+06	0	-0.293009	
1060	0.000156463	0.159982	0	-1.05e+06	0	-0.289037	
1061	0.000156533	0.160139	0	-1.05e+06	0	-0.285077	
1062	0.000156612	0.160295	0	-1.05e+06	0	-0.28113	
1063	0.000156699	0.160452	0	-1.05e+06	0	-0.277196	
1064	0.000156797	0.160609	0	-1.05e+06	0	-0.273276	
1065	0.000156905	0.160765	0	-1.05e+06	0	-0.269372	
1066	0.000157024	0.160922	0	-1.05e+06	0	-0.265482	
1067	0.000157154	0.161079	0	-1.05e+06	0	-0.261608	
1068	0.000157295	0.161237	0	-1.05e+06	0	-0.257751	
1069	0.000157447	0.161394	0	-1.05e+06	0	-0.253912	
1070	0.000157611	0.161551	0	-1.05e+06	0	-0.25009	
1071	0.000157786	0.161709	0	-1.05e+06	0	-0.246286	
1072	0.000157973	0.161867	0	-1.05e+06	0	-0.242502	
1073	0.00015817	0.162025	0	-1.05e+06	0	-0.238737	
1074	0.000158378	0.162183	0	-1.05e+06	0	-0.234993	
1075	0.000158597	0.162341	0	-1.05e+06	0	-0.23127	
1076	0.000158826	0.1625	0	-1.05e+06	0	-0.227568	
1077	0.000159065	0.162659	0	-1.05e+06	0	-0.223889	
1078	0.000159313	0.162818	0	-1.05e+06	0	-0.220232	
1079	0.000159571	0.162977	0	-1.05e+06	0	-0.216598	
1080	0.000159837	0.163137	0	-1.05e+06	0	-0.212988	
1081	0.000160111	0.163296	0	-1.05e+06	0	-0.209402	
1082	0.000160394	0.163457	0	-1.05e+06	0	-0.205842	
1083	0.000160685	0.163617	0	-1.05e+06	0	-0.202306	
1084	0.000160983	0.163778	0	-1.05e+06	0	-0.198795	
1085	0.000161288	0.163939	0	-1.05e+06	0	-0.195311	
1086	0.000161599	0.1641	0	-1.05e+06	0	-0.191853	
1087	0.000161918	0.164262	0	-1.05e+06	0	-0.188421	
1088	0.000162244	0.164423	0	-1.05e+06	0	-0.185016	
1089	0.000162577	0.164586	0	-1.05e+06	0	-0.181637	
1090	0.000162918	0.164748	0	-1.05e+06	0	-0.178285	
1091	0.000163267	0.164911	0	-1.05e+06	0	-0.174961	
1092	0.000163623	0.165074	0	-1.05e+06	0	-0.171663	
1093	0.000163987	0.165238	0	-1.05e+06	0	-0.168392	
1094	0.000164358	0.165402	0	-1.05e+06	0	-0.165149	
1095	0.000164737	0.165566	0	-1.05e+06	0	-0.161932	
1096	0.000165123	0.165731	0	-1.05e+06	0	-0.158742	
1097	0.000165516	0.165896	0	-1.05e+06	0	-0.155578	
1098	0.000165914	0.166062	0	-1.05e+06	0	-0.152442	
1099	0.000166319	0.166228	0	-1.05e+06	0	-0.149332	
1100	0.000166728	0.166394	0	-1.05e+06	0	-0.146249	
1101	0.00016714	0.166561	0	-1.05e+06	0	-0.143193	
1102	0.000167555	0.166728	0	-1.05e+06	0	-0.140163	
1103	0.00016797	0.166895	0	-1.05e+06	0	-0.137161	
1104	0.000168385	0.167063	0	-1.05e+06	0	-0.134186	
1105	0.000168778	0.167232	0	-1.05e+06	0	-0.131238	
1106	0.000169097	0.167401	0	-1.05e+06	0	-0.12832	
1107	0.000169393	0.16757	0	-1.05e+06	0	-0.125432	
1108	0.000169682	0.167739	0	-1.05e+06	0	-0.122574	
1109	0.000169964	0.167909	0	-1.05e+06	0	-0.119747	
1110	0.000170213	0.168079	0	-1.05e+06	0	-0.116951	
1111	0.000170452	0.168249	0	-1.05e+06	0	-0.114188	
1112	0.000170682	0.168419	0	-1.05e+06	0	-0.111457	
1113	0.000170904	0.16859	0	-1.05e+06	0	-0.108758	
1114	0.000171118	0.168761	0	-1.05e+06	0	-0.106094	
1115	0.000171325	0.168932	0	-1.05e+06	0	-0.103463	
1116	0.000171514	0.169103	0	-1.05e+06	0	-0.100867	
1117	0.00017169	0.169275	0	-1.05e+06	0	-0.0983057	
1118	0.000171862	0.169447	0	-1.05e+06	0	-0.0957804	
1119	0.000172031	0.169618	0	-1.05e+06	0	-0.0932912	
1120	0.000172197	0.16979	0	-1.05e+06	0	-0.0908384	
1121	0.000172361	0.169963	0	-1.05e+06	0	-0.0884225	
1122	0.000172524	0.170135	0	-1.05e+06	0	-0.0860439	
1123	0.000172687	0.170308	0	-1.05e+06	0	-0.0837029	
1124	0.000172852	0.17048	0	-1.05e+06	0	-0.0813998	
1125	0.000173018	0.170653	0	-1.05e+06	0	-0.0791349	
1126	0.000173187	0.170826	0	-1.05e+06	0	-0.0769085	
1127	0.00017336	0.170999	0	-1.05e+06	0	-0.0747208	
1128	0.000173537	0.171173	0	-1.05e+06	0	-0.0725719	
1129	0.000173718	0.171346	0	-1.05e+06	0	-0.0704621	
1130	0.000173905	0.17152	0	-1.05e+06	0	-0.0683916	
1131	0.000174098	0.171694	0	-1.05e+06	0	-0.0663604	
1132	0.000174295	0.171868	0	-1.05e+06	0	-0.0643688	
1133	0.000174498	0.172042	0	-1.05e+06	0	-0.0624168	
1134	0.000174616	0.172217	0	-1.05e+06	0	-0.0605054	
1135	0.000174714	0.172391	0	-1.05e+06	0	-0.0586351	
1136	0.000174819	0.172566	0	-1.05e+06	0	-0.0568058	
1137	0.000174931	0.172741	0	-1.05e+06	0	-0.0550175	
1138	0.000175051	0.172916	0	-1.05e+06	0	-0.0532702	
1139	0.000175179	0.173091	0	-1.05e+06	0	-0.0515639	
1140	0.000175315	0.173266	0	-1.05e+06	0	-0.0498987	
1141	0.000175458	0.173441	0	-1.05e+06	0	-0.0482746	
1142	0.000175608	0.173617	0	-1.05e+06	0	-0.0466917	
1143	0.000175765	0.173792	0	-1.05e+06	0	-0.0451501	
1144	0.000175926	0.173968	0	-1.05e+06	0	-0.04365	
1145	0.000176091	0.174144	0	-1.05e+06	0	-0.0421915	
1146	0.000176259	0.17432	0	-1.05e+06	0	-0.040775	
1147	0.000176429	0.174496	0	-1.05e+06	0	-0.0394006	
1148	0.000176597	0.174673	0	-1.05e+06	0	-0.0380687	
1149	0.000176764	0.174849	0	-1.05e+06	0	-0.0367795	
1150	0.000176928	0.175026	0	-1.05e+06	0	-0.0355334	
1151	0.000177086	0.175203	0	-1.05e+06	0	-0.0343307	
1152	0.000177237	0.17538	0	-1.05e+06	0	-0.0331718	
1153	0.000177373	0.175557	0	-1.05e+06	0	-0.032057	
1154	0.000177498	0.175735	0	-1.05e+06	0	-0.0309866	
1155	0.000177609	0.175912	0	-1.05e+06	0	-0.0299609	
1156	0.000177709	0.17609	0	-1.05e+06	0	-0.0289802	
1157	0.000177798	0.176268	0	-1.05e+06	0	-0.0280444	
1158	0.000177866	0.176445	0	-1.05e+06	0	-0.0271538	
1159	0.000177902	0.176623	0	-1.05e+06	0	-0.0263084	
1160	0.000177924	0.176801	0	-1.05e+06	0	-0.025508	
1161	0.000177933	0.176979	0	-1.05e+06	0	-0.0247525	
1162	0.000177929	0.177157	0	-1.05e+06	0	-0.0240415	
1163	0.000177909	0.177335	0	-1.05e+06	0	-0.0233747	
1164	0.000177871	0.177513	0	-1.05e+06	0	-0.0227514	
1165	0.000177798	0.177691	0	-1.05e+06	0	-0.0221711	
1166	0.000177709	0.177869	0	-1.05e+06	0	-0.021633	
1167	0.000177621	0.178046	0	-1.05e+06	0	-0.0211364	
1168	0.000177533	0.178224	0	-1.05e+06	0	-0.0206801	
1169	0.000177446	0.178401	0	-1.05e+06	0	-0.0202632	
1170	0.000177343	0.178579	0	-1.05e+06	0	-0.0198844	
1171	0.000177241	0.178756	0	-1.05e+06	0	-0.0195428	
1172	0.000177139	0.178934	0	-1.05e+06	0	-0.0192369	
1173	0.000177017	0.179111	0	-1.05e+06	0	-0.0189656	
1174	0.000176893	0.179288	0	-1.05e+06	0	-0.0187275	
1175	0.000176765	0.179465	0	-1.05e+06	0	-0.0185212	
1176	0.000176615	0.179641	0	-1.05e+06	0	-0.0183453	
1177	0.00017646	0.179818	0	-1.05e+06	0	-0.0181985	
1178	0.000176299	0.179994	0	-1.05e+06	0	-0.0180794	
1179	0.000176134	0.180171	0	-1.05e+06	0	-0.0179864	
1180	0.000175964	0.180347	0	-1.05e+06	0	-0.0179182	
1181	0.00017579	0.180523	0	-1.05e+06	0	-0.0178735	
1182	0.000175613	0.180699	0	-1.05e+06	0	-0.0178507	
1183	0.000175434	0.180874	0	-1.05e+06	0	-0.0178487	
1184	0.000175252	0.18105	0	-1.05e+06	0	-0.0178662	
1185	0.000175068	0.181225	0	-1.05e+06	0	-0.0179017	
1186	0.000174884	0.1814	0	-1.05e+06	0	-0.0179542	
1187	0.000174699	0.181575	0	-1.05e+06	0	-0.0180225	
1188	0.000174515	0.18175	0	-1.05e+06	0	-0.0181055	
1189	0.000174331	0.181924	0	-1.05e+06	0	-0.0182021	
1190	0.000174149	0.182098	0	-1.05e+06	0	-0.0183113	
1191	0.000173968	0.182273	0	-1.05e+06	0	-0.0184322	
1192	0.00017379	0.182446	0	-1.05e+06	0	-0.018564	
1193	0.000173615	0.18262	0	-1.05e+06	0	-0.0187059	
1194	0.000173442	0.182794	0	-1.05e+06	0	-0.0188572	
1195	0.000173273	0.182967	0	-1.05e+06	0	-0.0190171	
1196	0.000173107	0.183141	0	-1.05e+06	0	-0.0191853	
1197	0.000172945	0.183314	0	-1.05e+06	0	-0.0193612	
1198	0.000172786	0.183487	0	-1.05e+06	0	-0.0195444	
1199	0.00017263	0.183659	0	-1.05e+06	0	-0.0197346	
1200	0.000172473	0.183832	0	-1.05e+06	0	-0.0199316	
1201	0.000172312	0.184005	0	-1.05e+06	0	-0.0201352	
1202	0.00017215	0.184177	0	-1.05e+06	0	-0.0203454	
1203	0.00017193	0.184349	0	-1.05e+06	0	-0.0205621	
1204	0.000171696	0.184521	0	-1.05e+06	0	-0.0207855	
1205	0.000171463	0.184693	0	-1.05e+06	0	-0.0210156	
1206	0.00017123	0.184864	0	-1.05e+06	0	-0.0212528	
1207	0.000170997	0.185035	0	-1.05e+06	0	-0.0214973	
1208	0.000170763	0.185206	0	-1.05e+06	0	-0.0217496	
1209	0.000170529	0.185377	0	-1.05e+06	0	-0.0220101	
1210	0.000170294	0.185548	0	-1.05e+06	0	-0.0222794	
1211	0.000170057	0.185718	0	-1.05e+06	0	-0.022558	
1212	0.000169818	0.185888	0	-1.05e+06	0	-0.0228465	
1213	0.000169577	0.186058	0	-1.05e+06	0	-0.0231456	
1214	0.000169333	0.186227	0	-1.05e+06	0	-0.0234559	
1215	0.000169085	0.186397	0	-1.05e+06	0	-0.0237782	
1216	0.000168833	0.186566	0	-1.05e+06	0	-0.024113	
1217	0.000168577	0.186735	0	-1.05e+06	0	-0.0244612	
1218	0.000168317	0.186903	0	-1.05e+06	0	-0.0248235	
1219	0.000168052	0.187072	0	-1.05e+06	0	-0.0252005	
1220	0.000167782	0.18724	0	-1.05e+06	0	-0.0255929	
1221	0.000167507	0.187407	0	-1.05e+06	0	-0.0260013	
1222	0.000167228	0.187575	0	-1.05e+06	0	-0.0264265	
1223	0.000166945	0.187742	0	-1.05e+06	0	-0.0268688	
1224	0.000166627	0.187909	0	-1.05e+06	0	-0.0273289	
1225	0.000166253	0.188076	0	-1.05e+06	0	-0.027807	
1226	0.000165834	0.188242	0	-1.05e+06	0	-0.0283034	
1227	0.000165411	0.188408	0	-1.05e+06	0	-0.0288184	
1228	0.000164985	0.188573	0	-1.05e+06	0	-0.0293524	
1229	0.000164558	0.188738	0	-1.05e+06	0	-0.0299055	
1230	0.000164132	0.188903	0	-1.05e+06	0	-0.030478	
1231	0.000163709	0.189067	0	-1.05e+06	0	-0.0310701	
1232	0.000163291	0.189231	0	-1.05e+06	0	-0.0316818	
1233	0.000162878	0.189394	0	-1.05e+06	0	-0.0323132	
1234	0.000162471	0.189557	0	-1.05e+06	0	-0.0329643	
1235	0.000162073	0.189719	0	-1.05e+06	0	-0.0336352	
1236	0.000161683	0.189881	0	-1.05e+06	0	-0.0343258	
1237	0.000161302	0.190043	0	-1.05e+06	0	-0.0350361	
1238	0.000160925	0.190204	0	-1.05e+06	0	-0.035766	
1239	0.000160547	0.190365	0	-1.05e+06	0	-0.0365153	
1240	0.000160177	0.190526	0	-1.05e+06	0	-0.0372839	
1241	0.000159814	0.190686	0	-1.05e+06	0	-0.0380718	
1242	0.000159453	0.190846	0	-1.05e+06	0	-0.0388787	
1243	0.000159101	0.191005	0	-1.05e+06	0	-0.0397046	
1244	0.000158758	0.191164	0	-1.05e+06	0	-0.0405494	
1245	0.000158423	0.191323	0	-1.05e+06	0	-0.0414129	
1246	0.000158096	0.191481	0	-1.05e+06	0	-0.0422952	
1247	0.000157778	0.19164	0	-1.05e+06	0	-0.0431961	
1248	0.000157467	0.191797	0	-1.05e+06	0	-0.0441156	
1249	0.000157163	0.191955	0	-1.05e+06	0	-0.0450537	
1250	0.000156865	0.192112	0	-1.05e+06	0	-0.0460104	
1251	0.000156575	0.192269	0	-1.05e+06	0	-0.0469857	
1252	0.000156291	0.192425	0	-1.05e+06	0	-0.0479796	
1253	0.000156013	0.192582	0	-1.05e+06	0	-0.0489922	
1254	0.000155742	0.192738	0	-1.05e+06	0	-0.0500235	
1255	0.000155476	0.192893	0	-1.05e+06	0	-0.0510737	
1256	0.000155217	0.193049	0	-1.05e+06	0	-0.0521429	
1257	0.000154964	0.193204	0	-1.05e+06	0	-0.0532312	
1258	0.000154718	0.193359	0	-1.05e+06	0	-0.0543387	
1259	0.000154479	0.193514	0	-1.05e+06	0	-0.0554657	
1260	0.000154246	0.193668	0	-1.05e+06	0	-0.0566121	
1261	0.000154021	0.193823	0	-1.05e+06	0	-0.0577784	
1262	0.000153803	0.193977	0	-1.05e+06	0	-0.0589645	
1263	0.000153593	0.19413	0	-1.05e+06	0	-0.0601708	
1264	0.000153392	0.194284	0	-1.05e+06	0	-0.0613974	
1265	0.000153198	0.194437	0	-1.05e+06	0	-0.0626445	
1266	0.000153013	0.194591	0	-1.05e+06	0	-0.0639124	
1267	0.000152837	0.194744	0	-1.05e+06	0	-0.0652012	
1268	0.000152669	0.194896	0	-1.05e+06	0	-0.0665112	
1269	0.00015251	0.195049	0	-1.05e+06	0	-0.0678425	
1270	0.00015236	0.195202	0	-1.05e+06	0	-0.0691956	
1271	0.000152218	0.195354	0	-1.05e+06	0	-0.0705705	
1272	0.000152085	0.195506	0	-1.05e+06	0	-0.0719676	
1273	0.00015196	0.195658	0	-1.05e+06	0	-0.0733871	
1274	0.000151843	0.19581	0	-1.05e+06	0	-0.0748292	
1275	0.000151734	0.195962	0	-1.05e+06	0	-0.0762943	
1276	0.000151632	0.196114	0	-1.05e+06	0	-0.0777826	
1277	0.000151537	0.196265	0	-1.05e+06	0	-0.0792945	
1278	0.000151448	0.196417	0	-1.05e+06	0	-0.0808302	
1279	0.000151359	0.196568	0	-1.05e+06	0	-0.08239	
1280	0.000151272	0.19672	0	-1.05e+06	0	-0.0839741	
1281	0.00015119	0.196871	0	-1.05e+06	0	-0.085583	
1282	0.000151113	0.197022	0	-1.05e+06	0	-0.0872168	
1283	0.000151041	0.197173	0	-1.05e+06	0	-0.088876	
1284	0.000150974	0.197324	0	-1.05e+06	0	-0.0905609	
1285	0.000150906	0.197475	0	-1.05e+06	0	-0.0922717	
1286	0.000150832	0.197626	0	-1.05e+06	0	-0.0940086	
1287	0.000150763	0.197777	0	-1.05e+06	0	-0.095772	
1288	0.000150698	0.197928	0	-1.05e+06	0	-0.0975622	
1289	0.000150638	0.198079	0	-1.05e+06	0	-0.0993794	
1290	0.000150582	0.198229	0	-1.05e+06	0	-0.101224	
1291	0.000150531	0.19838	0	-1.05e+06	0	-0.103096	
1292	0.000150485	0.19853	0	-1.05e+06	0	-0.104996	
1293	0.000150442	0.198681	0	-1.05e+06	0	-0.106925	
1294	0.000150404	0.198831	0	-1.05e+06	0	-0.108881	
1295	0.000150371	0.198982	0	-1.05e+06	0	-0.110866	
1296	0.000150342	0.199132	0	-1.05e+06	0	-0.11288	
1297	0.000150318	0.199282	0	-1.05e+06	0	-0.114923	
1298	0.000150298	0.199433	0	-1.05e+06	0	-0.116995	
1299	0.000150283	0.199583	0	-1.05e+06	0	-0.119097	
1300	0.000150273	0.199733	0	-1.05e+06	0	-0.121227	
1301	0.000150267	0.199883	0	-1.05e+06	0	-0.123388	
1302	0.000150267	0.200034	0	-1.05e+06	0	-0.125578	
1303	0.000150271	0.200184	0	-1.05e+06	0	-0.127797	
1304	0.00015028	0.200334	0	-1.05e+06	0	-0.130047	
1305	0.000150295	0.200485	0	-1.05e+06	0	-0.132328	
1306	0.000150314	0.200635	0	-1.05e+06	0	-0.134638	
1307	0.000150338	0.200785	0	-1.05e+06	0	-0.136979	
1308	0.000150368	0.200936	0	-1.05e+06	0	-0.139351	
1309	0.000150403	0.201086	0	-1.05e+06	0	-0.141753	
1310	0.000150442	0.201236	0	-1.05e+06	0	-0.144187	
1311	0.000150487	0.201387	0	-1.05e+06	0	-0.146652	
1312	0.000150537	0.201537	0	-1.05e+06	0	-0.149149	
1313	0.000150586	0.201688	0	-1.05e+06	0	-0.151677	
1314	0.000150638	0.201838	0	-1.05e+06	0	-0.154237	
1315	0.000150695	0.201989	0	-1.05e+06	0	-0.156828	
1316	0.000150758	0.20214	0	-1.05e+06	0	-0.159451	
1317	0.000150826	0.20229	0	-1.05e+06	0	-0.162107	
1318	0.0001509	0.202441	0	-1.05e+06	0	-0.164794	
1319	0.00015098	0.202592	0	-1.05e+06	0	-0.167513	
1320	0.000151066	0.202743	0	-1.05e+06	0	-0.170264	
1321	0.000151157	0.202894	0	-1.05e+06	0	-0.173046	
1322	0.000151255	0.203045	0	-1.05e+06	0	-0.17586	
1323	0.000151358	0.203197	0	-1.05e+06	0	-0.178705	
1324	0.000151467	0.203348	0	-1.05e+06	0	-0.18158	
1325	0.000151581	0.203499	0	-1.05e+06	0	-0.184485	
1326	0.000151701	0.203651	0	-1.05e+06	0	-0.18742	
1327	0.000151826	0.203803	0	-1.05e+06	0	-0.190383	
1328	0.000151956	0.203955	0	-1.05e+06	0	-0.193374	
1329	0.000152091	0.204107	0	-1.05e+06	0	-0.196392	
1330	0.00015223	0.204259	0	-1.05e+06	0	-0.199436	
1331	0.000152373	0.204411	0	-1.05e+06	0	-0.202506	
1332	0.00015252	0.204563	0	-1.05e+06	0	-0.2056	
1333	0.000152671	0.204716	0	-1.05e+06	0	-0.208717	
1334	0.000152824	0.204868	0	-1.05e+06	0	-0.211857	
1335	0.00015298	0.205021	0	-1.05e+06	0	-0.215019	
1336	0.000153138	0.205174	0	-1.05e+06	0	-0.218201	
1337	0.000153291	0.205327	0	-1.05e+06	0	-0.221403	
1338	0.000153443	0.205481	0	-1.05e+06	0	-0.224625	
1339	0.000153597	0.205634	0	-1.05e+06	0	-0.227866	
1340	0.000153751	0.205788	0	-1.05e+06	0	-0.231125	
1341	0.000153905	0.205941	0	-1.05e+06	0	-0.234403	
1342	0.00015406	0.206095	0	-1.05e+06	0	-0.2377	
1343	0.000154215	0.206249	0	-1.05e+06	0	-0.241015	
1344	0.000154371	0.206404	0	-1.05e+06	0	-0.244349	
1345	0.000154527	0.206558	0	-1.05e+06	0	-0.247703	
1346	0.000154683	0.206713	0	-1.05e+06	0	-0.251077	
1347	0.00015484	0.206867	0	-1.05e+06	0	-0.254473	
1348	0.000154998	0.207022	0	-1.05e+06	0	-0.257892	
1349	0.000155158	0.207177	0	-1.05e+06	0	-0.261334	
1350	0.000155318	0.207332	0	-1.05e+06	0	-0.264802	
1351	0.000155481	0.207487	0	-1.05e+06	0	-0.268297	
1352	0.000155646	0.207643	0	-1.05e+06	0	-0.27182	
1353	0.000155813	0.207799	0	-1.05e+06	0	-0.275374	
1354	0.000155984	0.207954	0	-1.05e+06	0	-0.27896	
1355	0.000156158	0.20811	0	-1.05e+06	0	-0.28258	
1356	0.000156336	0.208267	0	-1.05e+06	0	-0.286236	
1357	0.000156519	0.208423	0	-1.05e+06	0	-0.289929	
1358	0.000156706	0.208579	0	-1.05e+06	0	-0.293662	
1359	0.000156897	0.208736	0	-1.05e+06	0	-0.297436	
1360	0.000157095	0.208893	0	-1.05e+06	0	-0.301253	
1361	0.000157297	0.20905	0	-1.05e+06	0	-0.305114	
1362	0.000157505	0.209207	0	-1.05e+06	0	-0.30902	
1363	0.000157718	0.209365	0	-1.05e+06	0	-0.312973	
1364	0.000157937	0.209523	0	-1.05e+06	0	-0.316974	
1365	0.000158162	0.209681	0	-1.05e+06	0	-0.321023	
1366	0.00015839	0.209839	0	-1.05e+06	0	-0.325122	
1367	0.000158615	0.209997	0	-1.05e+06	0	-0.32927	
1368	0.000158845	0.210156	0	-1.05e+06	0	-0.333468	
1369	0.000159081	0.210315	0	-1.05e+06	0	-0.337716	
1370	0.000159321	0.210474	0	-1.05e+06	0	-0.342015	
1371	0.000159565	0.210633	0	-1.05e+06	0	-0.346363	
1372	0.000159815	0.210793	0	-1.05e+06	0	-0.350762	
1373	0.000160071	0.210952	0	-1.05e+06	0	-0.355211	
1374	0.000160333	0.211112	0	-1.05e+06	0	-0.359709	
1375	0.0001606	0.211273	0	-1.05e+06	0	-0.364256	
1376	0.000160872	0.211433	0	-1.05e+06	0	-0.368852	
1377	0.00016115	0.211594	0	-1.05e+06	0	-0.373496	
1378	0.000161431	0.211755	0	-1.05e+06	0	-0.378188	
1379	0.000161708	0.211917	0	-1.05e+06	0	-0.382927	
1380	0.000161847	0.212079	0	-1.05e+06	0	-0.387708	
1381	0.000161973	0.21224	0	-1.05e+06	0	-0.39253	
1382	0.000162102	0.212402	0	-1.05e+06	0	-0.397392	
1383	0.000162232	0.212564	0	-1.05e+06	0	-0.402295	
1384	0.000162341	0.212727	0	-1.05e+06	0	-0.407236	
1385	0.000162452	0.212889	0	-1.05e+06	0	-0.412214	
1386	0.000162538	0.213051	0	-1.05e+06	0	-0.417229	
1387	0.000162603	0.213214	0	-1.05e+06	0	-0.422279	
1388	0.000162647	0.213377	0	-1.05e+06	0	-0.427363	
1389	0.000162684	0.213539	0	-1.05e+06	0	-0.432479	
1390	0.000162719	0.213702	0	-1.05e+06	0	-0.437627	
1391	0.000162712	0.213865	0	-1.05e+06	0	-0.442805	
1392	0.000162633	0.214027	0	-1.05e+06	0	-0.448009	
1393	0.000162556	0.21419	0	-1.05e+06	0	-0.45324	
1394	0.000162482	0.214353	0	-1.05e+06	0	-0.458495	
1395	0.000162411	0.214515	0	-1.05e+06	0	-0.463775	
1396	0.000162342	0.214677	0	-1.05e+06	0	-0.469078	
1397	0.000162275	0.21484	0	-1.05e+06	0	-0.474404	
1398	0.000162211	0.215002	0	-1.05e+06	0	-0.479752	
1399	0.00016215	0.215164	0	-1.05e+06	0	-0.485121	
1400	0.000162091	0.215326	0	-1.05e+06	0	-0.490511	
1401	0.000162034	0.215489	0	-1.05e+06	0	-0.49592	
1402	0.000161979	0.215651	0	-1.05e+06	0	-0.501348	
1403	0.000161911	0.215813	0	-1.05e+06	0	-0.506793	
1404	0.000161845	0.215974	0	-1.05e+06	0	-0.512255	
1405	0.000161781	0.216136	0	-1.05e+06	0	-0.517733	
1406	0.000161719	0.216298	0	-1.05e+06	0	-0.523227	
1407	0.000161658	0.21646	0	-1.05e+06	0	-0.528735	
1408	0.0001616	0.216621	0	-1.05e+06	0	-0.534258	
1409	0.000161542	0.216783	0	-1.05e+06	0	-0.539794	
1410	0.000161486	0.216945	0	-1.05e+06	0	-0.545344	
1411	0.000161432	0.217106	0	-1.05e+06	0	-0.550907	
1412	0.000161378	0.217268	0	-1.05e+06	0	-0.556482	
1413	0.000161326	0.217429	0	-1.05e+06	0	-0.562069	
1414	0.000161275	0.21759	0	-1.05e+06	0	-0.567668	
1415	0.000161225	0.217752	0	-1.05e+06	0	-0.573278	
1416	0.000161175	0.217913	0	-1.05e+06	0	-0.578899	
1417	0.000161127	0.218074	0	-1.05e+06	0	-0.584531	
1418	0.000161079	0.218235	0	-1.05e+06	0	-0.590174	
1419	0.000161032	0.218396	0	-1.05e+06	0	-0.595826	
1420	0.000160986	0.218557	0	-1.05e+06	0	-0.601488	
1421	0.00016094	0.218718	0	-1.05e+06	0	-0.60716	
1422	0.000160892	0.218879	0	-1.05e+06	0	-0.612841	
1423	0.000160834	0.21904	0	-1.05e+06	0	-0.618531	
1424	0.000160778	0.219201	0	-1.05e+06	0	-0.624228	
1425	0.000160723	0.219362	0	-1.05e+06	0	-0.629934	
1426	0.00016067	0.219522	0	-1.05e+06	0	-0.635648	
1427	0.000160614	0.219683	0	-1.05e+06	0	-0.641369	
1428	0.00016056	0.219844	0	-1.05e+06	0	-0.647097	
1429	0.000160508	0.220004	0	-1.05e+06	0	-0.652832	
1430	0.000160447	0.220165	0	-1.05e+06	0	-0.658573	
1431	0.000160377	0.220325	0	-1.05e+06	0	-0.664321	
1432	0.000160309	0.220485	0	-1.05e+06	0	-0.670074	
1433	0.000160238	0.220646	0	-1.05e+06	0	-0.675832	
1434	0.000160153	0.220806	0	-1.05e+06	0	-0.681594	
1435	0.000160048	0.220966	0	-1.05e+06	0	-0.687361	
1436	0.000159927	0.221126	0	-1.05e+06	0	-0.69313	
1437	0.000159807	0.221286	0	-1.05e+06	0	-0.698902	
1438	0.000159688	0.221446	0	-1.05e+06	0	-0.704676	
1439	0.000159569	0.221606	0	-1.05e+06	0	-0.710453	
1440	0.000159452	0.221765	0	-1.05e+06	0	-0.716233	
1441	0.000159335	0.221925	0	-1.05e+06	0	-0.722014	
1442	0.00015922	0.222084	0	-1.05e+06	0	-0.727797	
1443	0.000159106	0.222243	0	-1.05e+06	0	-0.733583	
1444	0.000158993	0.222402	0	-1.05e+06	0	-0.73937	
1445	0.000158882	0.222561	0	-1.05e+06	0	-0.74516	
1446	0.000158772	0.22272	0	-1.05e+06	0	-0.750951	
1447	0.000158663	0.222879	0	-1.05e+06	0	-0.756743	
1448	0.000158556	0.223038	0	-1.05e+06	0	-0.762537	
1449	0.000158451	0.223196	0	-1.05e+06	0	-0.768333	
1450	0.000158348	0.223355	0	-1.05e+06	0	-0.774129	
1451	0.000158246	0.223513	0	-1.05e+06	0	-0.779926	
1452	0.000158145	0.223671	0	-1.05e+06	0	-0.785724	
1453	0.000158047	0.223829	0	-1.05e+06	0	-0.791523	
1454	0.00015795	0.223987	0	-1.05e+06	0	-0.797321	
1455	0.000157856	0.224145	0	-1.05e+06	0	-0.803119	
1456	0.000157762	0.224303	0	-1.05e+06	0	-0.808917	
1457	0.000157671	0.224461	0	-1.05e+06	0	-0.814714	
1458	0.000157581	0.224619	0	-1.05e+06	0	-0.82051	
1459	0.000157493	0.224776	0	-1.05e+06	0	-0.826304	
1460	0.000157406	0.224934	0	-1.05e+06	0	-0.832095	
1461	0.000157321	0.225091	0	-1.05e+06	0	-0.837884	
1462	0.000157238	0.225248	0	-1.05e+06	0	-0.84367	
1463	0.000157156	0.225406	0	-1.05e+06	0	-0.849452	
1464	0.000157075	0.225563	0	-1.05e+06	0	-0.855229	
1465	0.000156996	0.22572	0	-1.05e+06	0	-0.861002	
1466	0.000156918	0.225877	0	-1.05e+06	0	-0.866769	
1467	0.000156841	0.226034	0	-1.05e+06	0	-0.87253	
1468	0.000156766	0.226191	0	-1.05e+06	0	-0.878284	
1469	0.000156691	0.226347	0	-1.05e+06	0	-0.884031	
1470	0.000156618	0.226504	0	-1.05e+06	0	-0.889769	
1471	0.000156546	0.226661	0	-1.05e+06	0	-0.8955	
1472	0.000156474	0.226817	0	-1.05e+06	0	-0.901221	
1473	0.000156404	0.226974	0	-1.05e+06	0	-0.906932	
1474	0.000156334	0.22713	0	-1.05e+06	0	-0.912632	
1475	0.000156265	0.227287	0	-1.05e+06	0	-0.918322	
1476	0.000156197	0.227443	0	-1.05e+06	0	-0.924	
1477	0.00015613	0.227599	0	-1.05e+06	0	-0.929665	
1478	0.000156064	0.227755	0	-1.05e+06	0	-0.935318	
1479	0.000155998	0.227911	0	-1.05e+06	0	-0.940958	
1480	0.000155933	0.228067	0	-1.05e+06	0	-0.946583	
1481	0.000155864	0.228223	0	-1.05e+06	0	-0.952194	
1482	0.000155684	0.228379	0	-1.05e+06	0	-0.957786	
1483	0.000155489	0.228535	0	-1.05e+06	0	-0.963358	
1484	0.000155295	0.22869	0	-1.05e+06	0	-0.968909	
1485	0.000155103	0.228845	0	-1.05e+06	0	-0.974439	
1486	0.000154912	0.229001	0	-1.05e+06	0	-0.979948	
1487	0.000154715	0.229155	0	-1.05e+06	0	-0.985434	
1488	0.00015452	0.22931	0	-1.05e+06	0	-0.990899	
1489	0.000154299	0.229465	0	-1.05e+06	0	-0.996339	
1490	0.000153971	0.229619	0	-1.05e+06	0	-1.00175	
1491	0.00015363	0.229773	0	-1.05e+06	0	-1.00714	
1492	0.000153282	0.229927	0	-1.05e+06	0	-1.01249	
1493	0.000152922	0.23008	0	-1.05e+06	0	-1.01782	
1494	0.000152549	0.230233	0	-1.05e+06	0	-1.02311	
1495	0.000152174	0.230385	0	-1.05e+06	0	-1.02838	
1496	0.000151801	0.230538	0	-1.05e+06	0	-1.03361	
1497	0.000151429	0.230689	0	-1.05e+06	0	-1.03881	
1498	0.00015106	0.230841	0	-1.05e+06	0	-1.04398	
1499	0.000150691	0.230992	0	-1.05e+06	0	-1.04912	
1500	0.000150323	0.231143	0	-1.05e+06	0	-1.05423	
1501	0.000149958	0.231293	0	-1.05e+06	0	-1.05931	
1502	0.000149596	0.231443	0	-1.05e+06	0	-1.06435	
1503	0.000149237	0.231592	0	-1.05e+06	0	-1.06937	
1504	0.00014888	0.231742	0	-1.05e+06	0	-1.07435	
1505	0.000148526	0.231891	0	-1.05e+06	0	-1.0793	
1506	0.000148175	0.232039	0	-1.05e+06	0	-1.08422	
1507	0.000147828	0.232187	0	-1.05e+06	0	-1.08911	
1508	0.000147482	0.232335	0	-1.05e+06	0	-1.09397	
1509	0.00014714	0.232483	0	-1.05e+06	0	-1.09879	
1510	0.000146801	0.23263	0	-1.05e+06	0	-1.10359	
1511	0.000146453	0.232776	0	-1.05e+06	0	-1.10835	
1512	0.000146105	0.232923	0	-1.05e+06	0	-1.11308	
1513	0.000145759	0.233069	0	-1.05e+06	0	-1.11778	
1514	0.000145416	0.233215	0	-1.05e+06	0	-1.12245	
1515	0.000145067	0.23336	0	-1.05e+06	0	-1.12709	
1516	0.000144719	0.233505	0	-1.05e+06	0	-1.1317	
1517	0.000144374	0.23365	0	-1.05e+06	0	-1.13627	
1518	0.000144033	0.233794	0	-1.05e+06	0	-1.14082	
1519	0.000143696	0.233938	0	-1.05e+06	0	-1.14533	
1520	0.000143362	0.234082	0	-1.05e+06	0	-1.14981	
1521	0.000143033	0.234225	0	-1.05e+06	0	-1.15427	
1522	0.000142708	0.234368	0	-1.05e+06	0	-1.15869	
1523	0.000142388	0.234511	0	-1.05e+06	0	-1.16308	
1524	0.000142072	0.234654	0	-1.05e+06	0	-1.16744	
1525	0.000141761	0.234796	0	-1.05e+06	0	-1.17178	
1526	0.000141455	0.234937	0	-1.05e+06	0	-1.17608	
1527	0.000141154	0.235079	0	-1.05e+06	0	-1.18035	
1528	0.000140858	0.23522	0	-1.05e+06	0	-1.1846	
1529	0.000140567	0.235361	0	-1.05e+06	0	-1.18881	
1530	0.000140282	0.235501	0	-1.05e+06	0	-1.193	
1531	0.000140002	0.235642	0	-1.05e+06	0	-1.19715	
1532	0.000139727	0.235782	0	-1.05e+06	0	-1.20128	
1533	0.000139458	0.235921	0	-1.05e+06	0	-1.20538	
1534	0.000139195	0.236061	0	-1.05e+06	0	-1.20945	
1535	0.000138937	0.2362	0	-1.05e+06	0	-1.2135	
1536	0.000138685	0.236339	0	-1.05e+06	0	-1.21751	
1537	0.000138436	0.236478	0	-1.05e+06	0	-1.2215	
1538	0.000138189	0.236616	0	-1.05e+06	0	-1.22545	
1539	0.000137948	0.236754	0	-1.05e+06	0	-1.22938	
1540	0.000137712	0.236892	0	-1.05e+06	0	-1.23328	
1541	0.000137482	0.23703	0	-1.05e+06	0	-1.23715	
1542	0.000137257	0.237167	0	-1.05e+06	0	-1.241	
1543	0.000137037	0.237305	0	-1.05e+06	0	-1.24481	
1544	0.000136824	0.237442	0	-1.05e+06	0	-1.2486	
1545	0.000136616	0.237579	0	-1.05e+06	0	-1.25236	
1546	0.000136415	0.237715	0	-1.05e+06	0	-1.25609	
1547	0.00013622	0.237852	0	-1.05e+06	0	-1.25979	
1548	0.000136031	0.237988	0	-1.05e+06	0	-1.26346	
1549	0.000135849	0.238124	0	-1.05e+06	0	-1.2671	
1550	0.000135673	0.23826	0	-1.05e+06	0	-1.27072	
1551	0.000135505	0.238395	0	-1.05e+06	0	-1.2743	
1552	0.000135343	0.238531	0	-1.05e+06	0	-1.27786	
1553	0.000135189	0.238666	0	-1.05e+06	0	-1.28138	
1554	0.000135043	0.238801	0	-1.05e+06	0	-1.28488	
1555	0.000134904	0.238936	0	-1.05e+06	0	-1.28835	
1556	0.000134773	0.239071	0	-1.05e+06	0	-1.29179	
1557	0.00013465	0.239206	0	-1.05e+06	0	-1.2952	
1558	0.000134535	0.239341	0	-1.05e+06	0	-1.29858	
1559	0.000134428	0.239475	0	-1.05e+06	0	-1.30193	
1560	0.00013433	0.23961	0	-1.05e+06	0	-1.30525	
1561	0.00013424	0.239744	0	-1.05e+06	0	-1.30854	
1562	0.000134159	0.239878	0	-1.05e+06	0	-1.3118	
1563	0.000134087	0.240013	0	-1.05e+06	0	-1.31503	
1564	0.000134023	0.240147	0	-1.05e+06	0	-1.31823	
1565	0.000133968	0.240281	0	-1.05e+06	0	-1.3214	
1566	0.000133923	0.240415	0	-1.05e+06	0	-1.32454	
1567	0.000133886	0.240549	0	-1.05e+06	0	-1.32765	
1568	0.000133859	0.240682	0	-1.05e+06	0	-1.33073	
1569	0.000133842	0.240816	0	-1.05e+06	0	-1.33378	
1570	0.000133834	0.24095	0	-1.05e+06	0	-1.33681	
1571	0.000133835	0.241084	0	-1.05e+06	0	-1.3398	
1572	0.000133846	0.241218	0	-1.05e+06	0	-1.34276	
1573	0.000133867	0.241352	0	-1.05e+06	0	-1.34569	
1574	0.000133898	0.241485	0	-1.05e+06	0	-1.3486	
1575	0.000133939	0.241619	0	-1.05e+06	0	-1.35147	
1576	0.00013399	0.241753	0	-1.05e+06	0	-1.35432	
1577	0.000134052	0.241887	0	-1.05e+06	0	-1.35713	
1578	0.000134123	0.242021	0	-1.05e+06	0	-1.35992	
1579	0.000134205	0.242155	0	-1.05e+06	0	-1.36268	
1580	0.000134293	0.24229	0	-1.05e+06	0	-1.36541	
1581	0.000134381	0.242424	0	-1.05e+06	0	-1.36811	
1582	0.000134481	0.242558	0	-1.05e+06	0	-1.37079	
1583	0.000134591	0.242693	0	-1.05e+06	0	-1.37344	
1584	0.000134712	0.242827	0	-1.05e+06	0	-1.37606	
1585	0.000134844	0.242962	0	-1.05e+06	0	-1.37865	
1586	0.000134987	0.243097	0	-1.05e+06	0	-1.38122	
1587	0.000135142	0.243232	0	-1.05e+06	0	-1.38376	
1588	0.000135308	0.243367	0	-1.05e+06	0	-1.38627	
1589	0.000135486	0.243502	0	-1.05e+06	0	-1.38876	
1590	0.000135676	0.243638	0	-1.05e+06	0	-1.39122	
1591	0.000135878	0.243774	0	-1.05e+06	0	-1.39366	
1592	0.000136092	0.243909	0	-1.05e+06	0	-1.39608	
1593	0.000136318	0.244046	0	-1.05e+06	0	-1.39847	
1594	0.000136556	0.244182	0	-1.05e+06	0	-1.40084	
1595	0.000136807	0.244318	0	-1.05e+06	0	-1.40319	
1596	0.000137069	0.244455	0	-1.05e+06	0	-1.40551	
1597	0.000137343	0.244592	0	-1.05e+06	0	-1.40781	
1598	0.00013763	0.24473	0	-1.05e+06	0	-1.41009	
1599	0.000137928	0.244867	0	-1.05e+06	0	-1.41235	
1600	0.000138237	0.245005	0	-1.05e+06	0	-1.41459	
1601	0.000138557	0.245143	0	-1.05e+06	0	-1.41681	
1602	0.000138866	0.245282	0	-1.05e+06	0	-1.41901	
1603	0.000139175	0.245421	0	-1.05e+06	0	-1.42119	
1604	0.000139492	0.24556	0	-1.05e+06	0	-1.42335	
1605	0.000139816	0.2457	0	-1.05e+06	0	-1.4255	
1606	0.000140147	0.245839	0	-1.05e+06	0	-1.42762	
1607	0.000140485	0.24598	0	-1.05e+06	0	-1.42972	
1608	0.000140825	0.24612	0	-1.05e+06	0	-1.43181	
1609	0.000141147	0.246261	0	-1.05e+06	0	-1.43388	
1610	0.000141451	0.246402	0	-1.05e+06	0	-1.43594	
1611	0.000141761	0.246543	0	-1.05e+06	0	-1.43797	
1612	0.000142076	0.246685	0	-1.05e+06	0	-1.43999	
1613	0.000142396	0.246827	0	-1.05e+06	0	-1.44199	
1614	0.00014272	0.24697	0	-1.05e+06	0	-1.44398	
1615	0.000143021	0.247112	0	-1.05e+06	0	-1.44595	
1616	0.0001433	0.247255	0	-1.05e+06	0	-1.4479	
1617	0.000143581	0.247399	0	-1.05e+06	0	-1.44984	
1618	0.000143865	0.247542	0	-1.05e+06	0	-1.45176	
1619	0.000144127	0.247686	0	-1.05e+06	0	-1.45367	
1620	0.00014435	0.24783	0	-1.05e+06	0	-1.45556	
1621	0.000144574	0.247975	0	-1.05e+06	0	-1.45743	
1622	0.000144802	0.248119	0	-1.05e+06	0	-1.45929	
1623	0.000144987	0.248264	0	-1.05e+06	0	-1.46113	
1624	0.000145163	0.248409	0	-1.05e+06	0	-1.46296	
1625	0.000145342	0.248554	0	-1.05e+06	0	-1.46477	
1626	0.000145526	0.248699	0	-1.05e+06	0	-1.46656	
1627	0.000145713	0.248845	0	-1.05e+06	0	-1.46835	
1628	0.000145896	0.248991	0	-1.05e+06	0	-1.47011	
1629	0.000146054	0.249137	0	-1.05e+06	0	-1.47187	
1630	0.000146212	0.249283	0	-1.05e+06	0	-1.47361	
1631	0.000146374	0.249429	0	-1.05e+06	0	-1.47533	
1632	0.00014654	0.249575	0	-1.05e+06	0	-1.47704	
1633	0.000146705	0.249722	0	-1.05e+06	0	-1.47874	
1634	0.000146839	0.249868	0	-1.05e+06	0	-1.48043	
1635	0.000146974	0.250015	0	-1.05e+06	0	-1.48211	
1636	0.000147083	0.250162	0	-1.05e+06	0	-1.48377	
