Step	dt	Time	fbody_x	fbody_y	fbody_z	dy_tip	
0	1e-16	0	0	0	0	2.471e-07	
1	1e-16	0	0	-1.05e+06	0	2.471e-07	
2	0.000279285	1e-16	0	-1.05e+06	0	-7.77529e-05	
3	0.000279067	0.000279285	0	-1.05e+06	0	-0.000233571	
4	0.000278647	0.000558352	0	-1.05e+06	0	-0.000466798	
5	0.000278045	0.000836999	0	-1.05e+06	0	-0.00077683	
6	0.00027729	0.00111504	0	-1.05e+06	0	-0.00116291	
7	0.000276412	0.00139233	0	-1.05e+06	0	-0.00162417	
8	0.00027544	0.00166875	0	-1.05e+06	0	-0.00215968	
9	0.000274405	0.00194419	0	-1.05e+06	0	-0.00276847	
10	0.000273332	0.00221859	0	-1.05e+06	0	-0.0034496	
11	0.000272243	0.00249192	0	-1.05e+06	0	-0.00420212	
12	0.000271153	0.00276417	0	-1.05e+06	0	-0.00502516	
13	0.000270076	0.00303532	0	-1.05e+06	0	-0.00591786	
14	0.000269018	0.0033054	0	-1.05e+06	0	-0.00687944	
15	0.000267984	0.00357441	0	-1.05e+06	0	-0.00790915	
16	0.000266976	0.0038424	0	-1.05e+06	0	-0.00900625	
17	0.000265991	0.00410937	0	-1.05e+06	0	-0.0101701	
18	0.000265029	0.00437536	0	-1.05e+06	0	-0.0113999	
19	0.000264085	0.00464039	0	-1.05e+06	0	-0.0126951	
20	0.000263156	0.00490448	0	-1.05e+06	0	-0.014055	
21	0.00026224	0.00516763	0	-1.05e+06	0	-0.0154789	
22	0.000261332	0.00542987	0	-1.05e+06	0	-0.0169662	
23	0.000260432	0.00569121	0	-1.05e+06	0	-0.0185162	
24	0.000259536	0.00595164	0	-1.05e+06	0	-0.0201282	
25	0.000258645	0.00621117	0	-1.05e+06	0	-0.0218016	
26	0.000257756	0.00646982	0	-1.05e+06	0	-0.0235357	
27	0.000256871	0.00672758	0	-1.05e+06	0	-0.0253298	
28	0.000255989	0.00698445	0	-1.05e+06	0	-0.0271833	
29	0.000255112	0.00724044	0	-1.05e+06	0	-0.0290955	
30	0.000254239	0.00749555	0	-1.05e+06	0	-0.0310658	
31	0.000253371	0.00774979	0	-1.05e+06	0	-0.0330935	
32	0.000252509	0.00800316	0	-1.05e+06	0	-0.0351782	
33	0.000251655	0.00825567	0	-1.05e+06	0	-0.0373191	
34	0.000250807	0.00850732	0	-1.05e+06	0	-0.0395157	
35	0.000249967	0.00875813	0	-1.05e+06	0	-0.0417674	
36	0.000249135	0.0090081	0	-1.05e+06	0	-0.0440737	
37	0.000248311	0.00925723	0	-1.05e+06	0	-0.046434	
38	0.000247495	0.00950554	0	-1.05e+06	0	-0.0488479	
39	0.000246686	0.00975304	0	-1.05e+06	0	-0.0513147	
40	0.000245886	0.00999972	0	-1.05e+06	0	-0.0538339	
41	0.000245093	0.0102456	0	-1.05e+06	0	-0.0564051	
42	0.000244307	0.0104907	0	-1.05e+06	0	-0.0590277	
43	0.000243529	0.010735	0	-1.05e+06	0	-0.0617013	
44	0.000242758	0.0109785	0	-1.05e+06	0	-0.0644254	
45	0.000241994	0.0112213	0	-1.05e+06	0	-0.0671994	
46	0.000241238	0.0114633	0	-1.05e+06	0	-0.070023	
47	0.000240489	0.0117045	0	-1.05e+06	0	-0.0728957	
48	0.000239748	0.011945	0	-1.05e+06	0	-0.0758169	
49	0.000239016	0.0121848	0	-1.05e+06	0	-0.0787864	
50	0.000238293	0.0124238	0	-1.05e+06	0	-0.0818037	
51	0.00023758	0.0126621	0	-1.05e+06	0	-0.0848684	
52	0.000236879	0.0128997	0	-1.05e+06	0	-0.0879802	
53	0.000236189	0.0131365	0	-1.05e+06	0	-0.0911387	
54	0.000235513	0.0133727	0	-1.05e+06	0	-0.0943436	
55	0.000234853	0.0136082	0	-1.05e+06	0	-0.0975947	
56	0.000234208	0.0138431	0	-1.05e+06	0	-0.100892	
57	0.000233583	0.0140773	0	-1.05e+06	0	-0.104234	
58	0.000232977	0.0143109	0	-1.05e+06	0	-0.107623	
59	0.000232394	0.0145439	0	-1.05e+06	0	-0.111057	
60	0.000231836	0.0147763	0	-1.05e+06	0	-0.114536	
61	0.000231304	0.0150081	0	-1.05e+06	0	-0.118061	
62	0.000230802	0.0152394	0	-1.05e+06	0	-0.121632	
63	0.00023033	0.0154702	0	-1.05e+06	0	-0.125248	
64	0.000229892	0.0157005	0	-1.05e+06	0	-0.12891	
65	0.00022949	0.0159304	0	-1.05e+06	0	-0.132619	
66	0.000229126	0.0161599	0	-1.05e+06	0	-0.136374	
67	0.000228802	0.016389	0	-1.05e+06	0	-0.140176	
68	0.00022852	0.0166178	0	-1.05e+06	0	-0.144026	
69	0.000228281	0.0168464	0	-1.05e+06	0	-0.147924	
70	0.000228087	0.0170746	0	-1.05e+06	0	-0.15187	
71	0.000227939	0.0173027	0	-1.05e+06	0	-0.155866	
72	0.000227838	0.0175307	0	-1.05e+06	0	-0.159912	
73	0.000227783	0.0177585	0	-1.05e+06	0	-0.164009	
74	0.000227776	0.0179863	0	-1.05e+06	0	-0.168158	
75	0.000227814	0.0182141	0	-1.05e+06	0	-0.172359	
76	0.000227898	0.0184419	0	-1.05e+06	0	-0.176614	
77	0.000228024	0.0186698	0	-1.05e+06	0	-0.180923	
78	0.000228191	0.0188978	0	-1.05e+06	0	-0.185287	
79	0.000228395	0.019126	0	-1.05e+06	0	-0.189708	
80	0.000228634	0.0193544	0	-1.05e+06	0	-0.194185	
81	0.000228903	0.019583	0	-1.05e+06	0	-0.19872	
82	0.000229198	0.0198119	0	-1.05e+06	0	-0.203313	
83	0.000229514	0.0200411	0	-1.05e+06	0	-0.207966	
84	0.000229846	0.0202706	0	-1.05e+06	0	-0.212678	
85	0.000230189	0.0205005	0	-1.05e+06	0	-0.217449	
86	0.00023039	0.0207307	0	-1.05e+06	0	-0.222278	
87	0.000230548	0.0209611	0	-1.05e+06	0	-0.227164	
88	0.000230731	0.0211916	0	-1.05e+06	0	-0.232106	
89	0.00023094	0.0214223	0	-1.05e+06	0	-0.237106	
90	0.000231174	0.0216533	0	-1.05e+06	0	-0.242165	
91	0.000231435	0.0218844	0	-1.05e+06	0	-0.247282	
92	0.000231721	0.0221159	0	-1.05e+06	0	-0.252459	
93	0.00023203	0.0223476	0	-1.05e+06	0	-0.257697	
94	0.00023236	0.0225796	0	-1.05e+06	0	-0.262995	
95	0.000232708	0.022812	0	-1.05e+06	0	-0.268355	
96	0.000233037	0.0230447	0	-1.05e+06	0	-0.273776	
97	0.000233365	0.0232777	0	-1.05e+06	0	-0.279258	
98	0.000233615	0.0235111	0	-1.05e+06	0	-0.2848	
99	0.000233749	0.0237447	0	-1.05e+06	0	-0.290398	
100	0.000233903	0.0239785	0	-1.05e+06	0	-0.296053	
101	0.00023408	0.0242124	0	-1.05e+06	0	-0.301764	
102	0.000234281	0.0244465	0	-1.05e+06	0	-0.307533	
103	0.000234508	0.0246807	0	-1.05e+06	0	-0.313359	
104	0.000234761	0.0249152	0	-1.05e+06	0	-0.319244	
105	0.000235038	0.02515	0	-1.05e+06	0	-0.325186	
106	0.000235337	0.025385	0	-1.05e+06	0	-0.331186	
107	0.000235644	0.0256204	0	-1.05e+06	0	-0.337243	
108	0.000235941	0.025856	0	-1.05e+06	0	-0.343357	
109	0.000236254	0.026092	0	-1.05e+06	0	-0.349527	
110	0.000236557	0.0263282	0	-1.05e+06	0	-0.355752	
111	0.000236776	0.0265648	0	-1.05e+06	0	-0.362028	
112	0.000237001	0.0268015	0	-1.05e+06	0	-0.368355	
113	0.000237196	0.0270385	0	-1.05e+06	0	-0.374729	
114	0.000237389	0.0272757	0	-1.05e+06	0	-0.38115	
115	0.000237561	0.0275131	0	-1.05e+06	0	-0.387616	
116	0.000237738	0.0277507	0	-1.05e+06	0	-0.394124	
117	0.000237923	0.0279884	0	-1.05e+06	0	-0.400674	
118	0.000238116	0.0282264	0	-1.05e+06	0	-0.407262	
119	0.000238319	0.0284645	0	-1.05e+06	0	-0.413889	
120	0.000238532	0.0287028	0	-1.05e+06	0	-0.420552	
121	0.000238755	0.0289413	0	-1.05e+06	0	-0.42725	
122	0.000238978	0.0291801	0	-1.05e+06	0	-0.43398	
123	0.000239105	0.0294191	0	-1.05e+06	0	-0.440738	
124	0.000239243	0.0296582	0	-1.05e+06	0	-0.447521	
125	0.000239395	0.0298974	0	-1.05e+06	0	-0.45433	
126	0.000239563	0.0301368	0	-1.05e+06	0	-0.461161	
127	0.00023965	0.0303764	0	-1.05e+06	0	-0.468011	
128	0.000239749	0.030616	0	-1.05e+06	0	-0.474879	
129	0.000239863	0.0308558	0	-1.05e+06	0	-0.481763	
130	0.000239997	0.0310956	0	-1.05e+06	0	-0.488663	
131	0.000240151	0.0313356	0	-1.05e+06	0	-0.495577	
132	0.000240328	0.0315758	0	-1.05e+06	0	-0.502506	
133	0.000240525	0.0318161	0	-1.05e+06	0	-0.509448	
134	0.000240741	0.0320566	0	-1.05e+06	0	-0.516404	
135	0.000240897	0.0322974	0	-1.05e+06	0	-0.523371	
136	0.000241053	0.0325383	0	-1.05e+06	0	-0.530348	
137	0.000241218	0.0327793	0	-1.05e+06	0	-0.537335	
138	0.000241274	0.0330205	0	-1.05e+06	0	-0.54433	
139	0.000241286	0.0332618	0	-1.05e+06	0	-0.551329	
140	0.000241242	0.0335031	0	-1.05e+06	0	-0.558332	
141	0.000241192	0.0337443	0	-1.05e+06	0	-0.565338	
142	0.000241136	0.0339855	0	-1.05e+06	0	-0.572348	
143	0.000241006	0.0342267	0	-1.05e+06	0	-0.57936	
144	0.000240849	0.0344677	0	-1.05e+06	0	-0.586372	
145	0.000240685	0.0347085	0	-1.05e+06	0	-0.593386	
146	0.000240516	0.0349492	0	-1.05e+06	0	-0.600402	
147	0.000240345	0.0351897	0	-1.05e+06	0	-0.607419	
148	0.000240173	0.0354301	0	-1.05e+06	0	-0.614438	
149	0.000240005	0.0356702	0	-1.05e+06	0	-0.621461	
150	0.000239841	0.0359102	0	-1.05e+06	0	-0.628487	
151	0.000239685	0.0361501	0	-1.05e+06	0	-0.635518	
152	0.000239537	0.0363898	0	-1.05e+06	0	-0.642553	
153	0.0002394	0.0366293	0	-1.05e+06	0	-0.649594	
154	0.000239274	0.0368687	0	-1.05e+06	0	-0.656641	
155	0.000239158	0.037108	0	-1.05e+06	0	-0.663696	
156	0.000239054	0.0373471	0	-1.05e+06	0	-0.670758	
157	0.000238958	0.0375862	0	-1.05e+06	0	-0.677828	
158	0.000238871	0.0378251	0	-1.05e+06	0	-0.684906	
159	0.000238737	0.038064	0	-1.05e+06	0	-0.691991	
160	0.000238598	0.0383028	0	-1.05e+06	0	-0.699083	
161	0.00023846	0.0385414	0	-1.05e+06	0	-0.706182	
162	0.000238322	0.0387798	0	-1.05e+06	0	-0.713288	
163	0.000238143	0.0390181	0	-1.05e+06	0	-0.720399	
164	0.000237843	0.0392563	0	-1.05e+06	0	-0.727511	
165	0.000237549	0.0394941	0	-1.05e+06	0	-0.734624	
166	0.000237278	0.0397317	0	-1.05e+06	0	-0.741739	
167	0.000237032	0.0399689	0	-1.05e+06	0	-0.748855	
168	0.00023681	0.040206	0	-1.05e+06	0	-0.755973	
169	0.000236613	0.0404428	0	-1.05e+06	0	-0.763093	
170	0.000236437	0.0406794	0	-1.05e+06	0	-0.770215	
171	0.000236279	0.0409158	0	-1.05e+06	0	-0.777339	
172	0.000236135	0.0411521	0	-1.05e+06	0	-0.784464	
173	0.000236001	0.0413883	0	-1.05e+06	0	-0.791591	
174	0.000235871	0.0416243	0	-1.05e+06	0	-0.798719	
175	0.000235741	0.0418601	0	-1.05e+06	0	-0.805848	
176	0.000235552	0.0420959	0	-1.05e+06	0	-0.812974	
177	0.0002353	0.0423314	0	-1.05e+06	0	-0.820096	
178	0.000235054	0.0425667	0	-1.05e+06	0	-0.827213	
179	0.000234814	0.0428018	0	-1.05e+06	0	-0.834325	
180	0.000234583	0.0430366	0	-1.05e+06	0	-0.841431	
181	0.00023436	0.0432712	0	-1.05e+06	0	-0.848531	
182	0.000234146	0.0435055	0	-1.05e+06	0	-0.855625	
183	0.000233941	0.0437397	0	-1.05e+06	0	-0.862713	
184	0.000233743	0.0439736	0	-1.05e+06	0	-0.869795	
185	0.000233551	0.0442074	0	-1.05e+06	0	-0.876869	
186	0.000233364	0.0444409	0	-1.05e+06	0	-0.883937	
187	0.000233179	0.0446743	0	-1.05e+06	0	-0.890997	
188	0.000232996	0.0449075	0	-1.05e+06	0	-0.89805	
189	0.000232734	0.0451404	0	-1.05e+06	0	-0.905093	
190	0.000232303	0.0453732	0	-1.05e+06	0	-0.912119	
191	0.00023183	0.0456055	0	-1.05e+06	0	-0.919128	
192	0.000231264	0.0458373	0	-1.05e+06	0	-0.926116	
193	0.000230708	0.0460686	0	-1.05e+06	0	-0.933083	
194	0.000230102	0.0462993	0	-1.05e+06	0	-0.940027	
195	0.000229451	0.0465294	0	-1.05e+06	0	-0.946947	
196	0.000228819	0.0467588	0	-1.05e+06	0	-0.953843	
197	0.00022821	0.0469877	0	-1.05e+06	0	-0.960714	
198	0.000227625	0.0472159	0	-1.05e+06	0	-0.967562	
199	0.000227069	0.0474435	0	-1.05e+06	0	-0.974386	
200	0.000226543	0.0476706	0	-1.05e+06	0	-0.981187	
201	0.00022605	0.0478971	0	-1.05e+06	0	-0.987965	
202	0.000225588	0.0481232	0	-1.05e+06	0	-0.994722	
203	0.00022516	0.0483487	0	-1.05e+06	0	-1.00146	
204	0.000224763	0.0485739	0	-1.05e+06	0	-1.00817	
205	0.000224397	0.0487987	0	-1.05e+06	0	-1.01486	
206	0.00022406	0.0490231	0	-1.05e+06	0	-1.02154	
207	0.000223749	0.0492471	0	-1.05e+06	0	-1.02819	
208	0.000223461	0.0494709	0	-1.05e+06	0	-1.03482	
209	0.000223192	0.0496943	0	-1.05e+06	0	-1.04143	
210	0.000222939	0.0499175	0	-1.05e+06	0	-1.04802	
211	0.000222697	0.0501405	0	-1.05e+06	0	-1.05459	
212	0.000222412	0.0503632	0	-1.05e+06	0	-1.06114	
213	0.000222062	0.0505856	0	-1.05e+06	0	-1.06766	
214	0.000221719	0.0508076	0	-1.05e+06	0	-1.07416	
215	0.000221361	0.0510294	0	-1.05e+06	0	-1.08064	
216	0.00022102	0.0512507	0	-1.05e+06	0	-1.08708	
217	0.0002207	0.0514717	0	-1.05e+06	0	-1.0935	
218	0.000220401	0.0516924	0	-1.05e+06	0	-1.0999	
219	0.000220124	0.0519128	0	-1.05e+06	0	-1.10627	
220	0.000219846	0.052133	0	-1.05e+06	0	-1.11262	
221	0.000219575	0.0523528	0	-1.05e+06	0	-1.11894	
222	0.000219317	0.0525724	0	-1.05e+06	0	-1.12523	
223	0.000219073	0.0527917	0	-1.05e+06	0	-1.1315	
224	0.000218844	0.0530108	0	-1.05e+06	0	-1.13774	
225	0.00021863	0.0532296	0	-1.05e+06	0	-1.14396	
226	0.000218407	0.0534482	0	-1.05e+06	0	-1.15016	
227	0.000218076	0.0536667	0	-1.05e+06	0	-1.15632	
228	0.000217756	0.0538847	0	-1.05e+06	0	-1.16246	
229	0.000217453	0.0541025	0	-1.05e+06	0	-1.16857	
230	0.00021717	0.0543199	0	-1.05e+06	0	-1.17465	
231	0.000216912	0.0545371	0	-1.05e+06	0	-1.1807	
232	0.000216682	0.054754	0	-1.05e+06	0	-1.18673	
233	0.000216482	0.0549707	0	-1.05e+06	0	-1.19274	
234	0.000216316	0.0551872	0	-1.05e+06	0	-1.19872	
235	0.000216184	0.0554035	0	-1.05e+06	0	-1.20467	
236	0.000216085	0.0556197	0	-1.05e+06	0	-1.21061	
237	0.000216021	0.0558358	0	-1.05e+06	0	-1.21652	
238	0.000215988	0.0560518	0	-1.05e+06	0	-1.22241	
239	0.000215984	0.0562678	0	-1.05e+06	0	-1.22828	
240	0.000216006	0.0564838	0	-1.05e+06	0	-1.23414	
241	0.00021605	0.0566998	0	-1.05e+06	0	-1.23997	
242	0.000216111	0.0569158	0	-1.05e+06	0	-1.24578	
243	0.000216185	0.0571319	0	-1.05e+06	0	-1.25158	
244	0.000216265	0.0573481	0	-1.05e+06	0	-1.25735	
245	0.000216295	0.0575644	0	-1.05e+06	0	-1.26311	
246	0.000216255	0.0577807	0	-1.05e+06	0	-1.26885	
247	0.000216228	0.0579969	0	-1.05e+06	0	-1.27456	
248	0.00021617	0.0582132	0	-1.05e+06	0	-1.28025	
249	0.000216101	0.0584293	0	-1.05e+06	0	-1.28591	
250	0.000216046	0.0586454	0	-1.05e+06	0	-1.29156	
251	0.000216006	0.0588615	0	-1.05e+06	0	-1.29718	
252	0.000215979	0.0590775	0	-1.05e+06	0	-1.30277	
253	0.000215965	0.0592935	0	-1.05e+06	0	-1.30835	
254	0.000215963	0.0595094	0	-1.05e+06	0	-1.3139	
255	0.000215969	0.0597254	0	-1.05e+06	0	-1.31942	
256	0.000215982	0.0599414	0	-1.05e+06	0	-1.32492	
257	0.000216	0.0601573	0	-1.05e+06	0	-1.3304	
258	0.000215942	0.0603733	0	-1.05e+06	0	-1.33585	
259	0.000215851	0.0605893	0	-1.05e+06	0	-1.34128	
260	0.000215771	0.0608051	0	-1.05e+06	0	-1.34667	
261	0.000215705	0.0610209	0	-1.05e+06	0	-1.35204	
262	0.000215656	0.0612366	0	-1.05e+06	0	-1.35738	
263	0.000215627	0.0614523	0	-1.05e+06	0	-1.36269	
264	0.00021562	0.0616679	0	-1.05e+06	0	-1.36798	
265	0.000215634	0.0618835	0	-1.05e+06	0	-1.37323	
266	0.000215671	0.0620991	0	-1.05e+06	0	-1.37846	
267	0.00021573	0.0623148	0	-1.05e+06	0	-1.38366	
268	0.000215807	0.0625305	0	-1.05e+06	0	-1.38883	
269	0.000215902	0.0627464	0	-1.05e+06	0	-1.39398	
270	0.000216001	0.0629623	0	-1.05e+06	0	-1.39909	
271	0.00021601	0.0631783	0	-1.05e+06	0	-1.40417	
272	0.000216033	0.0633943	0	-1.05e+06	0	-1.40923	
273	0.000216073	0.0636103	0	-1.05e+06	0	-1.41425	
274	0.000216134	0.0638264	0	-1.05e+06	0	-1.41923	
275	0.000216216	0.0640425	0	-1.05e+06	0	-1.42419	
276	0.000216322	0.0642587	0	-1.05e+06	0	-1.42911	
277	0.000216451	0.064475	0	-1.05e+06	0	-1.43401	
278	0.000216604	0.0646915	0	-1.05e+06	0	-1.43887	
279	0.000216779	0.0649081	0	-1.05e+06	0	-1.4437	
280	0.000216974	0.0651249	0	-1.05e+06	0	-1.44849	
281	0.000217188	0.0653419	0	-1.05e+06	0	-1.45326	
282	0.000217416	0.065559	0	-1.05e+06	0	-1.45799	
283	0.000217656	0.0657765	0	-1.05e+06	0	-1.46269	
284	0.000217871	0.0659941	0	-1.05e+06	0	-1.46736	
285	0.000218091	0.066212	0	-1.05e+06	0	-1.472	
286	0.000218291	0.0664301	0	-1.05e+06	0	-1.4766	
287	0.000218513	0.0666484	0	-1.05e+06	0	-1.48116	
288	0.000218758	0.0668669	0	-1.05e+06	0	-1.48569	
289	0.000219026	0.0670856	0	-1.05e+06	0	-1.49019	
290	0.000219318	0.0673047	0	-1.05e+06	0	-1.49466	
291	0.000219632	0.067524	0	-1.05e+06	0	-1.49909	
292	0.000219681	0.0677436	0	-1.05e+06	0	-1.50348	
293	0.00021971	0.0679633	0	-1.05e+06	0	-1.50783	
294	0.000219731	0.068183	0	-1.05e+06	0	-1.51214	
295	0.000219746	0.0684027	0	-1.05e+06	0	-1.51641	
296	0.000219755	0.0686225	0	-1.05e+06	0	-1.52064	
297	0.000219761	0.0688422	0	-1.05e+06	0	-1.52483	
298	0.000219765	0.069062	0	-1.05e+06	0	-1.52898	
299	0.000219769	0.0692818	0	-1.05e+06	0	-1.53309	
300	0.000219777	0.0695015	0	-1.05e+06	0	-1.53715	
301	0.000219791	0.0697213	0	-1.05e+06	0	-1.54118	
302	0.000219812	0.0699411	0	-1.05e+06	0	-1.54517	
303	0.000219845	0.0701609	0	-1.05e+06	0	-1.54911	
304	0.00021989	0.0703808	0	-1.05e+06	0	-1.55302	
305	0.000219949	0.0706006	0	-1.05e+06	0	-1.55689	
306	0.000220023	0.0708206	0	-1.05e+06	0	-1.56071	
307	0.000220111	0.0710406	0	-1.05e+06	0	-1.5645	
308	0.00022018	0.0712607	0	-1.05e+06	0	-1.56825	
309	0.000220262	0.0714809	0	-1.05e+06	0	-1.57196	
310	0.000220356	0.0717012	0	-1.05e+06	0	-1.57563	
311	0.000220463	0.0719215	0	-1.05e+06	0	-1.57926	
312	0.000220582	0.072142	0	-1.05e+06	0	-1.58285	
313	0.000220711	0.0723626	0	-1.05e+06	0	-1.58641	
314	0.000220848	0.0725833	0	-1.05e+06	0	-1.58992	
315	0.000220991	0.0728041	0	-1.05e+06	0	-1.5934	
316	0.000221118	0.0730251	0	-1.05e+06	0	-1.59684	
317	0.000221225	0.0732462	0	-1.05e+06	0	-1.60024	
318	0.000221319	0.0734675	0	-1.05e+06	0	-1.6036	
319	0.000221352	0.0736888	0	-1.05e+06	0	-1.60692	
320	0.000221297	0.0739101	0	-1.05e+06	0	-1.6102	
321	0.000221136	0.0741314	0	-1.05e+06	0	-1.61344	
322	0.000220974	0.0743526	0	-1.05e+06	0	-1.61663	
323	0.000220813	0.0745735	0	-1.05e+06	0	-1.61979	
324	0.000220668	0.0747944	0	-1.05e+06	0	-1.6229	
325	0.000220537	0.075015	0	-1.05e+06	0	-1.62597	
326	0.000220417	0.0752356	0	-1.05e+06	0	-1.62899	
327	0.000220305	0.075456	0	-1.05e+06	0	-1.63198	
328	0.0002202	0.0756763	0	-1.05e+06	0	-1.63492	
329	0.000220097	0.0758965	0	-1.05e+06	0	-1.63783	
330	0.000219972	0.0761166	0	-1.05e+06	0	-1.64069	
331	0.000219792	0.0763366	0	-1.05e+06	0	-1.64351	
332	0.00021962	0.0765563	0	-1.05e+06	0	-1.64629	
333	0.000219456	0.076776	0	-1.05e+06	0	-1.64903	
334	0.000219299	0.0769954	0	-1.05e+06	0	-1.65172	
335	0.000219149	0.0772147	0	-1.05e+06	0	-1.65438	
336	0.000219005	0.0774339	0	-1.05e+06	0	-1.65699	
337	0.000218867	0.0776529	0	-1.05e+06	0	-1.65957	
338	0.000218734	0.0778717	0	-1.05e+06	0	-1.6621	
339	0.000218607	0.0780905	0	-1.05e+06	0	-1.66459	
340	0.000218486	0.0783091	0	-1.05e+06	0	-1.66705	
341	0.000218372	0.0785276	0	-1.05e+06	0	-1.66946	
342	0.000218265	0.0787459	0	-1.05e+06	0	-1.67183	
343	0.000218166	0.0789642	0	-1.05e+06	0	-1.67416	
344	0.000218049	0.0791824	0	-1.05e+06	0	-1.67646	
345	0.000217915	0.0794004	0	-1.05e+06	0	-1.67871	
346	0.000217794	0.0796183	0	-1.05e+06	0	-1.68093	
347	0.000217689	0.0798361	0	-1.05e+06	0	-1.6831	
348	0.000217602	0.0800538	0	-1.05e+06	0	-1.68524	
349	0.000217536	0.0802714	0	-1.05e+06	0	-1.68733	
350	0.000217492	0.080489	0	-1.05e+06	0	-1.68939	
351	0.000217471	0.0807065	0	-1.05e+06	0	-1.69141	
352	0.000217475	0.0809239	0	-1.05e+06	0	-1.69339	
353	0.000217504	0.0811414	0	-1.05e+06	0	-1.69534	
354	0.000217558	0.0813589	0	-1.05e+06	0	-1.69725	
355	0.000217637	0.0815765	0	-1.05e+06	0	-1.69912	
356	0.000217738	0.0817941	0	-1.05e+06	0	-1.70095	
357	0.00021786	0.0820118	0	-1.05e+06	0	-1.70274	
358	0.000217854	0.0822297	0	-1.05e+06	0	-1.7045	
359	0.000217847	0.0824475	0	-1.05e+06	0	-1.70622	
360	0.000217856	0.0826654	0	-1.05e+06	0	-1.7079	
361	0.000217881	0.0828833	0	-1.05e+06	0	-1.70955	
362	0.000217922	0.0831011	0	-1.05e+06	0	-1.71116	
363	0.000217941	0.0833191	0	-1.05e+06	0	-1.71273	
364	0.000217974	0.083537	0	-1.05e+06	0	-1.71426	
365	0.000218023	0.083755	0	-1.05e+06	0	-1.71576	
366	0.000218088	0.083973	0	-1.05e+06	0	-1.71721	
367	0.000218132	0.0841911	0	-1.05e+06	0	-1.71864	
368	0.000218182	0.0844092	0	-1.05e+06	0	-1.72002	
369	0.000218244	0.0846274	0	-1.05e+06	0	-1.72137	
370	0.000218325	0.0848456	0	-1.05e+06	0	-1.72268	
371	0.000218422	0.085064	0	-1.05e+06	0	-1.72396	
372	0.000218535	0.0852824	0	-1.05e+06	0	-1.7252	
373	0.000218634	0.0855009	0	-1.05e+06	0	-1.7264	
374	0.000218744	0.0857196	0	-1.05e+06	0	-1.72756	
375	0.000218866	0.0859383	0	-1.05e+06	0	-1.72869	
376	0.000219	0.0861572	0	-1.05e+06	0	-1.72979	
377	0.000219143	0.0863762	0	-1.05e+06	0	-1.73084	
378	0.000219293	0.0865953	0	-1.05e+06	0	-1.73186	
379	0.000219449	0.0868146	0	-1.05e+06	0	-1.73285	
380	0.000219608	0.0870341	0	-1.05e+06	0	-1.7338	
381	0.000219769	0.0872537	0	-1.05e+06	0	-1.73471	
382	0.000219928	0.0874734	0	-1.05e+06	0	-1.73558	
383	0.000220086	0.0876934	0	-1.05e+06	0	-1.73642	
384	0.000220239	0.0879134	0	-1.05e+06	0	-1.73722	
385	0.000220388	0.0881337	0	-1.05e+06	0	-1.73798	
386	0.000220462	0.0883541	0	-1.05e+06	0	-1.73871	
387	0.000220523	0.0885745	0	-1.05e+06	0	-1.73939	
388	0.00022058	0.0887951	0	-1.05e+06	0	-1.74004	
389	0.000220634	0.0890156	0	-1.05e+06	0	-1.74066	
390	0.000220682	0.0892363	0	-1.05e+06	0	-1.74123	
391	0.000220729	0.089457	0	-1.05e+06	0	-1.74176	
392	0.00022078	0.0896777	0	-1.05e+06	0	-1.74226	
393	0.000220827	0.0898985	0	-1.05e+06	0	-1.74272	
394	0.000220872	0.0901193	0	-1.05e+06	0	-1.74314	
395	0.000220917	0.0903402	0	-1.05e+06	0	-1.74352	
396	0.000220962	0.0905611	0	-1.05e+06	0	-1.74386	
397	0.000221009	0.090782	0	-1.05e+06	0	-1.74416	
398	0.000221057	0.091003	0	-1.05e+06	0	-1.74442	
399	0.000221108	0.0912241	0	-1.05e+06	0	-1.74464	
400	0.00022116	0.0914452	0	-1.05e+06	0	-1.74482	
401	0.000221215	0.0916664	0	-1.05e+06	0	-1.74496	
402	0.000221272	0.0918876	0	-1.05e+06	0	-1.74506	
403	0.000221215	0.0921089	0	-1.05e+06	0	-1.74511	
404	0.000221157	0.0923301	0	-1.05e+06	0	-1.74513	
405	0.000221108	0.0925512	0	-1.05e+06	0	-1.7451	
406	0.000221071	0.0927723	0	-1.05e+06	0	-1.74503	
407	0.000221049	0.0929934	0	-1.05e+06	0	-1.74492	
408	0.000221046	0.0932145	0	-1.05e+06	0	-1.74477	
409	0.000221062	0.0934355	0	-1.05e+06	0	-1.74457	
410	0.000221099	0.0936566	0	-1.05e+06	0	-1.74433	
411	0.000221155	0.0938777	0	-1.05e+06	0	-1.74405	
412	0.000221229	0.0940988	0	-1.05e+06	0	-1.74372	
413	0.000221318	0.0943201	0	-1.05e+06	0	-1.74335	
414	0.000221381	0.0945414	0	-1.05e+06	0	-1.74293	
415	0.000221441	0.0947627	0	-1.05e+06	0	-1.74247	
416	0.000221431	0.0949842	0	-1.05e+06	0	-1.74196	
417	0.000221427	0.0952056	0	-1.05e+06	0	-1.74141	
418	0.000221275	0.095427	0	-1.05e+06	0	-1.74081	
419	0.000221067	0.0956483	0	-1.05e+06	0	-1.74016	
420	0.000220862	0.0958694	0	-1.05e+06	0	-1.73947	
421	0.000220662	0.0960903	0	-1.05e+06	0	-1.73874	
422	0.000220467	0.0963109	0	-1.05e+06	0	-1.73795	
423	0.000220285	0.0965314	0	-1.05e+06	0	-1.73713	
424	0.000220117	0.0967517	0	-1.05e+06	0	-1.73625	
425	0.000219961	0.0969718	0	-1.05e+06	0	-1.73533	
426	0.000219817	0.0971917	0	-1.05e+06	0	-1.73437	
427	0.000219686	0.0974116	0	-1.05e+06	0	-1.73335	
428	0.000219566	0.0976312	0	-1.05e+06	0	-1.73229	
429	0.000219456	0.0978508	0	-1.05e+06	0	-1.73119	
430	0.000219353	0.0980703	0	-1.05e+06	0	-1.73003	
431	0.000219256	0.0982896	0	-1.05e+06	0	-1.72884	
432	0.000219161	0.0985089	0	-1.05e+06	0	-1.72759	
433	0.000219066	0.098728	0	-1.05e+06	0	-1.7263	
434	0.000218878	0.0989471	0	-1.05e+06	0	-1.72496	
435	0.000218657	0.099166	0	-1.05e+06	0	-1.72357	
436	0.000218363	0.0993846	0	-1.05e+06	0	-1.72214	
437	0.000218081	0.099603	0	-1.05e+06	0	-1.72067	
438	0.000217811	0.0998211	0	-1.05e+06	0	-1.71915	
439	0.000217558	0.100039	0	-1.05e+06	0	-1.71759	
440	0.000217321	0.100256	0	-1.05e+06	0	-1.71598	
441	0.000217102	0.100474	0	-1.05e+06	0	-1.71432	
442	0.000216901	0.100691	0	-1.05e+06	0	-1.71263	
443	0.000216718	0.100908	0	-1.05e+06	0	-1.71089	
444	0.00021655	0.101124	0	-1.05e+06	0	-1.7091	
445	0.000216398	0.101341	0	-1.05e+06	0	-1.70727	
446	0.000216259	0.101557	0	-1.05e+06	0	-1.70539	
447	0.000216132	0.101774	0	-1.05e+06	0	-1.70348	
448	0.000216014	0.10199	0	-1.05e+06	0	-1.70151	
449	0.000215903	0.102206	0	-1.05e+06	0	-1.69951	
450	0.000215797	0.102422	0	-1.05e+06	0	-1.69746	
451	0.000215641	0.102638	0	-1.05e+06	0	-1.69536	
452	0.000215431	0.102853	0	-1.05e+06	0	-1.69323	
453	0.000215209	0.103069	0	-1.05e+06	0	-1.69105	
454	0.000215	0.103284	0	-1.05e+06	0	-1.68883	
455	0.000214807	0.103499	0	-1.05e+06	0	-1.68657	
456	0.000214632	0.103714	0	-1.05e+06	0	-1.68426	
457	0.000214475	0.103928	0	-1.05e+06	0	-1.68192	
458	0.000214337	0.104143	0	-1.05e+06	0	-1.67953	
459	0.000214219	0.104357	0	-1.05e+06	0	-1.6771	
460	0.000214119	0.104571	0	-1.05e+06	0	-1.67463	
461	0.000214038	0.104785	0	-1.05e+06	0	-1.67211	
462	0.000213944	0.104999	0	-1.05e+06	0	-1.66956	
463	0.00021384	0.105213	0	-1.05e+06	0	-1.66696	
464	0.000213722	0.105427	0	-1.05e+06	0	-1.66432	
465	0.000213611	0.105641	0	-1.05e+06	0	-1.66164	
466	0.00021346	0.105855	0	-1.05e+06	0	-1.65892	
467	0.000213284	0.106068	0	-1.05e+06	0	-1.65616	
468	0.000213117	0.106281	0	-1.05e+06	0	-1.65336	
469	0.000212962	0.106494	0	-1.05e+06	0	-1.65052	
470	0.000212821	0.106707	0	-1.05e+06	0	-1.64763	
471	0.00021269	0.10692	0	-1.05e+06	0	-1.64471	
472	0.000212583	0.107133	0	-1.05e+06	0	-1.64175	
473	0.000212502	0.107345	0	-1.05e+06	0	-1.63875	
474	0.000212447	0.107558	0	-1.05e+06	0	-1.6357	
475	0.000212421	0.10777	0	-1.05e+06	0	-1.63262	
476	0.000212414	0.107983	0	-1.05e+06	0	-1.62949	
477	0.000212431	0.108195	0	-1.05e+06	0	-1.62632	
478	0.000212471	0.108408	0	-1.05e+06	0	-1.62311	
479	0.000212534	0.10862	0	-1.05e+06	0	-1.61986	
480	0.000212619	0.108833	0	-1.05e+06	0	-1.61657	
481	0.000212722	0.109045	0	-1.05e+06	0	-1.61323	
482	0.000212842	0.109258	0	-1.05e+06	0	-1.60985	
483	0.000212924	0.109471	0	-1.05e+06	0	-1.60642	
484	0.000212963	0.109684	0	-1.05e+06	0	-1.60296	
485	0.000213014	0.109897	0	-1.05e+06	0	-1.59945	
486	0.000213077	0.11011	0	-1.05e+06	0	-1.5959	
487	0.000213152	0.110323	0	-1.05e+06	0	-1.59231	
488	0.00021324	0.110536	0	-1.05e+06	0	-1.58867	
489	0.000213341	0.110749	0	-1.05e+06	0	-1.585	
490	0.000213455	0.110963	0	-1.05e+06	0	-1.58128	
491	0.000213582	0.111176	0	-1.05e+06	0	-1.57752	
492	0.000213712	0.11139	0	-1.05e+06	0	-1.57371	
493	0.000213836	0.111603	0	-1.05e+06	0	-1.56986	
494	0.000213974	0.111817	0	-1.05e+06	0	-1.56597	
495	0.000214124	0.112031	0	-1.05e+06	0	-1.56204	
496	0.000214285	0.112245	0	-1.05e+06	0	-1.55806	
497	0.000214454	0.11246	0	-1.05e+06	0	-1.55404	
498	0.000214629	0.112674	0	-1.05e+06	0	-1.54998	
499	0.000214809	0.112889	0	-1.05e+06	0	-1.54587	
500	0.000214991	0.113103	0	-1.05e+06	0	-1.54172	
501	0.000215174	0.113318	0	-1.05e+06	0	-1.53753	
502	0.000215358	0.113534	0	-1.05e+06	0	-1.5333	
503	0.000215542	0.113749	0	-1.05e+06	0	-1.52902	
504	0.000215725	0.113965	0	-1.05e+06	0	-1.5247	
505	0.000215909	0.11418	0	-1.05e+06	0	-1.52033	
506	0.000216093	0.114396	0	-1.05e+06	0	-1.51593	
507	0.000216281	0.114612	0	-1.05e+06	0	-1.51148	
508	0.000216472	0.114829	0	-1.05e+06	0	-1.50699	
509	0.00021667	0.115045	0	-1.05e+06	0	-1.50246	
510	0.000216852	0.115262	0	-1.05e+06	0	-1.49789	
511	0.000217025	0.115479	0	-1.05e+06	0	-1.49327	
512	0.000217205	0.115696	0	-1.05e+06	0	-1.48862	
513	0.000217393	0.115913	0	-1.05e+06	0	-1.48392	
514	0.000217592	0.11613	0	-1.05e+06	0	-1.47918	
515	0.000217803	0.116348	0	-1.05e+06	0	-1.47441	
516	0.000218027	0.116566	0	-1.05e+06	0	-1.46959	
517	0.000218267	0.116784	0	-1.05e+06	0	-1.46473	
518	0.000218522	0.117002	0	-1.05e+06	0	-1.45983	
519	0.000218766	0.11722	0	-1.05e+06	0	-1.45489	
520	0.000218948	0.117439	0	-1.05e+06	0	-1.44991	
521	0.000219131	0.117658	0	-1.05e+06	0	-1.44489	
522	0.000219323	0.117877	0	-1.05e+06	0	-1.43984	
523	0.000219528	0.118097	0	-1.05e+06	0	-1.43474	
524	0.00021975	0.118316	0	-1.05e+06	0	-1.42961	
525	0.000219962	0.118536	0	-1.05e+06	0	-1.42444	
526	0.000220196	0.118756	0	-1.05e+06	0	-1.41923	
527	0.000220457	0.118976	0	-1.05e+06	0	-1.41399	
528	0.000220747	0.119196	0	-1.05e+06	0	-1.40871	
529	0.000221068	0.119417	0	-1.05e+06	0	-1.40338	
530	0.00022142	0.119638	0	-1.05e+06	0	-1.39802	
531	0.000221802	0.11986	0	-1.05e+06	0	-1.39262	
532	0.000222213	0.120081	0	-1.05e+06	0	-1.38718	
533	0.000222651	0.120304	0	-1.05e+06	0	-1.3817	
534	0.000223111	0.120526	0	-1.05e+06	0	-1.37618	
535	0.000223589	0.120749	0	-1.05e+06	0	-1.37061	
536	0.000224081	0.120973	0	-1.05e+06	0	-1.36501	
537	0.000224458	0.121197	0	-1.05e+06	0	-1.35937	
538	0.000224809	0.121422	0	-1.05e+06	0	-1.35369	
539	0.000225055	0.121646	0	-1.05e+06	0	-1.34798	
540	0.000225305	0.121871	0	-1.05e+06	0	-1.34224	
541	0.000225567	0.122097	0	-1.05e+06	0	-1.33646	
542	0.000225841	0.122322	0	-1.05e+06	0	-1.33065	
543	0.000226129	0.122548	0	-1.05e+06	0	-1.3248	
544	0.000226419	0.122774	0	-1.05e+06	0	-1.31893	
545	0.000226665	0.123001	0	-1.05e+06	0	-1.31302	
546	0.000226918	0.123227	0	-1.05e+06	0	-1.30708	
547	0.000227178	0.123454	0	-1.05e+06	0	-1.30111	
548	0.000227443	0.123681	0	-1.05e+06	0	-1.29511	
549	0.000227714	0.123909	0	-1.05e+06	0	-1.28907	
550	0.000227988	0.124137	0	-1.05e+06	0	-1.28301	
551	0.000228263	0.124365	0	-1.05e+06	0	-1.27692	
552	0.000228503	0.124593	0	-1.05e+06	0	-1.27079	
553	0.000228708	0.124821	0	-1.05e+06	0	-1.26464	
554	0.000228896	0.12505	0	-1.05e+06	0	-1.25846	
555	0.000229081	0.125279	0	-1.05e+06	0	-1.25226	
556	0.000229228	0.125508	0	-1.05e+06	0	-1.24603	
557	0.000229284	0.125737	0	-1.05e+06	0	-1.23978	
558	0.000229338	0.125967	0	-1.05e+06	0	-1.2335	
559	0.00022939	0.126196	0	-1.05e+06	0	-1.2272	
560	0.000229434	0.126425	0	-1.05e+06	0	-1.22089	
561	0.000229474	0.126655	0	-1.05e+06	0	-1.21455	
562	0.000229511	0.126884	0	-1.05e+06	0	-1.20819	
563	0.000229545	0.127114	0	-1.05e+06	0	-1.20181	
564	0.000229577	0.127343	0	-1.05e+06	0	-1.19541	
565	0.000229606	0.127573	0	-1.05e+06	0	-1.18899	
566	0.000229632	0.127802	0	-1.05e+06	0	-1.18255	
567	0.000229657	0.128032	0	-1.05e+06	0	-1.17609	
568	0.00022968	0.128262	0	-1.05e+06	0	-1.16962	
569	0.000229702	0.128491	0	-1.05e+06	0	-1.16313	
570	0.000229724	0.128721	0	-1.05e+06	0	-1.15662	
571	0.000229747	0.128951	0	-1.05e+06	0	-1.15009	
572	0.000229771	0.129181	0	-1.05e+06	0	-1.14354	
573	0.000229796	0.12941	0	-1.05e+06	0	-1.13698	
574	0.000229824	0.12964	0	-1.05e+06	0	-1.1304	
575	0.000229854	0.12987	0	-1.05e+06	0	-1.1238	
576	0.000229888	0.1301	0	-1.05e+06	0	-1.11719	
577	0.000229878	0.13033	0	-1.05e+06	0	-1.11056	
578	0.000229754	0.13056	0	-1.05e+06	0	-1.10392	
579	0.000229629	0.130789	0	-1.05e+06	0	-1.09727	
580	0.000229505	0.131019	0	-1.05e+06	0	-1.09061	
581	0.000229381	0.131248	0	-1.05e+06	0	-1.08394	
582	0.000229259	0.131478	0	-1.05e+06	0	-1.07726	
583	0.000229114	0.131707	0	-1.05e+06	0	-1.07056	
584	0.000228941	0.131936	0	-1.05e+06	0	-1.06386	
585	0.000228768	0.132165	0	-1.05e+06	0	-1.05715	
586	0.000228598	0.132394	0	-1.05e+06	0	-1.05043	
587	0.000228429	0.132623	0	-1.05e+06	0	-1.04371	
588	0.000228194	0.132851	0	-1.05e+06	0	-1.03698	
589	0.000227948	0.133079	0	-1.05e+06	0	-1.03024	
590	0.00022771	0.133307	0	-1.05e+06	0	-1.0235	
591	0.000227482	0.133535	0	-1.05e+06	0	-1.01675	
592	0.000227265	0.133762	0	-1.05e+06	0	-1.01	
593	0.000227061	0.13399	0	-1.05e+06	0	-1.00324	
594	0.000226871	0.134217	0	-1.05e+06	0	-0.996471	
595	0.000226676	0.134443	0	-1.05e+06	0	-0.989701	
596	0.000226479	0.13467	0	-1.05e+06	0	-0.982926	
597	0.000226304	0.134897	0	-1.05e+06	0	-0.976146	
598	0.000226153	0.135123	0	-1.05e+06	0	-0.96936	
599	0.000226025	0.135349	0	-1.05e+06	0	-0.962567	
600	0.00022592	0.135575	0	-1.05e+06	0	-0.955769	
601	0.000225838	0.135801	0	-1.05e+06	0	-0.948963	
602	0.000225778	0.136027	0	-1.05e+06	0	-0.94215	
603	0.00022574	0.136253	0	-1.05e+06	0	-0.93533	
604	0.000225722	0.136478	0	-1.05e+06	0	-0.928502	
605	0.000225724	0.136704	0	-1.05e+06	0	-0.921666	
606	0.000225743	0.13693	0	-1.05e+06	0	-0.914823	
607	0.000225777	0.137156	0	-1.05e+06	0	-0.907971	
608	0.000225826	0.137381	0	-1.05e+06	0	-0.901111	
609	0.000225887	0.137607	0	-1.05e+06	0	-0.894243	
610	0.000225923	0.137833	0	-1.05e+06	0	-0.887369	
611	0.000225954	0.138059	0	-1.05e+06	0	-0.880489	
612	0.000225994	0.138285	0	-1.05e+06	0	-0.873603	
613	0.000226043	0.138511	0	-1.05e+06	0	-0.866711	
614	0.000226054	0.138737	0	-1.05e+06	0	-0.859816	
615	0.00022606	0.138963	0	-1.05e+06	0	-0.852917	
616	0.000226076	0.139189	0	-1.05e+06	0	-0.846016	
617	0.000226102	0.139415	0	-1.05e+06	0	-0.839112	
618	0.000226138	0.139641	0	-1.05e+06	0	-0.832206	
619	0.000226183	0.139867	0	-1.05e+06	0	-0.825298	
620	0.000226227	0.140094	0	-1.05e+06	0	-0.818389	
621	0.000226242	0.14032	0	-1.05e+06	0	-0.81148	
622	0.000226265	0.140546	0	-1.05e+06	0	-0.804572	
623	0.000226258	0.140772	0	-1.05e+06	0	-0.797666	
624	0.000226232	0.140999	0	-1.05e+06	0	-0.790763	
625	0.000226215	0.141225	0	-1.05e+06	0	-0.783864	
626	0.000226209	0.141451	0	-1.05e+06	0	-0.776969	
627	0.000226213	0.141677	0	-1.05e+06	0	-0.770078	
628	0.000226227	0.141903	0	-1.05e+06	0	-0.763191	
629	0.000226252	0.14213	0	-1.05e+06	0	-0.75631	
630	0.000226287	0.142356	0	-1.05e+06	0	-0.749434	
631	0.000226333	0.142582	0	-1.05e+06	0	-0.742563	
632	0.000226389	0.142809	0	-1.05e+06	0	-0.735698	
633	0.000226455	0.143035	0	-1.05e+06	0	-0.728838	
634	0.000226532	0.143261	0	-1.05e+06	0	-0.721986	
635	0.000226618	0.143488	0	-1.05e+06	0	-0.715139	
636	0.000226713	0.143715	0	-1.05e+06	0	-0.7083	
637	0.000226815	0.143941	0	-1.05e+06	0	-0.701467	
638	0.000226924	0.144168	0	-1.05e+06	0	-0.694643	
639	0.000227038	0.144395	0	-1.05e+06	0	-0.687826	
640	0.000227156	0.144622	0	-1.05e+06	0	-0.681017	
641	0.000227237	0.144849	0	-1.05e+06	0	-0.674219	
642	0.000227315	0.145076	0	-1.05e+06	0	-0.667431	
643	0.000227395	0.145304	0	-1.05e+06	0	-0.660654	
644	0.000227478	0.145531	0	-1.05e+06	0	-0.653889	
645	0.000227563	0.145759	0	-1.05e+06	0	-0.647135	
646	0.000227648	0.145986	0	-1.05e+06	0	-0.640394	
647	0.000227733	0.146214	0	-1.05e+06	0	-0.633666	
648	0.000227816	0.146442	0	-1.05e+06	0	-0.626952	
649	0.000227896	0.146669	0	-1.05e+06	0	-0.620251	
650	0.000227972	0.146897	0	-1.05e+06	0	-0.613565	
651	0.000228038	0.147125	0	-1.05e+06	0	-0.606894	
652	0.000228092	0.147353	0	-1.05e+06	0	-0.60024	
653	0.000228142	0.147581	0	-1.05e+06	0	-0.593602	
654	0.000228189	0.14781	0	-1.05e+06	0	-0.586982	
655	0.000228232	0.148038	0	-1.05e+06	0	-0.580379	
656	0.000228271	0.148266	0	-1.05e+06	0	-0.573795	
657	0.000228307	0.148494	0	-1.05e+06	0	-0.56723	
658	0.000228342	0.148723	0	-1.05e+06	0	-0.560684	
659	0.000228375	0.148951	0	-1.05e+06	0	-0.554159	
660	0.00022841	0.149179	0	-1.05e+06	0	-0.547654	
661	0.000228446	0.149408	0	-1.05e+06	0	-0.541169	
662	0.000228485	0.149636	0	-1.05e+06	0	-0.534706	
663	0.000228525	0.149865	0	-1.05e+06	0	-0.528265	
664	0.000228573	0.150093	0	-1.05e+06	0	-0.521846	
665	0.000228628	0.150322	0	-1.05e+06	0	-0.515448	
666	0.000228693	0.15055	0	-1.05e+06	0	-0.509073	
667	0.00022877	0.150779	0	-1.05e+06	0	-0.502721	
668	0.000228859	0.151008	0	-1.05e+06	0	-0.496391	
669	0.000228963	0.151237	0	-1.05e+06	0	-0.490084	
670	0.000229082	0.151466	0	-1.05e+06	0	-0.4838	
671	0.000229216	0.151695	0	-1.05e+06	0	-0.477539	
672	0.000229367	0.151924	0	-1.05e+06	0	-0.471301	
673	0.000229534	0.152153	0	-1.05e+06	0	-0.465086	
674	0.000229717	0.152383	0	-1.05e+06	0	-0.458895	
675	0.000229914	0.152613	0	-1.05e+06	0	-0.452726	
676	0.000230126	0.152842	0	-1.05e+06	0	-0.446582	
677	0.000230351	0.153073	0	-1.05e+06	0	-0.440461	
678	0.000230587	0.153303	0	-1.05e+06	0	-0.434364	
679	0.000230801	0.153534	0	-1.05e+06	0	-0.428292	
680	0.000230992	0.153764	0	-1.05e+06	0	-0.422247	
681	0.000231198	0.153995	0	-1.05e+06	0	-0.416228	
682	0.000231419	0.154226	0	-1.05e+06	0	-0.410237	
683	0.000231656	0.154458	0	-1.05e+06	0	-0.404272	
684	0.000231907	0.15469	0	-1.05e+06	0	-0.398334	
685	0.000232172	0.154921	0	-1.05e+06	0	-0.392423	
686	0.000232448	0.155154	0	-1.05e+06	0	-0.386541	
687	0.000232736	0.155386	0	-1.05e+06	0	-0.380686	
688	0.000233031	0.155619	0	-1.05e+06	0	-0.37486	
689	0.000233332	0.155852	0	-1.05e+06	0	-0.369062	
690	0.000233637	0.156085	0	-1.05e+06	0	-0.363294	
691	0.000233943	0.156319	0	-1.05e+06	0	-0.357555	
692	0.000234247	0.156553	0	-1.05e+06	0	-0.351847	
693	0.000234547	0.156787	0	-1.05e+06	0	-0.34617	
694	0.000234841	0.157022	0	-1.05e+06	0	-0.340525	
695	0.000235127	0.157256	0	-1.05e+06	0	-0.334913	
696	0.000235398	0.157492	0	-1.05e+06	0	-0.329333	
697	0.000235632	0.157727	0	-1.05e+06	0	-0.323789	
698	0.000235855	0.157963	0	-1.05e+06	0	-0.318281	
699	0.000236067	0.158198	0	-1.05e+06	0	-0.312808	
700	0.000236267	0.158434	0	-1.05e+06	0	-0.307373	
701	0.000236456	0.158671	0	-1.05e+06	0	-0.301976	
702	0.000236636	0.158907	0	-1.05e+06	0	-0.296617	
703	0.000236807	0.159144	0	-1.05e+06	0	-0.291297	
704	0.000236972	0.159381	0	-1.05e+06	0	-0.286017	
705	0.000237133	0.159618	0	-1.05e+06	0	-0.280778	
706	0.000237292	0.159855	0	-1.05e+06	0	-0.275579	
707	0.000237451	0.160092	0	-1.05e+06	0	-0.270421	
708	0.000237612	0.16033	0	-1.05e+06	0	-0.265304	
709	0.000237777	0.160567	0	-1.05e+06	0	-0.26023	
710	0.00023795	0.160805	0	-1.05e+06	0	-0.255197	
711	0.000238132	0.161043	0	-1.05e+06	0	-0.250207	
712	0.000238325	0.161281	0	-1.05e+06	0	-0.245259	
713	0.000238531	0.161519	0	-1.05e+06	0	-0.240354	
714	0.000238751	0.161758	0	-1.05e+06	0	-0.235491	
715	0.000238988	0.161997	0	-1.05e+06	0	-0.230671	
716	0.000239243	0.162236	0	-1.05e+06	0	-0.225893	
717	0.000239517	0.162475	0	-1.05e+06	0	-0.221157	
718	0.000239811	0.162714	0	-1.05e+06	0	-0.216464	
719	0.000240127	0.162954	0	-1.05e+06	0	-0.211813	
720	0.000240466	0.163194	0	-1.05e+06	0	-0.207204	
721	0.000240829	0.163435	0	-1.05e+06	0	-0.202636	
722	0.000241217	0.163676	0	-1.05e+06	0	-0.19811	
723	0.00024163	0.163917	0	-1.05e+06	0	-0.193624	
724	0.000242071	0.164158	0	-1.05e+06	0	-0.18918	
725	0.000242539	0.1644	0	-1.05e+06	0	-0.184776	
726	0.000243036	0.164643	0	-1.05e+06	0	-0.180412	
727	0.000243562	0.164886	0	-1.05e+06	0	-0.176088	
728	0.000244118	0.16513	0	-1.05e+06	0	-0.171803	
729	0.000244704	0.165374	0	-1.05e+06	0	-0.167556	
730	0.00024532	0.165618	0	-1.05e+06	0	-0.163348	
731	0.000245966	0.165864	0	-1.05e+06	0	-0.159178	
732	0.000246642	0.16611	0	-1.05e+06	0	-0.155045	
733	0.000247346	0.166356	0	-1.05e+06	0	-0.15095	
734	0.000248078	0.166604	0	-1.05e+06	0	-0.146891	
735	0.000248837	0.166852	0	-1.05e+06	0	-0.142869	
736	0.00024962	0.167101	0	-1.05e+06	0	-0.138882	
737	0.000250425	0.16735	0	-1.05e+06	0	-0.134932	
738	0.00025125	0.167601	0	-1.05e+06	0	-0.131017	
739	0.000252091	0.167852	0	-1.05e+06	0	-0.127138	
740	0.000252945	0.168104	0	-1.05e+06	0	-0.123293	
741	0.000253799	0.168357	0	-1.05e+06	0	-0.119485	
742	0.00025463	0.168611	0	-1.05e+06	0	-0.115712	
743	0.000255462	0.168865	0	-1.05e+06	0	-0.111975	
744	0.000256292	0.169121	0	-1.05e+06	0	-0.108274	
745	0.000257117	0.169377	0	-1.05e+06	0	-0.10461	
746	0.000257924	0.169634	0	-1.05e+06	0	-0.100982	
747	0.000258691	0.169892	0	-1.05e+06	0	-0.0973914	
748	0.000259395	0.170151	0	-1.05e+06	0	-0.093839	
749	0.000260009	0.17041	0	-1.05e+06	0	-0.0903262	
750	0.000260546	0.17067	0	-1.05e+06	0	-0.0868539	
751	0.000261015	0.170931	0	-1.05e+06	0	-0.0834232	
752	0.000261388	0.171192	0	-1.05e+06	0	-0.0800352	
753	0.000261747	0.171453	0	-1.05e+06	0	-0.0766901	
754	0.000262094	0.171715	0	-1.05e+06	0	-0.0733882	
755	0.000262428	0.171977	0	-1.05e+06	0	-0.0701297	
756	0.000262752	0.172239	0	-1.05e+06	0	-0.0669148	
757	0.000263066	0.172502	0	-1.05e+06	0	-0.0637438	
758	0.000263371	0.172765	0	-1.05e+06	0	-0.0606171	
759	0.000263669	0.173029	0	-1.05e+06	0	-0.0575351	
760	0.000263945	0.173292	0	-1.05e+06	0	-0.0544983	
761	0.000264213	0.173556	0	-1.05e+06	0	-0.0515074	
762	0.000264481	0.173821	0	-1.05e+06	0	-0.0485628	
763	0.000264748	0.174085	0	-1.05e+06	0	-0.0456651	
764	0.000265014	0.17435	0	-1.05e+06	0	-0.0428151	
765	0.000265275	0.174615	0	-1.05e+06	0	-0.0400136	
766	0.00026553	0.17488	0	-1.05e+06	0	-0.0372614	
767	0.000265775	0.175146	0	-1.05e+06	0	-0.0345597	
768	0.000266008	0.175411	0	-1.05e+06	0	-0.0319095	
769	0.000266219	0.175677	0	-1.05e+06	0	-0.0293121	
770	0.000266414	0.175944	0	-1.05e+06	0	-0.0267688	
771	0.000266589	0.17621	0	-1.05e+06	0	-0.0242809	
772	0.000266739	0.176477	0	-1.05e+06	0	-0.02185	
773	0.000266661	0.176743	0	-1.05e+06	0	-0.0194792	
774	0.000266547	0.17701	0	-1.05e+06	0	-0.0171699	
775	0.000266378	0.177277	0	-1.05e+06	0	-0.0149238	
776	0.000266186	0.177543	0	-1.05e+06	0	-0.0127423	
777	0.000265886	0.177809	0	-1.05e+06	0	-0.0106272	
778	0.000265541	0.178075	0	-1.05e+06	0	-0.00857995	
779	0.000265195	0.178341	0	-1.05e+06	0	-0.00660168	
780	0.000264852	0.178606	0	-1.05e+06	0	-0.0046934	
781	0.000264518	0.178871	0	-1.05e+06	0	-0.00285613	
782	0.000264199	0.179135	0	-1.05e+06	0	-0.00109086	
783	0.000263898	0.179399	0	-1.05e+06	0	0.000601389	
784	0.000263619	0.179663	0	-1.05e+06	0	0.0022196	
785	0.000263364	0.179927	0	-1.05e+06	0	0.00376273	
786	0.000263133	0.18019	0	-1.05e+06	0	0.00522967	
787	0.000262928	0.180453	0	-1.05e+06	0	0.00661927	
788	0.000262745	0.180716	0	-1.05e+06	0	0.00793034	
789	0.000262584	0.180979	0	-1.05e+06	0	0.00916157	
790	0.000262423	0.181242	0	-1.05e+06	0	0.0103116	
791	0.000262258	0.181504	0	-1.05e+06	0	0.0113788	
792	0.0002621	0.181766	0	-1.05e+06	0	0.0123618	
793	0.000261945	0.182028	0	-1.05e+06	0	0.0132591	
794	0.000261787	0.18229	0	-1.05e+06	0	0.0140691	
795	0.000261597	0.182552	0	-1.05e+06	0	0.01479	
796	0.00026131	0.182814	0	-1.05e+06	0	0.0154201	
797	0.000261007	0.183075	0	-1.05e+06	0	0.0159578	
798	0.00026065	0.183336	0	-1.05e+06	0	0.0164015	
799	0.000260223	0.183597	0	-1.05e+06	0	0.0167496	
800	0.000259783	0.183857	0	-1.05e+06	0	0.0170007	
801	0.000259328	0.184117	0	-1.05e+06	0	0.0171535	
802	0.000258859	0.184376	0	-1.05e+06	0	0.0172066	
803	0.000258376	0.184635	0	-1.05e+06	0	0.0171588	
804	0.000257879	0.184893	0	-1.05e+06	0	0.0170089	
805	0.000257369	0.185151	0	-1.05e+06	0	0.0167559	
806	0.000256846	0.185408	0	-1.05e+06	0	0.0163987	
807	0.000256309	0.185665	0	-1.05e+06	0	0.0159366	
808	0.000255759	0.185922	0	-1.05e+06	0	0.0153689	
809	0.000255196	0.186177	0	-1.05e+06	0	0.0146952	
810	0.00025462	0.186433	0	-1.05e+06	0	0.0139151	
811	0.000254031	0.186687	0	-1.05e+06	0	0.0130285	
812	0.00025343	0.186941	0	-1.05e+06	0	0.0120356	
813	0.000252816	0.187195	0	-1.05e+06	0	0.0109366	
814	0.000252191	0.187447	0	-1.05e+06	0	0.00973233	
815	0.000251555	0.1877	0	-1.05e+06	0	0.00842344	
816	0.000250909	0.187951	0	-1.05e+06	0	0.00701104	
817	0.000250247	0.188202	0	-1.05e+06	0	0.00549645	
818	0.000249539	0.188452	0	-1.05e+06	0	0.00388146	
819	0.000248764	0.188702	0	-1.05e+06	0	0.00216831	
820	0.000247975	0.188951	0	-1.05e+06	0	0.000359071	
821	0.000247187	0.189199	0	-1.05e+06	0	-0.00154407	
822	0.000246403	0.189446	0	-1.05e+06	0	-0.00353883	
823	0.000245623	0.189692	0	-1.05e+06	0	-0.00562281	
824	0.000244848	0.189938	0	-1.05e+06	0	-0.00779354	
825	0.000244079	0.190183	0	-1.05e+06	0	-0.0100485	
826	0.000243317	0.190427	0	-1.05e+06	0	-0.0123851	
827	0.000242564	0.19067	0	-1.05e+06	0	-0.014801	
828	0.000241818	0.190913	0	-1.05e+06	0	-0.0172935	
829	0.000241081	0.191154	0	-1.05e+06	0	-0.0198602	
830	0.000240353	0.191396	0	-1.05e+06	0	-0.0224988	
831	0.000239635	0.191636	0	-1.05e+06	0	-0.025207	
832	0.000238927	0.191876	0	-1.05e+06	0	-0.0279827	
833	0.00023823	0.192114	0	-1.05e+06	0	-0.0308238	
834	0.000237545	0.192353	0	-1.05e+06	0	-0.0337284	
835	0.000236872	0.19259	0	-1.05e+06	0	-0.0366949	
836	0.000236213	0.192827	0	-1.05e+06	0	-0.0397216	
837	0.000235568	0.193063	0	-1.05e+06	0	-0.0428069	
838	0.000234938	0.193299	0	-1.05e+06	0	-0.0459497	
839	0.000234325	0.193534	0	-1.05e+06	0	-0.0491485	
840	0.00023373	0.193768	0	-1.05e+06	0	-0.0524024	
841	0.000233153	0.194002	0	-1.05e+06	0	-0.0557103	
842	0.000232596	0.194235	0	-1.05e+06	0	-0.0590712	
843	0.000232061	0.194468	0	-1.05e+06	0	-0.0624844	
844	0.000231547	0.1947	0	-1.05e+06	0	-0.065949	
845	0.000231057	0.194931	0	-1.05e+06	0	-0.0694642	
846	0.000230592	0.195162	0	-1.05e+06	0	-0.0730293	
847	0.000230151	0.195393	0	-1.05e+06	0	-0.0766438	
848	0.000229737	0.195623	0	-1.05e+06	0	-0.0803067	
849	0.000229349	0.195853	0	-1.05e+06	0	-0.0840176	
850	0.000228977	0.196082	0	-1.05e+06	0	-0.0877755	
851	0.000228625	0.196311	0	-1.05e+06	0	-0.0915796	
852	0.000228302	0.19654	0	-1.05e+06	0	-0.0954292	
853	0.000228008	0.196768	0	-1.05e+06	0	-0.0993237	
854	0.000227744	0.196996	0	-1.05e+06	0	-0.103262	
855	0.000227508	0.197224	0	-1.05e+06	0	-0.107245	
856	0.0002273	0.197451	0	-1.05e+06	0	-0.11127	
857	0.000227121	0.197679	0	-1.05e+06	0	-0.115337	
858	0.000226969	0.197906	0	-1.05e+06	0	-0.119445	
859	0.000226843	0.198133	0	-1.05e+06	0	-0.123595	
860	0.000226743	0.19836	0	-1.05e+06	0	-0.127784	
861	0.000226667	0.198586	0	-1.05e+06	0	-0.132013	
862	0.000226614	0.198813	0	-1.05e+06	0	-0.136281	
863	0.000226583	0.19904	0	-1.05e+06	0	-0.140587	
864	0.000226573	0.199266	0	-1.05e+06	0	-0.144931	
865	0.000226582	0.199493	0	-1.05e+06	0	-0.149312	
866	0.00022661	0.199719	0	-1.05e+06	0	-0.153731	
867	0.000226654	0.199946	0	-1.05e+06	0	-0.158185	
868	0.000226714	0.200173	0	-1.05e+06	0	-0.162676	
869	0.000226788	0.200399	0	-1.05e+06	0	-0.167202	
870	0.000226875	0.200626	0	-1.05e+06	0	-0.171764	
871	0.000226954	0.200853	0	-1.05e+06	0	-0.17636	
872	0.000227041	0.20108	0	-1.05e+06	0	-0.180991	
873	0.000227138	0.201307	0	-1.05e+06	0	-0.185657	
874	0.000227243	0.201534	0	-1.05e+06	0	-0.190357	
875	0.000227356	0.201761	0	-1.05e+06	0	-0.195091	
876	0.000227476	0.201989	0	-1.05e+06	0	-0.199859	
877	0.000227604	0.202216	0	-1.05e+06	0	-0.204661	
878	0.000227718	0.202444	0	-1.05e+06	0	-0.209498	
879	0.000227816	0.202671	0	-1.05e+06	0	-0.214368	
880	0.000227922	0.202899	0	-1.05e+06	0	-0.219271	
881	0.000228036	0.203127	0	-1.05e+06	0	-0.224208	
882	0.000228159	0.203355	0	-1.05e+06	0	-0.22918	
883	0.00022829	0.203583	0	-1.05e+06	0	-0.234185	
884	0.000228432	0.203812	0	-1.05e+06	0	-0.239225	
885	0.000228583	0.20404	0	-1.05e+06	0	-0.2443	
886	0.000228745	0.204269	0	-1.05e+06	0	-0.24941	
887	0.000228918	0.204497	0	-1.05e+06	0	-0.254556	
888	0.000229103	0.204726	0	-1.05e+06	0	-0.259737	
889	0.0002293	0.204955	0	-1.05e+06	0	-0.264955	
890	0.00022951	0.205185	0	-1.05e+06	0	-0.270209	
891	0.000229734	0.205414	0	-1.05e+06	0	-0.2755	
892	0.000229972	0.205644	0	-1.05e+06	0	-0.280828	
893	0.000230225	0.205874	0	-1.05e+06	0	-0.286194	
894	0.000230493	0.206104	0	-1.05e+06	0	-0.291598	
895	0.000230777	0.206335	0	-1.05e+06	0	-0.29704	
896	0.000231078	0.206565	0	-1.05e+06	0	-0.30252	
897	0.000231396	0.206797	0	-1.05e+06	0	-0.30804	
898	0.000231731	0.207028	0	-1.05e+06	0	-0.313599	
899	0.000232084	0.20726	0	-1.05e+06	0	-0.319198	
900	0.000232456	0.207492	0	-1.05e+06	0	-0.324837	
901	0.000232846	0.207724	0	-1.05e+06	0	-0.330516	
902	0.000233255	0.207957	0	-1.05e+06	0	-0.336236	
903	0.000233682	0.20819	0	-1.05e+06	0	-0.341998	
904	0.000234127	0.208424	0	-1.05e+06	0	-0.3478	
905	0.00023459	0.208658	0	-1.05e+06	0	-0.353645	
906	0.00023507	0.208893	0	-1.05e+06	0	-0.359531	
907	0.000235567	0.209128	0	-1.05e+06	0	-0.365459	
908	0.000236078	0.209363	0	-1.05e+06	0	-0.37143	
909	0.000236604	0.209599	0	-1.05e+06	0	-0.377443	
910	0.000237143	0.209836	0	-1.05e+06	0	-0.383499	
911	0.000237693	0.210073	0	-1.05e+06	0	-0.389598	
912	0.000238253	0.210311	0	-1.05e+06	0	-0.39574	
913	0.000238793	0.210549	0	-1.05e+06	0	-0.401923	
914	0.000239329	0.210788	0	-1.05e+06	0	-0.408148	
915	0.000239873	0.211027	0	-1.05e+06	0	-0.414415	
916	0.000240423	0.211267	0	-1.05e+06	0	-0.420723	
917	0.000240978	0.211508	0	-1.05e+06	0	-0.427072	
918	0.000241526	0.211749	0	-1.05e+06	0	-0.433462	
919	0.000242069	0.21199	0	-1.05e+06	0	-0.439892	
920	0.000242594	0.212232	0	-1.05e+06	0	-0.446361	
921	0.000243046	0.212475	0	-1.05e+06	0	-0.452867	
922	0.000243376	0.212718	0	-1.05e+06	0	-0.459407	
923	0.000243613	0.212961	0	-1.05e+06	0	-0.465976	
924	0.00024383	0.213205	0	-1.05e+06	0	-0.472574	
925	0.000244049	0.213449	0	-1.05e+06	0	-0.479201	
926	0.000244244	0.213693	0	-1.05e+06	0	-0.485855	
927	0.000244355	0.213937	0	-1.05e+06	0	-0.492533	
928	0.000244366	0.214181	0	-1.05e+06	0	-0.499232	
929	0.000244261	0.214426	0	-1.05e+06	0	-0.505949	
930	0.000244155	0.21467	0	-1.05e+06	0	-0.512682	
931	0.000243953	0.214914	0	-1.05e+06	0	-0.519428	
932	0.000243749	0.215158	0	-1.05e+06	0	-0.526186	
933	0.000243551	0.215402	0	-1.05e+06	0	-0.532956	
934	0.00024336	0.215645	0	-1.05e+06	0	-0.539737	
935	0.000243176	0.215889	0	-1.05e+06	0	-0.546529	
936	0.000243001	0.216132	0	-1.05e+06	0	-0.553331	
937	0.000242833	0.216375	0	-1.05e+06	0	-0.560142	
938	0.000242675	0.216618	0	-1.05e+06	0	-0.566963	
939	0.000242525	0.21686	0	-1.05e+06	0	-0.573792	
940	0.000242384	0.217103	0	-1.05e+06	0	-0.58063	
941	0.000242252	0.217345	0	-1.05e+06	0	-0.587475	
942	0.000242127	0.217587	0	-1.05e+06	0	-0.594328	
943	0.000242009	0.21783	0	-1.05e+06	0	-0.601187	
944	0.000241849	0.218072	0	-1.05e+06	0	-0.60805	
945	0.00024169	0.218313	0	-1.05e+06	0	-0.614918	
946	0.000241534	0.218555	0	-1.05e+06	0	-0.621789	
947	0.00024138	0.218797	0	-1.05e+06	0	-0.628662	
948	0.000241227	0.219038	0	-1.05e+06	0	-0.635538	
949	0.000241075	0.219279	0	-1.05e+06	0	-0.642414	
950	0.000240925	0.21952	0	-1.05e+06	0	-0.649292	
951	0.000240776	0.219761	0	-1.05e+06	0	-0.656169	
952	0.000240629	0.220002	0	-1.05e+06	0	-0.663045	
953	0.000240482	0.220243	0	-1.05e+06	0	-0.66992	
954	0.000240337	0.220483	0	-1.05e+06	0	-0.676793	
955	0.000240194	0.220723	0	-1.05e+06	0	-0.683663	
956	0.000240053	0.220964	0	-1.05e+06	0	-0.69053	
957	0.000239914	0.221204	0	-1.05e+06	0	-0.697394	
958	0.00023978	0.221444	0	-1.05e+06	0	-0.704253	
959	0.000239649	0.221683	0	-1.05e+06	0	-0.711107	
960	0.000239428	0.221923	0	-1.05e+06	0	-0.717953	
961	0.000239192	0.222163	0	-1.05e+06	0	-0.724791	
962	0.000238958	0.222402	0	-1.05e+06	0	-0.73162	
963	0.000238727	0.222641	0	-1.05e+06	0	-0.738438	
964	0.000238499	0.222879	0	-1.05e+06	0	-0.745247	
965	0.000238273	0.223118	0	-1.05e+06	0	-0.752045	
966	0.00023805	0.223356	0	-1.05e+06	0	-0.758832	
967	0.000237829	0.223594	0	-1.05e+06	0	-0.765608	
968	0.000237611	0.223832	0	-1.05e+06	0	-0.772372	
969	0.000237394	0.22407	0	-1.05e+06	0	-0.779125	
970	0.00023718	0.224307	0	-1.05e+06	0	-0.785865	
971	0.000236966	0.224544	0	-1.05e+06	0	-0.792594	
972	0.000236754	0.224781	0	-1.05e+06	0	-0.799309	
973	0.000236542	0.225018	0	-1.05e+06	0	-0.806012	
974	0.000236331	0.225254	0	-1.05e+06	0	-0.812701	
975	0.00023612	0.225491	0	-1.05e+06	0	-0.819377	
976	0.000235909	0.225727	0	-1.05e+06	0	-0.82604	
977	0.000235697	0.225963	0	-1.05e+06	0	-0.832689	
978	0.000235485	0.226199	0	-1.05e+06	0	-0.839324	
979	0.000235273	0.226434	0	-1.05e+06	0	-0.845944	
980	0.000235061	0.226669	0	-1.05e+06	0	-0.852551	
981	0.000234848	0.226904	0	-1.05e+06	0	-0.859142	
982	0.000234636	0.227139	0	-1.05e+06	0	-0.86572	
983	0.000234423	0.227374	0	-1.05e+06	0	-0.872282	
984	0.000234211	0.227608	0	-1.05e+06	0	-0.87883	
985	0.000234	0.227842	0	-1.05e+06	0	-0.885362	
986	0.000233789	0.228076	0	-1.05e+06	0	-0.89188	
987	0.00023358	0.22831	0	-1.05e+06	0	-0.898382	
988	0.000233373	0.228544	0	-1.05e+06	0	-0.904869	
989	0.000233168	0.228777	0	-1.05e+06	0	-0.911341	
990	0.000232778	0.22901	0	-1.05e+06	0	-0.917793	
991	0.000232335	0.229243	0	-1.05e+06	0	-0.924222	
992	0.000231897	0.229476	0	-1.05e+06	0	-0.930629	
993	0.000231417	0.229707	0	-1.05e+06	0	-0.937013	
994	0.000230743	0.229939	0	-1.05e+06	0	-0.943368	
995	0.000230057	0.23017	0	-1.05e+06	0	-0.949695	
996	0.000229303	0.2304	0	-1.05e+06	0	-0.95599	
997	0.000228526	0.230629	0	-1.05e+06	0	-0.962254	
998	0.000227751	0.230857	0	-1.05e+06	0	-0.968487	
999	0.000226921	0.231085	0	-1.05e+06	0	-0.974687	
1000	0.000226084	0.231312	0	-1.05e+06	0	-0.980853	
