Step	dt	Time	fbody_x	fbody_y	fbody_z	dy_tip	
0	1e-16	0	0	0	0	2.471e-07	
1	1e-16	0	0	-1.05e+06	0	2.471e-07	
2	0.000279285	1e-16	0	-1.05e+06	0	-7.77529e-05	
3	0.00027914	0.000279285	0	-1.05e+06	0	-0.000233631	
4	0.000278858	0.000558424	0	-1.05e+06	0	-0.000467114	
5	0.000278448	0.000837283	0	-1.05e+06	0	-0.000777787	
6	0.000277919	0.00111573	0	-1.05e+06	0	-0.00116511	
7	0.000277279	0.00139365	0	-1.05e+06	0	-0.00162842	
8	0.000276538	0.00167093	0	-1.05e+06	0	-0.00216697	
9	0.000275707	0.00194747	0	-1.05e+06	0	-0.00277992	
10	0.000274795	0.00222317	0	-1.05e+06	0	-0.00346635	
11	0.000273814	0.00249797	0	-1.05e+06	0	-0.0042253	
12	0.000272772	0.00277178	0	-1.05e+06	0	-0.00505577	
13	0.000271679	0.00304455	0	-1.05e+06	0	-0.00595672	
14	0.000270546	0.00331623	0	-1.05e+06	0	-0.00692711	
15	0.00026938	0.00358678	0	-1.05e+06	0	-0.00796588	
16	0.000268189	0.00385616	0	-1.05e+06	0	-0.00907198	
17	0.000266981	0.00412435	0	-1.05e+06	0	-0.0102444	
18	0.000265761	0.00439133	0	-1.05e+06	0	-0.0114821	
19	0.000264537	0.00465709	0	-1.05e+06	0	-0.012784	
20	0.000263311	0.00492163	0	-1.05e+06	0	-0.0141493	
21	0.000262089	0.00518494	0	-1.05e+06	0	-0.0155769	
22	0.000260874	0.00544703	0	-1.05e+06	0	-0.0170659	
23	0.000259668	0.0057079	0	-1.05e+06	0	-0.0186155	
24	0.000258474	0.00596757	0	-1.05e+06	0	-0.0202248	
25	0.000257294	0.00622604	0	-1.05e+06	0	-0.0218929	
26	0.000256128	0.00648334	0	-1.05e+06	0	-0.0236191	
27	0.000254978	0.00673947	0	-1.05e+06	0	-0.0254025	
28	0.000253843	0.00699444	0	-1.05e+06	0	-0.0272424	
29	0.000252725	0.00724829	0	-1.05e+06	0	-0.0291381	
30	0.000251623	0.00750101	0	-1.05e+06	0	-0.0310889	
31	0.000250537	0.00775264	0	-1.05e+06	0	-0.0330939	
32	0.000249467	0.00800317	0	-1.05e+06	0	-0.0351527	
33	0.000248412	0.00825264	0	-1.05e+06	0	-0.0372645	
34	0.000247371	0.00850105	0	-1.05e+06	0	-0.0394286	
35	0.000246345	0.00874842	0	-1.05e+06	0	-0.0416444	
36	0.000245333	0.00899477	0	-1.05e+06	0	-0.0439113	
37	0.000244333	0.0092401	0	-1.05e+06	0	-0.0462286	
38	0.000243346	0.00948443	0	-1.05e+06	0	-0.0485959	
39	0.000242372	0.00972778	0	-1.05e+06	0	-0.0510123	
40	0.000241409	0.00997015	0	-1.05e+06	0	-0.0534775	
41	0.000240458	0.0102116	0	-1.05e+06	0	-0.0559908	
42	0.000239517	0.010452	0	-1.05e+06	0	-0.0585516	
43	0.000238588	0.0106915	0	-1.05e+06	0	-0.0611594	
44	0.000237669	0.0109301	0	-1.05e+06	0	-0.0638136	
45	0.000236761	0.0111678	0	-1.05e+06	0	-0.0665138	
46	0.000235864	0.0114046	0	-1.05e+06	0	-0.0692593	
47	0.000234978	0.0116404	0	-1.05e+06	0	-0.0720498	
48	0.000234103	0.0118754	0	-1.05e+06	0	-0.0748847	
49	0.00023324	0.0121095	0	-1.05e+06	0	-0.0777635	
50	0.000232388	0.0123427	0	-1.05e+06	0	-0.0806858	
51	0.000231549	0.0125751	0	-1.05e+06	0	-0.0836512	
52	0.000230722	0.0128067	0	-1.05e+06	0	-0.0866592	
53	0.000229909	0.0130374	0	-1.05e+06	0	-0.0897095	
54	0.00022911	0.0132673	0	-1.05e+06	0	-0.0928016	
55	0.000228325	0.0134964	0	-1.05e+06	0	-0.0959353	
56	0.000227556	0.0137247	0	-1.05e+06	0	-0.0991102	
57	0.000226803	0.0139523	0	-1.05e+06	0	-0.102326	
58	0.000226067	0.0141791	0	-1.05e+06	0	-0.105583	
59	0.000225349	0.0144052	0	-1.05e+06	0	-0.10888	
60	0.000224649	0.0146305	0	-1.05e+06	0	-0.112217	
61	0.00022397	0.0148552	0	-1.05e+06	0	-0.115594	
62	0.000223311	0.0150791	0	-1.05e+06	0	-0.119011	
63	0.000222673	0.0153024	0	-1.05e+06	0	-0.122468	
64	0.000222058	0.0155251	0	-1.05e+06	0	-0.125965	
65	0.000221467	0.0157472	0	-1.05e+06	0	-0.129502	
66	0.0002209	0.0159686	0	-1.05e+06	0	-0.133078	
67	0.000220358	0.0161895	0	-1.05e+06	0	-0.136694	
68	0.000219842	0.0164099	0	-1.05e+06	0	-0.14035	
69	0.000219353	0.0166297	0	-1.05e+06	0	-0.144046	
70	0.000218892	0.0168491	0	-1.05e+06	0	-0.147782	
71	0.000218459	0.017068	0	-1.05e+06	0	-0.151558	
72	0.000218056	0.0172864	0	-1.05e+06	0	-0.155375	
73	0.000217683	0.0175045	0	-1.05e+06	0	-0.159232	
74	0.000217341	0.0177222	0	-1.05e+06	0	-0.163131	
75	0.00021703	0.0179395	0	-1.05e+06	0	-0.167071	
76	0.000216751	0.0181566	0	-1.05e+06	0	-0.171054	
77	0.000216504	0.0183733	0	-1.05e+06	0	-0.175078	
78	0.00021629	0.0185898	0	-1.05e+06	0	-0.179145	
79	0.000216108	0.0188061	0	-1.05e+06	0	-0.183256	
80	0.00021596	0.0190222	0	-1.05e+06	0	-0.18741	
81	0.000215845	0.0192382	0	-1.05e+06	0	-0.191608	
82	0.000215763	0.019454	0	-1.05e+06	0	-0.195851	
83	0.000215714	0.0196698	0	-1.05e+06	0	-0.200139	
84	0.000215698	0.0198855	0	-1.05e+06	0	-0.204474	
85	0.000215714	0.0201012	0	-1.05e+06	0	-0.208855	
86	0.000215762	0.0203169	0	-1.05e+06	0	-0.213283	
87	0.000215842	0.0205327	0	-1.05e+06	0	-0.217759	
88	0.000215951	0.0207485	0	-1.05e+06	0	-0.222283	
89	0.00021609	0.0209645	0	-1.05e+06	0	-0.226856	
90	0.000216258	0.0211805	0	-1.05e+06	0	-0.23148	
91	0.000216452	0.0213968	0	-1.05e+06	0	-0.236153	
92	0.000216672	0.0216133	0	-1.05e+06	0	-0.240877	
93	0.000216915	0.0218299	0	-1.05e+06	0	-0.245653	
94	0.00021718	0.0220468	0	-1.05e+06	0	-0.25048	
95	0.000217466	0.022264	0	-1.05e+06	0	-0.25536	
96	0.000217768	0.0224815	0	-1.05e+06	0	-0.260292	
97	0.000218087	0.0226993	0	-1.05e+06	0	-0.265278	
98	0.000218418	0.0229173	0	-1.05e+06	0	-0.270317	
99	0.000218759	0.0231358	0	-1.05e+06	0	-0.275409	
100	0.000219107	0.0233545	0	-1.05e+06	0	-0.280555	
101	0.00021941	0.0235736	0	-1.05e+06	0	-0.285754	
102	0.000219653	0.023793	0	-1.05e+06	0	-0.291003	
103	0.000219813	0.0240127	0	-1.05e+06	0	-0.296301	
104	0.000219925	0.0242325	0	-1.05e+06	0	-0.301647	
105	0.000220029	0.0244524	0	-1.05e+06	0	-0.307039	
106	0.000220142	0.0246725	0	-1.05e+06	0	-0.312477	
107	0.000220251	0.0248926	0	-1.05e+06	0	-0.317962	
108	0.000220342	0.0251129	0	-1.05e+06	0	-0.323491	
109	0.000220446	0.0253332	0	-1.05e+06	0	-0.329065	
110	0.000220567	0.0255536	0	-1.05e+06	0	-0.334685	
111	0.000220701	0.0257742	0	-1.05e+06	0	-0.340349	
112	0.00022085	0.0259949	0	-1.05e+06	0	-0.346057	
113	0.000221013	0.0262158	0	-1.05e+06	0	-0.351809	
114	0.000221187	0.0264368	0	-1.05e+06	0	-0.357605	
115	0.000221373	0.026658	0	-1.05e+06	0	-0.363445	
116	0.000221567	0.0268793	0	-1.05e+06	0	-0.369328	
117	0.00022177	0.0271009	0	-1.05e+06	0	-0.375253	
118	0.000221978	0.0273227	0	-1.05e+06	0	-0.38122	
119	0.00022219	0.0275446	0	-1.05e+06	0	-0.387228	
120	0.000222387	0.0277668	0	-1.05e+06	0	-0.393276	
121	0.000222476	0.0279892	0	-1.05e+06	0	-0.399361	
122	0.000222516	0.0282117	0	-1.05e+06	0	-0.405479	
123	0.000222545	0.0284342	0	-1.05e+06	0	-0.41163	
124	0.000222536	0.0286568	0	-1.05e+06	0	-0.417811	
125	0.000222537	0.0288793	0	-1.05e+06	0	-0.424022	
126	0.000222549	0.0291018	0	-1.05e+06	0	-0.430263	
127	0.000222573	0.0293244	0	-1.05e+06	0	-0.436532	
128	0.000222609	0.029547	0	-1.05e+06	0	-0.442829	
129	0.000222657	0.0297696	0	-1.05e+06	0	-0.449153	
130	0.000222717	0.0299922	0	-1.05e+06	0	-0.455503	
131	0.000222789	0.0302149	0	-1.05e+06	0	-0.461879	
132	0.000222873	0.0304377	0	-1.05e+06	0	-0.468281	
133	0.000222969	0.0306606	0	-1.05e+06	0	-0.474707	
134	0.000223076	0.0308836	0	-1.05e+06	0	-0.481157	
135	0.000223132	0.0311066	0	-1.05e+06	0	-0.487629	
136	0.00022314	0.0313298	0	-1.05e+06	0	-0.49412	
137	0.00022316	0.0315529	0	-1.05e+06	0	-0.500629	
138	0.000223194	0.0317761	0	-1.05e+06	0	-0.507157	
139	0.000223241	0.0319993	0	-1.05e+06	0	-0.513702	
140	0.0002233	0.0322225	0	-1.05e+06	0	-0.520265	
141	0.00022337	0.0324458	0	-1.05e+06	0	-0.526844	
142	0.00022345	0.0326692	0	-1.05e+06	0	-0.53344	
143	0.000223537	0.0328926	0	-1.05e+06	0	-0.540051	
144	0.00022363	0.0331162	0	-1.05e+06	0	-0.546678	
145	0.000223727	0.0333398	0	-1.05e+06	0	-0.55332	
146	0.000223681	0.0335635	0	-1.05e+06	0	-0.559971	
147	0.000223614	0.0337872	0	-1.05e+06	0	-0.566631	
148	0.000223555	0.0340108	0	-1.05e+06	0	-0.5733	
149	0.000223506	0.0342344	0	-1.05e+06	0	-0.579976	
150	0.000223467	0.0344579	0	-1.05e+06	0	-0.58666	
151	0.00022344	0.0346814	0	-1.05e+06	0	-0.593352	
152	0.000223424	0.0349048	0	-1.05e+06	0	-0.600052	
153	0.00022342	0.0351282	0	-1.05e+06	0	-0.60676	
154	0.000223428	0.0353516	0	-1.05e+06	0	-0.613475	
155	0.000223447	0.0355751	0	-1.05e+06	0	-0.620198	
156	0.000223476	0.0357985	0	-1.05e+06	0	-0.626929	
157	0.000223508	0.036022	0	-1.05e+06	0	-0.633668	
158	0.000223503	0.0362455	0	-1.05e+06	0	-0.640413	
159	0.000223498	0.036469	0	-1.05e+06	0	-0.647164	
160	0.000223478	0.0366925	0	-1.05e+06	0	-0.65392	
161	0.000223457	0.036916	0	-1.05e+06	0	-0.660682	
162	0.000223435	0.0371394	0	-1.05e+06	0	-0.667449	
163	0.000223391	0.0373629	0	-1.05e+06	0	-0.674221	
164	0.000223308	0.0375863	0	-1.05e+06	0	-0.680995	
165	0.000223193	0.0378096	0	-1.05e+06	0	-0.687772	
166	0.000223038	0.0380328	0	-1.05e+06	0	-0.69455	
167	0.000222865	0.0382558	0	-1.05e+06	0	-0.701329	
168	0.000222681	0.0384787	0	-1.05e+06	0	-0.708107	
169	0.000222489	0.0387013	0	-1.05e+06	0	-0.714885	
170	0.000222283	0.0389238	0	-1.05e+06	0	-0.721662	
171	0.000222049	0.0391461	0	-1.05e+06	0	-0.728438	
172	0.000221802	0.0393682	0	-1.05e+06	0	-0.735212	
173	0.000221523	0.03959	0	-1.05e+06	0	-0.741983	
174	0.000221241	0.0398115	0	-1.05e+06	0	-0.748751	
175	0.000220957	0.0400327	0	-1.05e+06	0	-0.755516	
176	0.000220673	0.0402537	0	-1.05e+06	0	-0.762277	
177	0.000220388	0.0404744	0	-1.05e+06	0	-0.769036	
178	0.000220104	0.0406947	0	-1.05e+06	0	-0.775792	
179	0.000219821	0.0409148	0	-1.05e+06	0	-0.782544	
180	0.000219539	0.0411347	0	-1.05e+06	0	-0.789293	
181	0.000219258	0.0413542	0	-1.05e+06	0	-0.796039	
182	0.000218979	0.0415735	0	-1.05e+06	0	-0.802782	
183	0.000218697	0.0417924	0	-1.05e+06	0	-0.809522	
184	0.000218375	0.0420111	0	-1.05e+06	0	-0.816257	
185	0.000218046	0.0422295	0	-1.05e+06	0	-0.822987	
186	0.000217717	0.0424476	0	-1.05e+06	0	-0.829712	
187	0.000217389	0.0426653	0	-1.05e+06	0	-0.836431	
188	0.000217062	0.0428827	0	-1.05e+06	0	-0.843145	
189	0.000216737	0.0430997	0	-1.05e+06	0	-0.849854	
190	0.000216414	0.0433165	0	-1.05e+06	0	-0.856557	
191	0.000216094	0.0435329	0	-1.05e+06	0	-0.863254	
192	0.000215776	0.043749	0	-1.05e+06	0	-0.869945	
193	0.000215462	0.0439648	0	-1.05e+06	0	-0.876629	
194	0.000215152	0.0441802	0	-1.05e+06	0	-0.883308	
195	0.000214846	0.0443954	0	-1.05e+06	0	-0.88998	
196	0.000214545	0.0446102	0	-1.05e+06	0	-0.896646	
197	0.000214249	0.0448248	0	-1.05e+06	0	-0.903304	
198	0.000213954	0.045039	0	-1.05e+06	0	-0.909956	
199	0.000213622	0.045253	0	-1.05e+06	0	-0.916599	
200	0.000213271	0.0454666	0	-1.05e+06	0	-0.923232	
201	0.000212923	0.0456799	0	-1.05e+06	0	-0.929856	
202	0.000212579	0.0458928	0	-1.05e+06	0	-0.936469	
203	0.000212228	0.0461054	0	-1.05e+06	0	-0.943072	
204	0.000211848	0.0463176	0	-1.05e+06	0	-0.949662	
205	0.000211371	0.0465294	0	-1.05e+06	0	-0.956237	
206	0.00021089	0.0467408	0	-1.05e+06	0	-0.962796	
207	0.000210417	0.0469517	0	-1.05e+06	0	-0.969339	
208	0.000209927	0.0471621	0	-1.05e+06	0	-0.975864	
209	0.00020937	0.047372	0	-1.05e+06	0	-0.98237	
210	0.000208683	0.0475814	0	-1.05e+06	0	-0.988851	
211	0.000208004	0.0477901	0	-1.05e+06	0	-0.995308	
212	0.000207334	0.0479981	0	-1.05e+06	0	-1.00174	
213	0.000206677	0.0482054	0	-1.05e+06	0	-1.00815	
214	0.000206035	0.0484121	0	-1.05e+06	0	-1.01453	
215	0.00020541	0.0486181	0	-1.05e+06	0	-1.02089	
216	0.000204803	0.0488235	0	-1.05e+06	0	-1.02723	
217	0.000204216	0.0490284	0	-1.05e+06	0	-1.03354	
218	0.00020365	0.0492326	0	-1.05e+06	0	-1.03982	
219	0.000203107	0.0494362	0	-1.05e+06	0	-1.04609	
220	0.000202586	0.0496393	0	-1.05e+06	0	-1.05233	
221	0.000202089	0.0498419	0	-1.05e+06	0	-1.05855	
222	0.000201615	0.050044	0	-1.05e+06	0	-1.06474	
223	0.000201165	0.0502456	0	-1.05e+06	0	-1.07092	
224	0.00020074	0.0504468	0	-1.05e+06	0	-1.07707	
225	0.000200338	0.0506475	0	-1.05e+06	0	-1.0832	
226	0.00019996	0.0508479	0	-1.05e+06	0	-1.08931	
227	0.000199605	0.0510478	0	-1.05e+06	0	-1.0954	
228	0.000199272	0.0512474	0	-1.05e+06	0	-1.10147	
229	0.000198962	0.0514467	0	-1.05e+06	0	-1.10752	
230	0.000198672	0.0516457	0	-1.05e+06	0	-1.11356	
231	0.000198404	0.0518443	0	-1.05e+06	0	-1.11957	
232	0.000198155	0.0520427	0	-1.05e+06	0	-1.12556	
233	0.000197924	0.0522409	0	-1.05e+06	0	-1.13154	
234	0.000197712	0.0524388	0	-1.05e+06	0	-1.1375	
235	0.000197516	0.0526365	0	-1.05e+06	0	-1.14343	
236	0.000197337	0.052834	0	-1.05e+06	0	-1.14936	
237	0.000197173	0.0530314	0	-1.05e+06	0	-1.15526	
238	0.000197022	0.0532285	0	-1.05e+06	0	-1.16115	
239	0.000196885	0.0534256	0	-1.05e+06	0	-1.16702	
240	0.000196761	0.0536225	0	-1.05e+06	0	-1.17287	
241	0.000196647	0.0538192	0	-1.05e+06	0	-1.17871	
242	0.000196544	0.0540159	0	-1.05e+06	0	-1.18453	
243	0.00019645	0.0542124	0	-1.05e+06	0	-1.19033	
244	0.000196365	0.0544089	0	-1.05e+06	0	-1.19612	
245	0.000196288	0.0546052	0	-1.05e+06	0	-1.20189	
246	0.000196218	0.0548015	0	-1.05e+06	0	-1.20764	
247	0.000196155	0.0549977	0	-1.05e+06	0	-1.21337	
248	0.000196097	0.0551939	0	-1.05e+06	0	-1.21909	
249	0.000196044	0.05539	0	-1.05e+06	0	-1.2248	
250	0.000195995	0.055586	0	-1.05e+06	0	-1.23048	
251	0.00019595	0.055782	0	-1.05e+06	0	-1.23615	
252	0.000195908	0.055978	0	-1.05e+06	0	-1.2418	
253	0.000195868	0.0561739	0	-1.05e+06	0	-1.24744	
254	0.000195831	0.0563697	0	-1.05e+06	0	-1.25305	
255	0.000195795	0.0565656	0	-1.05e+06	0	-1.25865	
256	0.000195761	0.0567614	0	-1.05e+06	0	-1.26424	
257	0.000195727	0.0569571	0	-1.05e+06	0	-1.2698	
258	0.000195695	0.0571529	0	-1.05e+06	0	-1.27535	
259	0.000195662	0.0573486	0	-1.05e+06	0	-1.28088	
260	0.00019563	0.0575442	0	-1.05e+06	0	-1.28639	
261	0.000195597	0.0577398	0	-1.05e+06	0	-1.29188	
262	0.000195565	0.0579354	0	-1.05e+06	0	-1.29735	
263	0.000195532	0.058131	0	-1.05e+06	0	-1.30281	
264	0.000195498	0.0583265	0	-1.05e+06	0	-1.30825	
265	0.000195464	0.058522	0	-1.05e+06	0	-1.31366	
266	0.00019543	0.0587175	0	-1.05e+06	0	-1.31906	
267	0.000195396	0.0589129	0	-1.05e+06	0	-1.32444	
268	0.000195361	0.0591083	0	-1.05e+06	0	-1.32981	
269	0.000195326	0.0593037	0	-1.05e+06	0	-1.33515	
270	0.000195292	0.059499	0	-1.05e+06	0	-1.34047	
271	0.000195258	0.0596943	0	-1.05e+06	0	-1.34577	
272	0.000195225	0.0598896	0	-1.05e+06	0	-1.35105	
273	0.000195193	0.0600848	0	-1.05e+06	0	-1.35632	
274	0.000195162	0.06028	0	-1.05e+06	0	-1.36156	
275	0.000195133	0.0604751	0	-1.05e+06	0	-1.36678	
276	0.000195107	0.0606703	0	-1.05e+06	0	-1.37199	
277	0.000195083	0.0608654	0	-1.05e+06	0	-1.37717	
278	0.000195062	0.0610605	0	-1.05e+06	0	-1.38233	
279	0.000195044	0.0612555	0	-1.05e+06	0	-1.38747	
280	0.000195031	0.0614506	0	-1.05e+06	0	-1.3926	
281	0.000195022	0.0616456	0	-1.05e+06	0	-1.3977	
282	0.000195018	0.0618406	0	-1.05e+06	0	-1.40278	
283	0.000195019	0.0620356	0	-1.05e+06	0	-1.40784	
284	0.000195025	0.0622307	0	-1.05e+06	0	-1.41288	
285	0.000195038	0.0624257	0	-1.05e+06	0	-1.4179	
286	0.000195057	0.0626207	0	-1.05e+06	0	-1.4229	
287	0.000195082	0.0628158	0	-1.05e+06	0	-1.42787	
288	0.000195114	0.0630109	0	-1.05e+06	0	-1.43283	
289	0.000195153	0.063206	0	-1.05e+06	0	-1.43777	
290	0.000195198	0.0634011	0	-1.05e+06	0	-1.44268	
291	0.000195251	0.0635963	0	-1.05e+06	0	-1.44757	
292	0.00019531	0.0637916	0	-1.05e+06	0	-1.45245	
293	0.000195375	0.0639869	0	-1.05e+06	0	-1.4573	
294	0.000195447	0.0641823	0	-1.05e+06	0	-1.46213	
295	0.000195525	0.0643777	0	-1.05e+06	0	-1.46694	
296	0.000195608	0.0645732	0	-1.05e+06	0	-1.47172	
297	0.000195697	0.0647688	0	-1.05e+06	0	-1.47649	
298	0.00019579	0.0649645	0	-1.05e+06	0	-1.48123	
299	0.000195887	0.0651603	0	-1.05e+06	0	-1.48595	
300	0.000195988	0.0653562	0	-1.05e+06	0	-1.49065	
301	0.000196091	0.0655522	0	-1.05e+06	0	-1.49532	
302	0.000196197	0.0657483	0	-1.05e+06	0	-1.49997	
303	0.000196305	0.0659445	0	-1.05e+06	0	-1.5046	
304	0.000196413	0.0661408	0	-1.05e+06	0	-1.50921	
305	0.000196522	0.0663372	0	-1.05e+06	0	-1.51379	
306	0.000196631	0.0665337	0	-1.05e+06	0	-1.51834	
307	0.000196738	0.0667304	0	-1.05e+06	0	-1.52287	
308	0.000196843	0.0669271	0	-1.05e+06	0	-1.52738	
309	0.000196948	0.067124	0	-1.05e+06	0	-1.53186	
310	0.000197052	0.0673209	0	-1.05e+06	0	-1.53631	
311	0.000197156	0.067518	0	-1.05e+06	0	-1.54074	
312	0.000197259	0.0677151	0	-1.05e+06	0	-1.54514	
313	0.000197362	0.0679124	0	-1.05e+06	0	-1.54952	
314	0.00019746	0.0681097	0	-1.05e+06	0	-1.55386	
315	0.000197558	0.0683072	0	-1.05e+06	0	-1.55818	
316	0.000197654	0.0685047	0	-1.05e+06	0	-1.56247	
317	0.000197751	0.0687024	0	-1.05e+06	0	-1.56673	
318	0.000197848	0.0689002	0	-1.05e+06	0	-1.57097	
319	0.000197946	0.069098	0	-1.05e+06	0	-1.57517	
320	0.000198045	0.0692959	0	-1.05e+06	0	-1.57935	
321	0.000198147	0.069494	0	-1.05e+06	0	-1.58349	
322	0.000198252	0.0696921	0	-1.05e+06	0	-1.58761	
323	0.00019836	0.0698904	0	-1.05e+06	0	-1.59169	
324	0.000198472	0.0700887	0	-1.05e+06	0	-1.59574	
325	0.000198589	0.0702872	0	-1.05e+06	0	-1.59977	
326	0.00019871	0.0704858	0	-1.05e+06	0	-1.60376	
327	0.000198836	0.0706845	0	-1.05e+06	0	-1.60772	
328	0.000198966	0.0708834	0	-1.05e+06	0	-1.61166	
329	0.000199101	0.0710823	0	-1.05e+06	0	-1.61556	
330	0.000199239	0.0712814	0	-1.05e+06	0	-1.61942	
331	0.000199381	0.0714807	0	-1.05e+06	0	-1.62326	
332	0.000199524	0.07168	0	-1.05e+06	0	-1.62707	
333	0.000199668	0.0718796	0	-1.05e+06	0	-1.63084	
334	0.000199626	0.0720792	0	-1.05e+06	0	-1.63458	
335	0.000199581	0.0722789	0	-1.05e+06	0	-1.63829	
336	0.000199543	0.0724784	0	-1.05e+06	0	-1.64196	
337	0.000199511	0.072678	0	-1.05e+06	0	-1.64559	
338	0.000199443	0.0728775	0	-1.05e+06	0	-1.64919	
339	0.000199365	0.0730769	0	-1.05e+06	0	-1.65275	
340	0.000199291	0.0732763	0	-1.05e+06	0	-1.65628	
341	0.000199222	0.0734756	0	-1.05e+06	0	-1.65977	
342	0.000199155	0.0736748	0	-1.05e+06	0	-1.66322	
343	0.000199082	0.073874	0	-1.05e+06	0	-1.66664	
344	0.000198996	0.0740731	0	-1.05e+06	0	-1.67003	
345	0.000198912	0.074272	0	-1.05e+06	0	-1.67338	
346	0.000198834	0.074471	0	-1.05e+06	0	-1.67669	
347	0.000198762	0.0746698	0	-1.05e+06	0	-1.67997	
348	0.000198693	0.0748686	0	-1.05e+06	0	-1.68322	
349	0.00019858	0.0750673	0	-1.05e+06	0	-1.68642	
350	0.000198474	0.0752658	0	-1.05e+06	0	-1.6896	
351	0.000198352	0.0754643	0	-1.05e+06	0	-1.69274	
352	0.000198233	0.0756627	0	-1.05e+06	0	-1.69584	
353	0.000198126	0.0758609	0	-1.05e+06	0	-1.69891	
354	0.00019803	0.076059	0	-1.05e+06	0	-1.70195	
355	0.000197945	0.076257	0	-1.05e+06	0	-1.70495	
356	0.000197873	0.076455	0	-1.05e+06	0	-1.70792	
357	0.000197777	0.0766529	0	-1.05e+06	0	-1.71086	
358	0.000197672	0.0768506	0	-1.05e+06	0	-1.71376	
359	0.000197576	0.0770483	0	-1.05e+06	0	-1.71663	
360	0.000197311	0.0772459	0	-1.05e+06	0	-1.71946	
361	0.000196993	0.0774432	0	-1.05e+06	0	-1.72226	
362	0.000196653	0.0776402	0	-1.05e+06	0	-1.72503	
363	0.000196317	0.0778368	0	-1.05e+06	0	-1.72775	
364	0.000195991	0.0780332	0	-1.05e+06	0	-1.73045	
365	0.000195679	0.0782292	0	-1.05e+06	0	-1.73311	
366	0.000195383	0.0784248	0	-1.05e+06	0	-1.73573	
367	0.000195107	0.0786202	0	-1.05e+06	0	-1.73833	
368	0.000194854	0.0788153	0	-1.05e+06	0	-1.74089	
369	0.000194624	0.0790102	0	-1.05e+06	0	-1.74342	
370	0.00019442	0.0792048	0	-1.05e+06	0	-1.74591	
371	0.000194244	0.0793992	0	-1.05e+06	0	-1.74838	
372	0.000194096	0.0795935	0	-1.05e+06	0	-1.75081	
373	0.000193977	0.0797876	0	-1.05e+06	0	-1.75322	
374	0.000193888	0.0799815	0	-1.05e+06	0	-1.75559	
375	0.000193828	0.0801754	0	-1.05e+06	0	-1.75794	
376	0.000193796	0.0803693	0	-1.05e+06	0	-1.76026	
377	0.000193793	0.080563	0	-1.05e+06	0	-1.76255	
378	0.000193816	0.0807568	0	-1.05e+06	0	-1.76481	
379	0.000193865	0.0809507	0	-1.05e+06	0	-1.76704	
380	0.000193937	0.0811445	0	-1.05e+06	0	-1.76925	
381	0.00019403	0.0813385	0	-1.05e+06	0	-1.77143	
382	0.000194141	0.0815325	0	-1.05e+06	0	-1.77358	
383	0.000194268	0.0817266	0	-1.05e+06	0	-1.77571	
384	0.000194408	0.0819209	0	-1.05e+06	0	-1.77781	
385	0.000194542	0.0821153	0	-1.05e+06	0	-1.77988	
386	0.000194657	0.0823098	0	-1.05e+06	0	-1.78192	
387	0.000194759	0.0825045	0	-1.05e+06	0	-1.78394	
388	0.000194825	0.0826993	0	-1.05e+06	0	-1.78593	
389	0.000194888	0.0828941	0	-1.05e+06	0	-1.78789	
390	0.000194938	0.083089	0	-1.05e+06	0	-1.78983	
391	0.000194943	0.0832839	0	-1.05e+06	0	-1.79173	
392	0.000194937	0.0834789	0	-1.05e+06	0	-1.79361	
393	0.000194926	0.0836738	0	-1.05e+06	0	-1.79545	
394	0.0001949	0.0838687	0	-1.05e+06	0	-1.79727	
395	0.000194885	0.0840636	0	-1.05e+06	0	-1.79906	
396	0.000194881	0.0842585	0	-1.05e+06	0	-1.80082	
397	0.00019489	0.0844534	0	-1.05e+06	0	-1.80255	
398	0.000194911	0.0846483	0	-1.05e+06	0	-1.80425	
399	0.000194943	0.0848432	0	-1.05e+06	0	-1.80592	
400	0.000194987	0.0850381	0	-1.05e+06	0	-1.80756	
401	0.00019504	0.0852331	0	-1.05e+06	0	-1.80918	
402	0.000195103	0.0854282	0	-1.05e+06	0	-1.81076	
403	0.000195173	0.0856233	0	-1.05e+06	0	-1.81232	
404	0.00019525	0.0858184	0	-1.05e+06	0	-1.81384	
405	0.000195333	0.0860137	0	-1.05e+06	0	-1.81534	
406	0.000195405	0.086209	0	-1.05e+06	0	-1.8168	
407	0.00019546	0.0864044	0	-1.05e+06	0	-1.81824	
408	0.000195372	0.0865999	0	-1.05e+06	0	-1.81964	
409	0.000195259	0.0867953	0	-1.05e+06	0	-1.82101	
410	0.000195148	0.0869905	0	-1.05e+06	0	-1.82235	
411	0.000195041	0.0871857	0	-1.05e+06	0	-1.82366	
412	0.000194942	0.0873807	0	-1.05e+06	0	-1.82494	
413	0.000194852	0.0875756	0	-1.05e+06	0	-1.82619	
414	0.000194774	0.0877705	0	-1.05e+06	0	-1.8274	
415	0.000194709	0.0879653	0	-1.05e+06	0	-1.82859	
416	0.000194658	0.08816	0	-1.05e+06	0	-1.82974	
417	0.000194625	0.0883546	0	-1.05e+06	0	-1.83086	
418	0.000194608	0.0885493	0	-1.05e+06	0	-1.83195	
419	0.000194609	0.0887439	0	-1.05e+06	0	-1.83301	
420	0.000194628	0.0889385	0	-1.05e+06	0	-1.83403	
421	0.000194664	0.0891331	0	-1.05e+06	0	-1.83503	
422	0.000194719	0.0893278	0	-1.05e+06	0	-1.83599	
423	0.000194789	0.0895225	0	-1.05e+06	0	-1.83692	
424	0.000194876	0.0897173	0	-1.05e+06	0	-1.83783	
425	0.000194977	0.0899122	0	-1.05e+06	0	-1.8387	
426	0.00019509	0.0901071	0	-1.05e+06	0	-1.83953	
427	0.000195215	0.0903022	0	-1.05e+06	0	-1.84034	
428	0.000195349	0.0904974	0	-1.05e+06	0	-1.84111	
429	0.000195489	0.0906928	0	-1.05e+06	0	-1.84186	
430	0.000195634	0.0908883	0	-1.05e+06	0	-1.84257	
431	0.000195781	0.0910839	0	-1.05e+06	0	-1.84325	
432	0.000195929	0.0912797	0	-1.05e+06	0	-1.8439	
433	0.000196074	0.0914756	0	-1.05e+06	0	-1.84451	
434	0.000196214	0.0916717	0	-1.05e+06	0	-1.84509	
435	0.000196268	0.0918679	0	-1.05e+06	0	-1.84564	
436	0.000196309	0.0920642	0	-1.05e+06	0	-1.84616	
437	0.000196353	0.0922605	0	-1.05e+06	0	-1.84665	
438	0.000196393	0.0924568	0	-1.05e+06	0	-1.8471	
439	0.000196436	0.0926532	0	-1.05e+06	0	-1.84752	
440	0.000196485	0.0928497	0	-1.05e+06	0	-1.8479	
441	0.00019654	0.0930461	0	-1.05e+06	0	-1.84825	
442	0.0001966	0.0932427	0	-1.05e+06	0	-1.84857	
443	0.000196665	0.0934393	0	-1.05e+06	0	-1.84886	
444	0.000196733	0.093636	0	-1.05e+06	0	-1.84911	
445	0.00019679	0.0938327	0	-1.05e+06	0	-1.84933	
446	0.000196823	0.0940295	0	-1.05e+06	0	-1.84951	
447	0.00019684	0.0942263	0	-1.05e+06	0	-1.84966	
448	0.000196852	0.0944231	0	-1.05e+06	0	-1.84978	
449	0.00019686	0.09462	0	-1.05e+06	0	-1.84986	
450	0.000196864	0.0948169	0	-1.05e+06	0	-1.84991	
451	0.000196843	0.0950137	0	-1.05e+06	0	-1.84993	
452	0.000196818	0.0952106	0	-1.05e+06	0	-1.84991	
453	0.000196775	0.0954074	0	-1.05e+06	0	-1.84986	
454	0.000196723	0.0956042	0	-1.05e+06	0	-1.84977	
455	0.000196672	0.0958009	0	-1.05e+06	0	-1.84965	
456	0.000196622	0.0959975	0	-1.05e+06	0	-1.84949	
457	0.000196577	0.0961942	0	-1.05e+06	0	-1.8493	
458	0.000196535	0.0963907	0	-1.05e+06	0	-1.84907	
459	0.000196499	0.0965873	0	-1.05e+06	0	-1.84881	
460	0.000196468	0.0967838	0	-1.05e+06	0	-1.84852	
461	0.000196444	0.0969803	0	-1.05e+06	0	-1.84819	
462	0.000196425	0.0971767	0	-1.05e+06	0	-1.84782	
463	0.000196413	0.0973731	0	-1.05e+06	0	-1.84742	
464	0.000196406	0.0975695	0	-1.05e+06	0	-1.84698	
465	0.000196404	0.0977659	0	-1.05e+06	0	-1.84651	
466	0.000196407	0.0979623	0	-1.05e+06	0	-1.84601	
467	0.000196413	0.0981587	0	-1.05e+06	0	-1.84546	
468	0.000196422	0.0983552	0	-1.05e+06	0	-1.84488	
469	0.000196433	0.0985516	0	-1.05e+06	0	-1.84427	
470	0.000196444	0.098748	0	-1.05e+06	0	-1.84362	
471	0.000196453	0.0989445	0	-1.05e+06	0	-1.84293	
472	0.000196461	0.0991409	0	-1.05e+06	0	-1.84221	
473	0.000196464	0.0993374	0	-1.05e+06	0	-1.84145	
474	0.000196463	0.0995338	0	-1.05e+06	0	-1.84066	
475	0.000196455	0.0997303	0	-1.05e+06	0	-1.83983	
476	0.000196439	0.0999268	0	-1.05e+06	0	-1.83896	
477	0.000196415	0.100123	0	-1.05e+06	0	-1.83805	
478	0.000196381	0.10032	0	-1.05e+06	0	-1.83711	
479	0.000196321	0.100516	0	-1.05e+06	0	-1.83614	
480	0.00019624	0.100712	0	-1.05e+06	0	-1.83512	
481	0.000196153	0.100909	0	-1.05e+06	0	-1.83408	
482	0.000196054	0.101105	0	-1.05e+06	0	-1.83299	
483	0.000195939	0.101301	0	-1.05e+06	0	-1.83187	
484	0.000195814	0.101497	0	-1.05e+06	0	-1.83071	
485	0.000195684	0.101693	0	-1.05e+06	0	-1.82952	
486	0.000195549	0.101888	0	-1.05e+06	0	-1.82829	
487	0.000195409	0.102084	0	-1.05e+06	0	-1.82703	
488	0.000195264	0.102279	0	-1.05e+06	0	-1.82573	
489	0.000195113	0.102474	0	-1.05e+06	0	-1.82439	
490	0.000194958	0.10267	0	-1.05e+06	0	-1.82302	
491	0.000194799	0.102864	0	-1.05e+06	0	-1.82162	
492	0.000194634	0.103059	0	-1.05e+06	0	-1.82018	
493	0.00019446	0.103254	0	-1.05e+06	0	-1.8187	
494	0.000194248	0.103448	0	-1.05e+06	0	-1.81719	
495	0.000194028	0.103643	0	-1.05e+06	0	-1.81565	
496	0.000193803	0.103837	0	-1.05e+06	0	-1.81407	
497	0.000193572	0.10403	0	-1.05e+06	0	-1.81246	
498	0.000193337	0.104224	0	-1.05e+06	0	-1.81081	
499	0.000193099	0.104417	0	-1.05e+06	0	-1.80913	
500	0.000192858	0.10461	0	-1.05e+06	0	-1.80742	
501	0.000192616	0.104803	0	-1.05e+06	0	-1.80568	
502	0.000192373	0.104996	0	-1.05e+06	0	-1.8039	
503	0.00019213	0.105188	0	-1.05e+06	0	-1.80209	
504	0.000191887	0.10538	0	-1.05e+06	0	-1.80024	
505	0.000191646	0.105572	0	-1.05e+06	0	-1.79837	
506	0.000191408	0.105764	0	-1.05e+06	0	-1.79646	
507	0.000191173	0.105955	0	-1.05e+06	0	-1.79452	
508	0.000190942	0.106147	0	-1.05e+06	0	-1.79254	
509	0.000190716	0.106338	0	-1.05e+06	0	-1.79054	
510	0.000190496	0.106528	0	-1.05e+06	0	-1.7885	
511	0.000190282	0.106719	0	-1.05e+06	0	-1.78643	
512	0.000190076	0.106909	0	-1.05e+06	0	-1.78433	
513	0.000189878	0.107099	0	-1.05e+06	0	-1.7822	
514	0.000189688	0.107289	0	-1.05e+06	0	-1.78003	
515	0.000189508	0.107479	0	-1.05e+06	0	-1.77784	
516	0.000189339	0.107668	0	-1.05e+06	0	-1.77561	
517	0.00018918	0.107857	0	-1.05e+06	0	-1.77335	
518	0.000189034	0.108047	0	-1.05e+06	0	-1.77106	
519	0.0001889	0.108236	0	-1.05e+06	0	-1.76874	
520	0.000188778	0.108425	0	-1.05e+06	0	-1.76638	
521	0.000188671	0.108613	0	-1.05e+06	0	-1.764	
522	0.000188578	0.108802	0	-1.05e+06	0	-1.76158	
523	0.000188499	0.108991	0	-1.05e+06	0	-1.75913	
524	0.000188435	0.109179	0	-1.05e+06	0	-1.75665	
525	0.000188386	0.109368	0	-1.05e+06	0	-1.75413	
526	0.000188353	0.109556	0	-1.05e+06	0	-1.75159	
527	0.000188335	0.109744	0	-1.05e+06	0	-1.74901	
528	0.000188333	0.109933	0	-1.05e+06	0	-1.7464	
529	0.000188346	0.110121	0	-1.05e+06	0	-1.74375	
530	0.000188374	0.110309	0	-1.05e+06	0	-1.74108	
531	0.000188417	0.110498	0	-1.05e+06	0	-1.73837	
532	0.000188474	0.110686	0	-1.05e+06	0	-1.73562	
533	0.000188545	0.110875	0	-1.05e+06	0	-1.73285	
534	0.00018863	0.111063	0	-1.05e+06	0	-1.73004	
535	0.000188726	0.111252	0	-1.05e+06	0	-1.72719	
536	0.000188834	0.11144	0	-1.05e+06	0	-1.72432	
537	0.000188952	0.111629	0	-1.05e+06	0	-1.72141	
538	0.000189079	0.111818	0	-1.05e+06	0	-1.71846	
539	0.000189214	0.112007	0	-1.05e+06	0	-1.71548	
540	0.000189356	0.112197	0	-1.05e+06	0	-1.71247	
541	0.000189499	0.112386	0	-1.05e+06	0	-1.70942	
542	0.000189636	0.112575	0	-1.05e+06	0	-1.70634	
543	0.000189768	0.112765	0	-1.05e+06	0	-1.70323	
544	0.000189893	0.112955	0	-1.05e+06	0	-1.70008	
545	0.000190007	0.113145	0	-1.05e+06	0	-1.6969	
546	0.000190114	0.113335	0	-1.05e+06	0	-1.69369	
547	0.00019022	0.113525	0	-1.05e+06	0	-1.69044	
548	0.000190325	0.113715	0	-1.05e+06	0	-1.68716	
549	0.000190391	0.113905	0	-1.05e+06	0	-1.68385	
550	0.000190446	0.114096	0	-1.05e+06	0	-1.6805	
551	0.000190509	0.114286	0	-1.05e+06	0	-1.67713	
552	0.000190578	0.114477	0	-1.05e+06	0	-1.67372	
553	0.000190655	0.114667	0	-1.05e+06	0	-1.67028	
554	0.00019074	0.114858	0	-1.05e+06	0	-1.66681	
555	0.000190832	0.115049	0	-1.05e+06	0	-1.6633	
556	0.000190932	0.11524	0	-1.05e+06	0	-1.65977	
557	0.000191039	0.11543	0	-1.05e+06	0	-1.6562	
558	0.000191154	0.115622	0	-1.05e+06	0	-1.6526	
559	0.000191276	0.115813	0	-1.05e+06	0	-1.64897	
560	0.000191381	0.116004	0	-1.05e+06	0	-1.64531	
561	0.00019146	0.116195	0	-1.05e+06	0	-1.64161	
562	0.00019153	0.116387	0	-1.05e+06	0	-1.63789	
563	0.0001916	0.116578	0	-1.05e+06	0	-1.63414	
564	0.000191658	0.11677	0	-1.05e+06	0	-1.63035	
565	0.000191695	0.116962	0	-1.05e+06	0	-1.62654	
566	0.000191733	0.117153	0	-1.05e+06	0	-1.62269	
567	0.000191767	0.117345	0	-1.05e+06	0	-1.61882	
568	0.000191785	0.117537	0	-1.05e+06	0	-1.61492	
569	0.000191808	0.117729	0	-1.05e+06	0	-1.61099	
570	0.000191837	0.11792	0	-1.05e+06	0	-1.60703	
571	0.000191873	0.118112	0	-1.05e+06	0	-1.60304	
572	0.000191918	0.118304	0	-1.05e+06	0	-1.59903	
573	0.000191975	0.118496	0	-1.05e+06	0	-1.59498	
574	0.000192043	0.118688	0	-1.05e+06	0	-1.59091	
575	0.000192124	0.11888	0	-1.05e+06	0	-1.5868	
576	0.00019222	0.119072	0	-1.05e+06	0	-1.58267	
577	0.000192331	0.119264	0	-1.05e+06	0	-1.57851	
578	0.000192458	0.119457	0	-1.05e+06	0	-1.57432	
579	0.000192601	0.119649	0	-1.05e+06	0	-1.5701	
580	0.000192762	0.119842	0	-1.05e+06	0	-1.56585	
581	0.00019294	0.120034	0	-1.05e+06	0	-1.56157	
582	0.000193135	0.120227	0	-1.05e+06	0	-1.55725	
583	0.000193348	0.120421	0	-1.05e+06	0	-1.55291	
584	0.000193577	0.120614	0	-1.05e+06	0	-1.54853	
585	0.000193823	0.120807	0	-1.05e+06	0	-1.54413	
586	0.000194085	0.121001	0	-1.05e+06	0	-1.53969	
587	0.000194361	0.121195	0	-1.05e+06	0	-1.53521	
588	0.000194652	0.12139	0	-1.05e+06	0	-1.53071	
589	0.000194955	0.121584	0	-1.05e+06	0	-1.52617	
590	0.000195269	0.121779	0	-1.05e+06	0	-1.5216	
591	0.000195593	0.121975	0	-1.05e+06	0	-1.517	
592	0.000195925	0.12217	0	-1.05e+06	0	-1.51236	
593	0.000196264	0.122366	0	-1.05e+06	0	-1.50769	
594	0.000196589	0.122562	0	-1.05e+06	0	-1.50299	
595	0.000196913	0.122759	0	-1.05e+06	0	-1.49825	
596	0.000197239	0.122956	0	-1.05e+06	0	-1.49348	
597	0.000197566	0.123153	0	-1.05e+06	0	-1.48868	
598	0.000197875	0.123351	0	-1.05e+06	0	-1.48384	
599	0.000198177	0.123549	0	-1.05e+06	0	-1.47897	
600	0.000198465	0.123747	0	-1.05e+06	0	-1.47407	
601	0.000198723	0.123945	0	-1.05e+06	0	-1.46914	
602	0.000198977	0.124144	0	-1.05e+06	0	-1.46418	
603	0.000199237	0.124343	0	-1.05e+06	0	-1.45919	
604	0.000199503	0.124542	0	-1.05e+06	0	-1.45416	
605	0.000199774	0.124742	0	-1.05e+06	0	-1.44911	
606	0.000200049	0.124941	0	-1.05e+06	0	-1.44402	
607	0.000200327	0.125142	0	-1.05e+06	0	-1.43891	
608	0.000200607	0.125342	0	-1.05e+06	0	-1.43376	
609	0.000200888	0.125542	0	-1.05e+06	0	-1.42858	
610	0.000201159	0.125743	0	-1.05e+06	0	-1.42337	
611	0.000201399	0.125944	0	-1.05e+06	0	-1.41814	
612	0.000201633	0.126146	0	-1.05e+06	0	-1.41287	
613	0.000201861	0.126348	0	-1.05e+06	0	-1.40758	
614	0.000202085	0.126549	0	-1.05e+06	0	-1.40225	
615	0.000202305	0.126751	0	-1.05e+06	0	-1.3969	
616	0.00020252	0.126954	0	-1.05e+06	0	-1.39152	
617	0.00020273	0.127156	0	-1.05e+06	0	-1.38612	
618	0.000202922	0.127359	0	-1.05e+06	0	-1.38069	
619	0.000203072	0.127562	0	-1.05e+06	0	-1.37523	
620	0.00020322	0.127765	0	-1.05e+06	0	-1.36975	
621	0.000203365	0.127968	0	-1.05e+06	0	-1.36424	
622	0.000203509	0.128172	0	-1.05e+06	0	-1.35871	
623	0.000203653	0.128375	0	-1.05e+06	0	-1.35315	
624	0.000203797	0.128579	0	-1.05e+06	0	-1.34757	
625	0.000203942	0.128783	0	-1.05e+06	0	-1.34197	
626	0.000204088	0.128987	0	-1.05e+06	0	-1.33634	
627	0.000204236	0.129191	0	-1.05e+06	0	-1.33069	
628	0.000204385	0.129395	0	-1.05e+06	0	-1.32502	
629	0.000204535	0.129599	0	-1.05e+06	0	-1.31933	
630	0.000204687	0.129804	0	-1.05e+06	0	-1.31361	
631	0.000204839	0.130008	0	-1.05e+06	0	-1.30787	
632	0.000204991	0.130213	0	-1.05e+06	0	-1.3021	
633	0.000205143	0.130418	0	-1.05e+06	0	-1.29632	
634	0.000205293	0.130623	0	-1.05e+06	0	-1.29052	
635	0.000205441	0.130829	0	-1.05e+06	0	-1.28469	
636	0.000205586	0.131034	0	-1.05e+06	0	-1.27884	
637	0.000205725	0.13124	0	-1.05e+06	0	-1.27297	
638	0.000205859	0.131445	0	-1.05e+06	0	-1.26709	
639	0.000205986	0.131651	0	-1.05e+06	0	-1.26118	
640	0.000206046	0.131857	0	-1.05e+06	0	-1.25526	
641	0.00020609	0.132063	0	-1.05e+06	0	-1.24932	
642	0.00020613	0.132269	0	-1.05e+06	0	-1.24336	
643	0.000206167	0.132476	0	-1.05e+06	0	-1.23739	
644	0.000206199	0.132682	0	-1.05e+06	0	-1.2314	
645	0.000206226	0.132888	0	-1.05e+06	0	-1.2254	
646	0.000206249	0.133094	0	-1.05e+06	0	-1.21938	
647	0.00020627	0.1333	0	-1.05e+06	0	-1.21335	
648	0.000206285	0.133507	0	-1.05e+06	0	-1.20731	
649	0.000206295	0.133713	0	-1.05e+06	0	-1.20125	
650	0.000206302	0.133919	0	-1.05e+06	0	-1.19518	
651	0.000206291	0.134126	0	-1.05e+06	0	-1.1891	
652	0.000206241	0.134332	0	-1.05e+06	0	-1.18301	
653	0.000206187	0.134538	0	-1.05e+06	0	-1.1769	
654	0.00020613	0.134744	0	-1.05e+06	0	-1.17079	
655	0.00020607	0.13495	0	-1.05e+06	0	-1.16467	
656	0.000206007	0.135156	0	-1.05e+06	0	-1.15854	
657	0.000205942	0.135362	0	-1.05e+06	0	-1.1524	
658	0.000205875	0.135568	0	-1.05e+06	0	-1.14625	
659	0.000205806	0.135774	0	-1.05e+06	0	-1.1401	
660	0.000205736	0.13598	0	-1.05e+06	0	-1.13394	
661	0.000205664	0.136186	0	-1.05e+06	0	-1.12776	
662	0.000205547	0.136392	0	-1.05e+06	0	-1.12159	
663	0.000205401	0.136597	0	-1.05e+06	0	-1.11541	
664	0.000205252	0.136802	0	-1.05e+06	0	-1.10922	
665	0.0002051	0.137008	0	-1.05e+06	0	-1.10303	
666	0.000204948	0.137213	0	-1.05e+06	0	-1.09684	
667	0.000204794	0.137418	0	-1.05e+06	0	-1.09065	
668	0.000204641	0.137623	0	-1.05e+06	0	-1.08445	
669	0.000204489	0.137827	0	-1.05e+06	0	-1.07825	
670	0.00020434	0.138032	0	-1.05e+06	0	-1.07204	
671	0.000204192	0.138236	0	-1.05e+06	0	-1.06584	
672	0.000204049	0.13844	0	-1.05e+06	0	-1.05963	
673	0.000203909	0.138644	0	-1.05e+06	0	-1.05342	
674	0.000203773	0.138848	0	-1.05e+06	0	-1.04721	
675	0.000203641	0.139052	0	-1.05e+06	0	-1.04099	
676	0.000203515	0.139256	0	-1.05e+06	0	-1.03478	
677	0.000203393	0.139459	0	-1.05e+06	0	-1.02856	
678	0.000203277	0.139662	0	-1.05e+06	0	-1.02235	
679	0.000203166	0.139866	0	-1.05e+06	0	-1.01613	
680	0.000203057	0.140069	0	-1.05e+06	0	-1.00991	
681	0.000202954	0.140272	0	-1.05e+06	0	-1.00369	
682	0.000202856	0.140475	0	-1.05e+06	0	-0.997464	
683	0.000202763	0.140678	0	-1.05e+06	0	-0.991241	
684	0.000202676	0.140881	0	-1.05e+06	0	-0.985018	
685	0.000202594	0.141083	0	-1.05e+06	0	-0.978795	
686	0.000202518	0.141286	0	-1.05e+06	0	-0.972571	
687	0.000202446	0.141488	0	-1.05e+06	0	-0.966346	
688	0.000202379	0.141691	0	-1.05e+06	0	-0.960122	
689	0.000202317	0.141893	0	-1.05e+06	0	-0.953898	
690	0.000202259	0.142095	0	-1.05e+06	0	-0.947674	
691	0.000202205	0.142298	0	-1.05e+06	0	-0.94145	
692	0.000202155	0.1425	0	-1.05e+06	0	-0.935227	
693	0.000202108	0.142702	0	-1.05e+06	0	-0.929004	
694	0.000202066	0.142904	0	-1.05e+06	0	-0.922782	
695	0.000202026	0.143106	0	-1.05e+06	0	-0.916561	
696	0.000201989	0.143308	0	-1.05e+06	0	-0.910342	
697	0.000201955	0.14351	0	-1.05e+06	0	-0.904123	
698	0.000201924	0.143712	0	-1.05e+06	0	-0.897906	
699	0.000201895	0.143914	0	-1.05e+06	0	-0.891692	
700	0.000201868	0.144116	0	-1.05e+06	0	-0.885479	
701	0.000201844	0.144318	0	-1.05e+06	0	-0.879268	
702	0.000201821	0.14452	0	-1.05e+06	0	-0.87306	
703	0.000201795	0.144722	0	-1.05e+06	0	-0.866854	
704	0.00020177	0.144923	0	-1.05e+06	0	-0.860652	
705	0.000201746	0.145125	0	-1.05e+06	0	-0.854453	
706	0.000201723	0.145327	0	-1.05e+06	0	-0.848258	
707	0.000201702	0.145529	0	-1.05e+06	0	-0.842066	
708	0.000201682	0.14573	0	-1.05e+06	0	-0.835879	
709	0.000201664	0.145932	0	-1.05e+06	0	-0.829696	
710	0.000201647	0.146134	0	-1.05e+06	0	-0.823517	
711	0.000201631	0.146335	0	-1.05e+06	0	-0.817344	
712	0.000201618	0.146537	0	-1.05e+06	0	-0.811175	
713	0.000201606	0.146739	0	-1.05e+06	0	-0.805011	
714	0.000201597	0.14694	0	-1.05e+06	0	-0.798853	
715	0.000201591	0.147142	0	-1.05e+06	0	-0.792701	
716	0.000201588	0.147343	0	-1.05e+06	0	-0.786554	
717	0.000201587	0.147545	0	-1.05e+06	0	-0.780414	
718	0.000201591	0.147747	0	-1.05e+06	0	-0.77428	
719	0.000201598	0.147948	0	-1.05e+06	0	-0.768152	
720	0.000201609	0.14815	0	-1.05e+06	0	-0.76203	
721	0.000201625	0.148351	0	-1.05e+06	0	-0.755916	
722	0.000201646	0.148553	0	-1.05e+06	0	-0.749808	
723	0.000201673	0.148755	0	-1.05e+06	0	-0.743707	
724	0.000201705	0.148956	0	-1.05e+06	0	-0.737613	
725	0.000201744	0.149158	0	-1.05e+06	0	-0.731527	
726	0.000201789	0.14936	0	-1.05e+06	0	-0.725448	
727	0.00020184	0.149562	0	-1.05e+06	0	-0.719376	
728	0.000201899	0.149763	0	-1.05e+06	0	-0.713312	
729	0.000201965	0.149965	0	-1.05e+06	0	-0.707255	
730	0.000202039	0.150167	0	-1.05e+06	0	-0.701206	
731	0.000202121	0.150369	0	-1.05e+06	0	-0.695164	
732	0.000202211	0.150571	0	-1.05e+06	0	-0.689131	
733	0.000202309	0.150774	0	-1.05e+06	0	-0.683105	
734	0.000202415	0.150976	0	-1.05e+06	0	-0.677088	
735	0.000202529	0.151178	0	-1.05e+06	0	-0.671078	
736	0.000202651	0.151381	0	-1.05e+06	0	-0.665077	
737	0.000202781	0.151584	0	-1.05e+06	0	-0.659084	
738	0.00020292	0.151786	0	-1.05e+06	0	-0.653099	
739	0.000203066	0.151989	0	-1.05e+06	0	-0.647123	
740	0.000203219	0.152192	0	-1.05e+06	0	-0.641155	
741	0.00020338	0.152395	0	-1.05e+06	0	-0.635196	
742	0.000203547	0.152599	0	-1.05e+06	0	-0.629246	
743	0.000203721	0.152802	0	-1.05e+06	0	-0.623306	
744	0.000203901	0.153006	0	-1.05e+06	0	-0.617374	
745	0.000204087	0.15321	0	-1.05e+06	0	-0.611452	
746	0.000204277	0.153414	0	-1.05e+06	0	-0.60554	
747	0.000204472	0.153618	0	-1.05e+06	0	-0.599638	
748	0.000204671	0.153823	0	-1.05e+06	0	-0.593746	
749	0.000204874	0.154028	0	-1.05e+06	0	-0.587864	
750	0.00020508	0.154232	0	-1.05e+06	0	-0.581994	
751	0.000205288	0.154438	0	-1.05e+06	0	-0.576134	
752	0.000205498	0.154643	0	-1.05e+06	0	-0.570286	
753	0.000205709	0.154848	0	-1.05e+06	0	-0.56445	
754	0.000205915	0.155054	0	-1.05e+06	0	-0.558626	
755	0.000206118	0.15526	0	-1.05e+06	0	-0.552816	
756	0.000206322	0.155466	0	-1.05e+06	0	-0.547018	
757	0.000206527	0.155672	0	-1.05e+06	0	-0.541234	
758	0.000206732	0.155879	0	-1.05e+06	0	-0.535464	
759	0.000206937	0.156086	0	-1.05e+06	0	-0.529708	
760	0.000207144	0.156293	0	-1.05e+06	0	-0.523968	
761	0.00020735	0.1565	0	-1.05e+06	0	-0.518242	
762	0.000207557	0.156707	0	-1.05e+06	0	-0.512532	
763	0.000207764	0.156915	0	-1.05e+06	0	-0.506838	
764	0.000207971	0.157122	0	-1.05e+06	0	-0.50116	
765	0.000208179	0.15733	0	-1.05e+06	0	-0.495498	
766	0.000208387	0.157539	0	-1.05e+06	0	-0.489854	
767	0.000208596	0.157747	0	-1.05e+06	0	-0.484227	
768	0.000208805	0.157955	0	-1.05e+06	0	-0.478618	
769	0.000209016	0.158164	0	-1.05e+06	0	-0.473028	
770	0.000209228	0.158373	0	-1.05e+06	0	-0.467455	
771	0.000209441	0.158583	0	-1.05e+06	0	-0.461902	
772	0.000209651	0.158792	0	-1.05e+06	0	-0.456367	
773	0.000209859	0.159002	0	-1.05e+06	0	-0.450853	
774	0.000210068	0.159211	0	-1.05e+06	0	-0.445358	
775	0.000210281	0.159422	0	-1.05e+06	0	-0.439884	
776	0.000210497	0.159632	0	-1.05e+06	0	-0.434431	
777	0.000210717	0.159842	0	-1.05e+06	0	-0.428998	
778	0.00021094	0.160053	0	-1.05e+06	0	-0.423587	
779	0.000211169	0.160264	0	-1.05e+06	0	-0.418197	
780	0.000211402	0.160475	0	-1.05e+06	0	-0.412828	
781	0.00021164	0.160687	0	-1.05e+06	0	-0.407481	
782	0.000211884	0.160898	0	-1.05e+06	0	-0.402157	
783	0.000212133	0.16111	0	-1.05e+06	0	-0.396855	
784	0.000212389	0.161322	0	-1.05e+06	0	-0.391575	
785	0.000212651	0.161535	0	-1.05e+06	0	-0.386318	
786	0.000212919	0.161747	0	-1.05e+06	0	-0.381084	
787	0.000213194	0.16196	0	-1.05e+06	0	-0.375873	
788	0.000213475	0.162173	0	-1.05e+06	0	-0.370685	
789	0.000213762	0.162387	0	-1.05e+06	0	-0.365521	
790	0.000214056	0.162601	0	-1.05e+06	0	-0.360381	
791	0.000214356	0.162815	0	-1.05e+06	0	-0.355265	
792	0.000214663	0.163029	0	-1.05e+06	0	-0.350173	
793	0.000214976	0.163244	0	-1.05e+06	0	-0.345105	
794	0.000215295	0.163459	0	-1.05e+06	0	-0.340062	
795	0.00021562	0.163674	0	-1.05e+06	0	-0.335043	
796	0.000215952	0.16389	0	-1.05e+06	0	-0.33005	
797	0.000216289	0.164106	0	-1.05e+06	0	-0.325082	
798	0.000216632	0.164322	0	-1.05e+06	0	-0.320139	
799	0.000216981	0.164538	0	-1.05e+06	0	-0.315222	
800	0.000217336	0.164755	0	-1.05e+06	0	-0.310332	
801	0.000217697	0.164973	0	-1.05e+06	0	-0.305467	
802	0.000218064	0.16519	0	-1.05e+06	0	-0.300629	
803	0.000218437	0.165409	0	-1.05e+06	0	-0.295817	
804	0.000218818	0.165627	0	-1.05e+06	0	-0.291032	
805	0.000219205	0.165846	0	-1.05e+06	0	-0.286275	
806	0.000219599	0.166065	0	-1.05e+06	0	-0.281544	
807	0.000220002	0.166285	0	-1.05e+06	0	-0.276842	
808	0.000220413	0.166505	0	-1.05e+06	0	-0.272166	
809	0.000220833	0.166725	0	-1.05e+06	0	-0.267519	
810	0.000221262	0.166946	0	-1.05e+06	0	-0.262899	
811	0.000221702	0.167167	0	-1.05e+06	0	-0.258308	
812	0.000222154	0.167389	0	-1.05e+06	0	-0.253745	
813	0.000222617	0.167611	0	-1.05e+06	0	-0.24921	
814	0.000223094	0.167834	0	-1.05e+06	0	-0.244704	
815	0.000223584	0.168057	0	-1.05e+06	0	-0.240226	
816	0.000224089	0.16828	0	-1.05e+06	0	-0.235777	
817	0.00022461	0.168504	0	-1.05e+06	0	-0.231357	
818	0.000225148	0.168729	0	-1.05e+06	0	-0.226965	
819	0.000225703	0.168954	0	-1.05e+06	0	-0.222602	
820	0.000226277	0.16918	0	-1.05e+06	0	-0.218267	
821	0.000226869	0.169406	0	-1.05e+06	0	-0.213962	
822	0.000227482	0.169633	0	-1.05e+06	0	-0.209685	
823	0.000228115	0.16986	0	-1.05e+06	0	-0.205436	
824	0.000228769	0.170089	0	-1.05e+06	0	-0.201217	
825	0.000229445	0.170317	0	-1.05e+06	0	-0.197026	
826	0.000230142	0.170547	0	-1.05e+06	0	-0.192865	
827	0.000230861	0.170777	0	-1.05e+06	0	-0.188732	
828	0.000231602	0.171008	0	-1.05e+06	0	-0.184627	
829	0.000232364	0.171239	0	-1.05e+06	0	-0.180552	
830	0.000233148	0.171472	0	-1.05e+06	0	-0.176506	
831	0.000233951	0.171705	0	-1.05e+06	0	-0.172489	
832	0.000234774	0.171939	0	-1.05e+06	0	-0.168501	
833	0.000235616	0.172174	0	-1.05e+06	0	-0.164542	
834	0.000236474	0.172409	0	-1.05e+06	0	-0.160613	
835	0.000237348	0.172646	0	-1.05e+06	0	-0.156714	
836	0.000238236	0.172883	0	-1.05e+06	0	-0.152846	
837	0.000239136	0.173121	0	-1.05e+06	0	-0.149007	
838	0.000240045	0.17336	0	-1.05e+06	0	-0.1452	
839	0.000240962	0.1736	0	-1.05e+06	0	-0.141425	
840	0.000241884	0.173841	0	-1.05e+06	0	-0.137681	
841	0.000242808	0.174083	0	-1.05e+06	0	-0.13397	
842	0.000243731	0.174326	0	-1.05e+06	0	-0.130292	
843	0.000244637	0.17457	0	-1.05e+06	0	-0.126648	
844	0.000245509	0.174814	0	-1.05e+06	0	-0.123039	
845	0.000246376	0.17506	0	-1.05e+06	0	-0.119466	
846	0.000247221	0.175306	0	-1.05e+06	0	-0.11593	
847	0.000248059	0.175554	0	-1.05e+06	0	-0.112432	
848	0.00024889	0.175802	0	-1.05e+06	0	-0.108972	
849	0.000249711	0.176051	0	-1.05e+06	0	-0.105551	
850	0.000250521	0.1763	0	-1.05e+06	0	-0.10217	
851	0.000251318	0.176551	0	-1.05e+06	0	-0.0988303	
852	0.000252095	0.176802	0	-1.05e+06	0	-0.0955322	
853	0.000252846	0.177054	0	-1.05e+06	0	-0.0922769	
854	0.000253582	0.177307	0	-1.05e+06	0	-0.0890654	
855	0.000254305	0.177561	0	-1.05e+06	0	-0.0858985	
856	0.000255012	0.177815	0	-1.05e+06	0	-0.0827772	
857	0.000255701	0.17807	0	-1.05e+06	0	-0.0797022	
858	0.000256354	0.178326	0	-1.05e+06	0	-0.0766749	
859	0.000256921	0.178582	0	-1.05e+06	0	-0.0736968	
860	0.000257459	0.178839	0	-1.05e+06	0	-0.070769	
861	0.000257968	0.179096	0	-1.05e+06	0	-0.0678924	
862	0.000258449	0.179354	0	-1.05e+06	0	-0.0650679	
863	0.000258903	0.179613	0	-1.05e+06	0	-0.0622966	
864	0.00025933	0.179872	0	-1.05e+06	0	-0.0595792	
865	0.000259732	0.180131	0	-1.05e+06	0	-0.0569167	
866	0.000260109	0.180391	0	-1.05e+06	0	-0.0543099	
867	0.000260462	0.180651	0	-1.05e+06	0	-0.0517597	
868	0.000260791	0.180911	0	-1.05e+06	0	-0.0492668	
869	0.000261097	0.181172	0	-1.05e+06	0	-0.0468322	
870	0.00026138	0.181433	0	-1.05e+06	0	-0.0444564	
871	0.000261641	0.181695	0	-1.05e+06	0	-0.0421405	
872	0.000261878	0.181956	0	-1.05e+06	0	-0.0398851	
873	0.000262093	0.182218	0	-1.05e+06	0	-0.037691	
874	0.000262283	0.18248	0	-1.05e+06	0	-0.035559	
875	0.000262449	0.182742	0	-1.05e+06	0	-0.0334898	
876	0.00026259	0.183005	0	-1.05e+06	0	-0.0314844	
877	0.000262704	0.183268	0	-1.05e+06	0	-0.0295433	
878	0.000262791	0.18353	0	-1.05e+06	0	-0.0276675	
879	0.000262849	0.183793	0	-1.05e+06	0	-0.0258577	
880	0.000262832	0.184056	0	-1.05e+06	0	-0.024115	
881	0.000262772	0.184319	0	-1.05e+06	0	-0.0224402	
882	0.000262657	0.184581	0	-1.05e+06	0	-0.0208343	
883	0.000262506	0.184844	0	-1.05e+06	0	-0.019298	
884	0.000262326	0.185107	0	-1.05e+06	0	-0.0178321	
885	0.00026212	0.185369	0	-1.05e+06	0	-0.0164371	
886	0.000261888	0.185631	0	-1.05e+06	0	-0.0151139	
887	0.000261631	0.185893	0	-1.05e+06	0	-0.013863	
888	0.00026135	0.186155	0	-1.05e+06	0	-0.0126853	
889	0.000261046	0.186416	0	-1.05e+06	0	-0.0115814	
890	0.000260719	0.186677	0	-1.05e+06	0	-0.0105519	
891	0.000260365	0.186938	0	-1.05e+06	0	-0.00959769	
892	0.000259988	0.187198	0	-1.05e+06	0	-0.00871933	
893	0.00025959	0.187458	0	-1.05e+06	0	-0.00791752	
894	0.000259173	0.187718	0	-1.05e+06	0	-0.00719292	
895	0.000258741	0.187977	0	-1.05e+06	0	-0.00654619	
896	0.000258294	0.188236	0	-1.05e+06	0	-0.00597796	
897	0.000257832	0.188494	0	-1.05e+06	0	-0.00548885	
898	0.000257355	0.188752	0	-1.05e+06	0	-0.00507947	
899	0.000256851	0.189009	0	-1.05e+06	0	-0.00475044	
900	0.000256329	0.189266	0	-1.05e+06	0	-0.00450231	
901	0.000255764	0.189522	0	-1.05e+06	0	-0.00433561	
902	0.000255132	0.189778	0	-1.05e+06	0	-0.0042508	
903	0.000254479	0.190033	0	-1.05e+06	0	-0.00424824	
904	0.000253814	0.190288	0	-1.05e+06	0	-0.00432825	
905	0.000253138	0.190541	0	-1.05e+06	0	-0.00449109	
906	0.000252453	0.190795	0	-1.05e+06	0	-0.00473697	
907	0.000251761	0.191047	0	-1.05e+06	0	-0.00506605	
908	0.000251063	0.191299	0	-1.05e+06	0	-0.00547843	
909	0.00025036	0.19155	0	-1.05e+06	0	-0.00597415	
910	0.000249653	0.1918	0	-1.05e+06	0	-0.00655319	
911	0.000248944	0.19205	0	-1.05e+06	0	-0.00721547	
912	0.000248232	0.192299	0	-1.05e+06	0	-0.00796082	
913	0.000247519	0.192547	0	-1.05e+06	0	-0.00878904	
914	0.000246805	0.192795	0	-1.05e+06	0	-0.00969982	
915	0.000246091	0.193041	0	-1.05e+06	0	-0.0106928	
916	0.000245377	0.193287	0	-1.05e+06	0	-0.0117676	
917	0.000244664	0.193533	0	-1.05e+06	0	-0.0129236	
918	0.00024395	0.193777	0	-1.05e+06	0	-0.0141602	
919	0.000243237	0.194021	0	-1.05e+06	0	-0.0154769	
920	0.000242525	0.194265	0	-1.05e+06	0	-0.0168729	
921	0.000241813	0.194507	0	-1.05e+06	0	-0.0183473	
922	0.000241102	0.194749	0	-1.05e+06	0	-0.0198994	
923	0.000240392	0.19499	0	-1.05e+06	0	-0.0215282	
924	0.000239682	0.19523	0	-1.05e+06	0	-0.0232326	
925	0.000238974	0.19547	0	-1.05e+06	0	-0.0250117	
926	0.000238266	0.195709	0	-1.05e+06	0	-0.0268644	
927	0.000237559	0.195947	0	-1.05e+06	0	-0.0287894	
928	0.000236853	0.196185	0	-1.05e+06	0	-0.0307857	
929	0.000236149	0.196422	0	-1.05e+06	0	-0.0328519	
930	0.000235447	0.196658	0	-1.05e+06	0	-0.0349868	
931	0.000234746	0.196893	0	-1.05e+06	0	-0.0371892	
932	0.000234047	0.197128	0	-1.05e+06	0	-0.0394577	
933	0.000233351	0.197362	0	-1.05e+06	0	-0.0417909	
934	0.000232659	0.197596	0	-1.05e+06	0	-0.0441877	
935	0.000231969	0.197828	0	-1.05e+06	0	-0.0466465	
936	0.000231284	0.19806	0	-1.05e+06	0	-0.0491662	
937	0.000230603	0.198291	0	-1.05e+06	0	-0.0517454	
938	0.000229928	0.198522	0	-1.05e+06	0	-0.0543827	
939	0.000229258	0.198752	0	-1.05e+06	0	-0.0570769	
940	0.000228595	0.198981	0	-1.05e+06	0	-0.0598268	
941	0.000227938	0.19921	0	-1.05e+06	0	-0.062631	
942	0.00022729	0.199438	0	-1.05e+06	0	-0.0654884	
943	0.00022665	0.199665	0	-1.05e+06	0	-0.0683978	
944	0.000226019	0.199892	0	-1.05e+06	0	-0.071358	
945	0.000225398	0.200118	0	-1.05e+06	0	-0.0743679	
946	0.000224787	0.200343	0	-1.05e+06	0	-0.0774265	
947	0.000224187	0.200568	0	-1.05e+06	0	-0.0805326	
948	0.000223599	0.200792	0	-1.05e+06	0	-0.0836853	
949	0.000223023	0.201016	0	-1.05e+06	0	-0.0868837	
950	0.00022246	0.201239	0	-1.05e+06	0	-0.0901267	
951	0.000221911	0.201461	0	-1.05e+06	0	-0.0934136	
952	0.000221375	0.201683	0	-1.05e+06	0	-0.0967434	
953	0.000220854	0.201905	0	-1.05e+06	0	-0.100115	
954	0.000220348	0.202125	0	-1.05e+06	0	-0.103529	
955	0.000219857	0.202346	0	-1.05e+06	0	-0.106982	
956	0.000219381	0.202566	0	-1.05e+06	0	-0.110476	
957	0.000218922	0.202785	0	-1.05e+06	0	-0.114009	
958	0.000218479	0.203004	0	-1.05e+06	0	-0.117581	
959	0.000218053	0.203222	0	-1.05e+06	0	-0.12119	
960	0.000217643	0.20344	0	-1.05e+06	0	-0.124837	
961	0.000217251	0.203658	0	-1.05e+06	0	-0.128521	
962	0.000216875	0.203875	0	-1.05e+06	0	-0.132241	
963	0.000216517	0.204092	0	-1.05e+06	0	-0.135997	
964	0.000216177	0.204309	0	-1.05e+06	0	-0.139788	
965	0.000215854	0.204525	0	-1.05e+06	0	-0.143614	
966	0.000215549	0.204741	0	-1.05e+06	0	-0.147475	
967	0.000215261	0.204956	0	-1.05e+06	0	-0.15137	
968	0.000214991	0.205172	0	-1.05e+06	0	-0.155298	
969	0.000214739	0.205387	0	-1.05e+06	0	-0.159259	
970	0.000214504	0.205601	0	-1.05e+06	0	-0.163254	
971	0.000214287	0.205816	0	-1.05e+06	0	-0.167281	
972	0.000214087	0.20603	0	-1.05e+06	0	-0.171341	
973	0.000213905	0.206244	0	-1.05e+06	0	-0.175433	
974	0.00021374	0.206458	0	-1.05e+06	0	-0.179556	
975	0.000213592	0.206672	0	-1.05e+06	0	-0.183712	
976	0.000213462	0.206885	0	-1.05e+06	0	-0.187898	
977	0.000213349	0.207099	0	-1.05e+06	0	-0.192116	
978	0.000213252	0.207312	0	-1.05e+06	0	-0.196365	
979	0.000213173	0.207525	0	-1.05e+06	0	-0.200645	
980	0.000213111	0.207739	0	-1.05e+06	0	-0.204956	
981	0.000213065	0.207952	0	-1.05e+06	0	-0.209297	
982	0.000213036	0.208165	0	-1.05e+06	0	-0.213669	
983	0.000213023	0.208378	0	-1.05e+06	0	-0.218071	
984	0.000213027	0.208591	0	-1.05e+06	0	-0.222504	
985	0.000213048	0.208804	0	-1.05e+06	0	-0.226967	
986	0.000213085	0.209017	0	-1.05e+06	0	-0.231461	
987	0.000213138	0.20923	0	-1.05e+06	0	-0.235985	
988	0.000213208	0.209443	0	-1.05e+06	0	-0.24054	
989	0.000213294	0.209656	0	-1.05e+06	0	-0.245125	
990	0.000213397	0.20987	0	-1.05e+06	0	-0.24974	
991	0.000213516	0.210083	0	-1.05e+06	0	-0.254387	
992	0.000213651	0.210297	0	-1.05e+06	0	-0.259064	
993	0.000213802	0.21051	0	-1.05e+06	0	-0.263771	
994	0.00021397	0.210724	0	-1.05e+06	0	-0.26851	
995	0.000214153	0.210938	0	-1.05e+06	0	-0.27328	
996	0.000214353	0.211152	0	-1.05e+06	0	-0.278081	
997	0.000214569	0.211366	0	-1.05e+06	0	-0.282914	
998	0.000214802	0.211581	0	-1.05e+06	0	-0.287778	
999	0.00021505	0.211796	0	-1.05e+06	0	-0.292674	
1000	0.000215314	0.212011	0	-1.05e+06	0	-0.297602	
