Step	dt	Time	fbody_x	fbody_y	fbody_z	dy_tip	
0	1e-16	0	0	0	0	2.471e-07	
1	1e-16	0	0	-1.05e+06	0	2.471e-07	
2	0.000279285	1e-16	0	-1.05e+06	0	-7.77529e-05	
3	0.000279091	0.000279285	0	-1.05e+06	0	-0.000233591	
4	0.000278716	0.000558376	0	-1.05e+06	0	-0.000466902	
5	0.000278178	0.000837093	0	-1.05e+06	0	-0.000777146	
6	0.000277498	0.00111527	0	-1.05e+06	0	-0.00116364	
7	0.000276701	0.00139277	0	-1.05e+06	0	-0.00162558	
8	0.000275813	0.00166947	0	-1.05e+06	0	-0.00216211	
9	0.000274858	0.00194528	0	-1.05e+06	0	-0.00277234	
10	0.00027386	0.00222014	0	-1.05e+06	0	-0.00345535	
11	0.000272839	0.002494	0	-1.05e+06	0	-0.00421025	
12	0.000271809	0.00276684	0	-1.05e+06	0	-0.00503618	
13	0.000270784	0.00303865	0	-1.05e+06	0	-0.00593232	
14	0.000269773	0.00330943	0	-1.05e+06	0	-0.0068979	
15	0.000268781	0.00357921	0	-1.05e+06	0	-0.00793216	
16	0.00026781	0.00384799	0	-1.05e+06	0	-0.00903441	
17	0.000266862	0.0041158	0	-1.05e+06	0	-0.010204	
18	0.000265935	0.00438266	0	-1.05e+06	0	-0.0114402	
19	0.000265028	0.00464859	0	-1.05e+06	0	-0.0127424	
20	0.000264137	0.00491362	0	-1.05e+06	0	-0.0141101	
21	0.000263261	0.00517776	0	-1.05e+06	0	-0.0155425	
22	0.000262396	0.00544102	0	-1.05e+06	0	-0.017039	
23	0.00026154	0.00570342	0	-1.05e+06	0	-0.0185991	
24	0.00026069	0.00596496	0	-1.05e+06	0	-0.0202221	
25	0.000259845	0.00622564	0	-1.05e+06	0	-0.0219073	
26	0.000259003	0.00648549	0	-1.05e+06	0	-0.0236541	
27	0.000258165	0.00674449	0	-1.05e+06	0	-0.025462	
28	0.00025733	0.00700266	0	-1.05e+06	0	-0.0273302	
29	0.000256497	0.00725999	0	-1.05e+06	0	-0.0292582	
30	0.000255667	0.00751648	0	-1.05e+06	0	-0.0312452	
31	0.000254841	0.00777215	0	-1.05e+06	0	-0.0332908	
32	0.00025402	0.00802699	0	-1.05e+06	0	-0.0353944	
33	0.000253203	0.00828101	0	-1.05e+06	0	-0.0375553	
34	0.000252391	0.00853422	0	-1.05e+06	0	-0.0397729	
35	0.000251586	0.00878661	0	-1.05e+06	0	-0.0420468	
36	0.000250787	0.00903819	0	-1.05e+06	0	-0.0443764	
37	0.000249995	0.00928898	0	-1.05e+06	0	-0.0467611	
38	0.000249209	0.00953897	0	-1.05e+06	0	-0.0492004	
39	0.000248431	0.00978818	0	-1.05e+06	0	-0.0516938	
40	0.00024766	0.0100366	0	-1.05e+06	0	-0.0542408	
41	0.000246896	0.0102843	0	-1.05e+06	0	-0.0568409	
42	0.000246139	0.0105312	0	-1.05e+06	0	-0.0594936	
43	0.000245389	0.0107773	0	-1.05e+06	0	-0.0621985	
44	0.000244646	0.0110227	0	-1.05e+06	0	-0.064955	
45	0.000243909	0.0112673	0	-1.05e+06	0	-0.0677627	
46	0.000243179	0.0115113	0	-1.05e+06	0	-0.0706211	
47	0.000242455	0.0117544	0	-1.05e+06	0	-0.0735298	
48	0.000241737	0.0119969	0	-1.05e+06	0	-0.0764883	
49	0.000241027	0.0122386	0	-1.05e+06	0	-0.0794963	
50	0.000240323	0.0124797	0	-1.05e+06	0	-0.0825532	
51	0.000239626	0.01272	0	-1.05e+06	0	-0.0856586	
52	0.000238938	0.0129596	0	-1.05e+06	0	-0.0888123	
53	0.000238257	0.0131985	0	-1.05e+06	0	-0.0920137	
54	0.000237585	0.0134368	0	-1.05e+06	0	-0.0952625	
55	0.000236924	0.0136744	0	-1.05e+06	0	-0.0985584	
56	0.000236273	0.0139113	0	-1.05e+06	0	-0.101901	
57	0.000235634	0.0141476	0	-1.05e+06	0	-0.10529	
58	0.000235008	0.0143832	0	-1.05e+06	0	-0.108726	
59	0.000234396	0.0146182	0	-1.05e+06	0	-0.112207	
60	0.000233801	0.0148526	0	-1.05e+06	0	-0.115734	
61	0.000233223	0.0150864	0	-1.05e+06	0	-0.119307	
62	0.000232664	0.0153196	0	-1.05e+06	0	-0.122926	
63	0.000232126	0.0155523	0	-1.05e+06	0	-0.12659	
64	0.00023161	0.0157844	0	-1.05e+06	0	-0.130299	
65	0.000231119	0.016016	0	-1.05e+06	0	-0.134054	
66	0.000230655	0.0162472	0	-1.05e+06	0	-0.137855	
67	0.000230219	0.0164778	0	-1.05e+06	0	-0.141701	
68	0.000229813	0.016708	0	-1.05e+06	0	-0.145594	
69	0.00022944	0.0169378	0	-1.05e+06	0	-0.149533	
70	0.0002291	0.0171673	0	-1.05e+06	0	-0.153518	
71	0.000228796	0.0173964	0	-1.05e+06	0	-0.157551	
72	0.00022853	0.0176252	0	-1.05e+06	0	-0.161631	
73	0.000228302	0.0178537	0	-1.05e+06	0	-0.165759	
74	0.000228113	0.018082	0	-1.05e+06	0	-0.169936	
75	0.000227966	0.0183101	0	-1.05e+06	0	-0.174162	
76	0.00022786	0.0185381	0	-1.05e+06	0	-0.178438	
77	0.000227795	0.018766	0	-1.05e+06	0	-0.182765	
78	0.000227772	0.0189937	0	-1.05e+06	0	-0.187143	
79	0.00022779	0.0192215	0	-1.05e+06	0	-0.191573	
80	0.000227849	0.0194493	0	-1.05e+06	0	-0.196056	
81	0.000227947	0.0196772	0	-1.05e+06	0	-0.200594	
82	0.000228082	0.0199051	0	-1.05e+06	0	-0.205186	
83	0.000228253	0.0201332	0	-1.05e+06	0	-0.209833	
84	0.000228456	0.0203614	0	-1.05e+06	0	-0.214537	
85	0.000228689	0.0205899	0	-1.05e+06	0	-0.219298	
86	0.000228947	0.0208186	0	-1.05e+06	0	-0.224117	
87	0.000229229	0.0210475	0	-1.05e+06	0	-0.228994	
88	0.000229528	0.0212768	0	-1.05e+06	0	-0.23393	
89	0.000229842	0.0215063	0	-1.05e+06	0	-0.238926	
90	0.000230165	0.0217361	0	-1.05e+06	0	-0.243982	
91	0.000230374	0.0219663	0	-1.05e+06	0	-0.249095	
92	0.000230519	0.0221967	0	-1.05e+06	0	-0.254265	
93	0.000230686	0.0224272	0	-1.05e+06	0	-0.259491	
94	0.000230875	0.0226579	0	-1.05e+06	0	-0.264775	
95	0.000231087	0.0228888	0	-1.05e+06	0	-0.270117	
96	0.000231323	0.0231198	0	-1.05e+06	0	-0.275518	
97	0.000231581	0.0233512	0	-1.05e+06	0	-0.280978	
98	0.000231861	0.0235827	0	-1.05e+06	0	-0.286498	
99	0.000232162	0.0238146	0	-1.05e+06	0	-0.292079	
100	0.000232479	0.0240468	0	-1.05e+06	0	-0.297721	
101	0.000232807	0.0242792	0	-1.05e+06	0	-0.303424	
102	0.000233116	0.0245121	0	-1.05e+06	0	-0.309189	
103	0.000233427	0.0247452	0	-1.05e+06	0	-0.315014	
104	0.000233634	0.0249786	0	-1.05e+06	0	-0.320899	
105	0.000233761	0.0252122	0	-1.05e+06	0	-0.326839	
106	0.000233906	0.025446	0	-1.05e+06	0	-0.332837	
107	0.00023407	0.0256799	0	-1.05e+06	0	-0.338891	
108	0.000234257	0.025914	0	-1.05e+06	0	-0.345003	
109	0.000234467	0.0261482	0	-1.05e+06	0	-0.351172	
110	0.0002347	0.0263827	0	-1.05e+06	0	-0.357398	
111	0.000234955	0.0266174	0	-1.05e+06	0	-0.363683	
112	0.000235231	0.0268523	0	-1.05e+06	0	-0.370025	
113	0.000235524	0.0270876	0	-1.05e+06	0	-0.376426	
114	0.000235806	0.0273231	0	-1.05e+06	0	-0.382883	
115	0.000236095	0.0275589	0	-1.05e+06	0	-0.389396	
116	0.000236397	0.027795	0	-1.05e+06	0	-0.395965	
117	0.000236647	0.0280314	0	-1.05e+06	0	-0.402588	
118	0.000236854	0.028268	0	-1.05e+06	0	-0.409261	
119	0.000237059	0.0285049	0	-1.05e+06	0	-0.415985	
120	0.00023724	0.028742	0	-1.05e+06	0	-0.422756	
121	0.000237413	0.0289792	0	-1.05e+06	0	-0.429573	
122	0.000237576	0.0292166	0	-1.05e+06	0	-0.436434	
123	0.000237743	0.0294542	0	-1.05e+06	0	-0.443338	
124	0.000237918	0.0296919	0	-1.05e+06	0	-0.450283	
125	0.0002381	0.0299298	0	-1.05e+06	0	-0.457268	
126	0.000238291	0.0301679	0	-1.05e+06	0	-0.464291	
127	0.000238491	0.0304062	0	-1.05e+06	0	-0.47135	
128	0.0002387	0.0306447	0	-1.05e+06	0	-0.478445	
129	0.000238917	0.0308834	0	-1.05e+06	0	-0.485572	
130	0.000239063	0.0311223	0	-1.05e+06	0	-0.492729	
131	0.000239187	0.0313614	0	-1.05e+06	0	-0.499913	
132	0.000239323	0.0316006	0	-1.05e+06	0	-0.507122	
133	0.000239472	0.0318399	0	-1.05e+06	0	-0.514354	
134	0.0002396	0.0320794	0	-1.05e+06	0	-0.521608	
135	0.000239684	0.032319	0	-1.05e+06	0	-0.52888	
136	0.000239779	0.0325587	0	-1.05e+06	0	-0.53617	
137	0.00023989	0.0327985	0	-1.05e+06	0	-0.543476	
138	0.000240019	0.0330383	0	-1.05e+06	0	-0.550797	
139	0.000240167	0.0332784	0	-1.05e+06	0	-0.558132	
140	0.000240334	0.0335185	0	-1.05e+06	0	-0.565482	
141	0.00024052	0.0337589	0	-1.05e+06	0	-0.572846	
142	0.000240724	0.0339994	0	-1.05e+06	0	-0.580223	
143	0.000240882	0.0342401	0	-1.05e+06	0	-0.587611	
144	0.000241027	0.034481	0	-1.05e+06	0	-0.59501	
145	0.000241182	0.034722	0	-1.05e+06	0	-0.602419	
146	0.000241261	0.0349632	0	-1.05e+06	0	-0.609836	
147	0.000241299	0.0352045	0	-1.05e+06	0	-0.617259	
148	0.000241259	0.0354458	0	-1.05e+06	0	-0.624686	
149	0.000241214	0.035687	0	-1.05e+06	0	-0.632116	
150	0.000241164	0.0359282	0	-1.05e+06	0	-0.639549	
151	0.000241089	0.0361694	0	-1.05e+06	0	-0.646985	
152	0.000240946	0.0364105	0	-1.05e+06	0	-0.654423	
153	0.000240795	0.0366514	0	-1.05e+06	0	-0.661861	
154	0.000240639	0.0368922	0	-1.05e+06	0	-0.669301	
155	0.000240478	0.0371329	0	-1.05e+06	0	-0.676742	
156	0.000240316	0.0373733	0	-1.05e+06	0	-0.684185	
157	0.000240154	0.0376137	0	-1.05e+06	0	-0.691631	
158	0.000239995	0.0378538	0	-1.05e+06	0	-0.699079	
159	0.00023984	0.0380938	0	-1.05e+06	0	-0.706531	
160	0.000239692	0.0383337	0	-1.05e+06	0	-0.713988	
161	0.000239552	0.0385733	0	-1.05e+06	0	-0.721449	
162	0.000239421	0.0388129	0	-1.05e+06	0	-0.728915	
163	0.0002393	0.0390523	0	-1.05e+06	0	-0.736388	
164	0.000239188	0.0392916	0	-1.05e+06	0	-0.743867	
165	0.000239086	0.0395308	0	-1.05e+06	0	-0.751354	
166	0.000238993	0.0397699	0	-1.05e+06	0	-0.758849	
167	0.000238908	0.0400089	0	-1.05e+06	0	-0.766352	
168	0.000238807	0.0402478	0	-1.05e+06	0	-0.773862	
169	0.000238676	0.0404866	0	-1.05e+06	0	-0.78138	
170	0.000238546	0.0407253	0	-1.05e+06	0	-0.788904	
171	0.000238416	0.0409638	0	-1.05e+06	0	-0.796436	
172	0.000238286	0.0412022	0	-1.05e+06	0	-0.803974	
173	0.000238096	0.0414405	0	-1.05e+06	0	-0.811516	
174	0.000237801	0.0416786	0	-1.05e+06	0	-0.819059	
175	0.000237524	0.0419164	0	-1.05e+06	0	-0.826603	
176	0.000237267	0.0421539	0	-1.05e+06	0	-0.834149	
177	0.000237033	0.0423912	0	-1.05e+06	0	-0.841696	
178	0.000236822	0.0426282	0	-1.05e+06	0	-0.849245	
179	0.000236632	0.0428651	0	-1.05e+06	0	-0.856796	
180	0.000236463	0.0431017	0	-1.05e+06	0	-0.864349	
181	0.000236311	0.0433382	0	-1.05e+06	0	-0.871904	
182	0.000236173	0.0435745	0	-1.05e+06	0	-0.879461	
183	0.000236045	0.0438106	0	-1.05e+06	0	-0.887019	
184	0.000235923	0.0440467	0	-1.05e+06	0	-0.894579	
185	0.000235803	0.0442826	0	-1.05e+06	0	-0.90214	
186	0.000235681	0.0445184	0	-1.05e+06	0	-0.909701	
187	0.000235457	0.0447541	0	-1.05e+06	0	-0.917258	
188	0.00023522	0.0449896	0	-1.05e+06	0	-0.92481	
189	0.000234988	0.0452248	0	-1.05e+06	0	-0.932357	
190	0.000234762	0.0454598	0	-1.05e+06	0	-0.939899	
191	0.000234544	0.0456945	0	-1.05e+06	0	-0.947436	
192	0.000234334	0.0459291	0	-1.05e+06	0	-0.954966	
193	0.000234127	0.0461634	0	-1.05e+06	0	-0.96249	
194	0.000233934	0.0463975	0	-1.05e+06	0	-0.970008	
195	0.000233749	0.0466315	0	-1.05e+06	0	-0.977519	
196	0.000233568	0.0468652	0	-1.05e+06	0	-0.985024	
197	0.000233391	0.0470988	0	-1.05e+06	0	-0.992522	
198	0.000233217	0.0473322	0	-1.05e+06	0	-1.00001	
199	0.000233046	0.0475654	0	-1.05e+06	0	-1.0075	
200	0.000232874	0.0477984	0	-1.05e+06	0	-1.01497	
201	0.00023248	0.0480313	0	-1.05e+06	0	-1.02243	
202	0.000232067	0.0482638	0	-1.05e+06	0	-1.02987	
203	0.00023156	0.0484959	0	-1.05e+06	0	-1.0373	
204	0.00023103	0.0487274	0	-1.05e+06	0	-1.0447	
205	0.000230509	0.0489584	0	-1.05e+06	0	-1.05208	
206	0.000229911	0.049189	0	-1.05e+06	0	-1.05944	
207	0.000229301	0.0494189	0	-1.05e+06	0	-1.06677	
208	0.000228708	0.0496482	0	-1.05e+06	0	-1.07408	
209	0.000228135	0.0498769	0	-1.05e+06	0	-1.08137	
210	0.000227585	0.050105	0	-1.05e+06	0	-1.08863	
211	0.000227061	0.0503326	0	-1.05e+06	0	-1.09587	
212	0.000226563	0.0505597	0	-1.05e+06	0	-1.10308	
213	0.000226094	0.0507862	0	-1.05e+06	0	-1.11027	
214	0.000225653	0.0510123	0	-1.05e+06	0	-1.11744	
215	0.000225242	0.051238	0	-1.05e+06	0	-1.12459	
216	0.00022486	0.0514632	0	-1.05e+06	0	-1.13172	
217	0.000224506	0.0516881	0	-1.05e+06	0	-1.13882	
218	0.000224178	0.0519126	0	-1.05e+06	0	-1.14591	
219	0.000223875	0.0521368	0	-1.05e+06	0	-1.15297	
220	0.000223593	0.0523606	0	-1.05e+06	0	-1.16002	
221	0.000223331	0.0525842	0	-1.05e+06	0	-1.16704	
222	0.000223085	0.0528076	0	-1.05e+06	0	-1.17405	
223	0.000222851	0.0530306	0	-1.05e+06	0	-1.18103	
224	0.000222626	0.0532535	0	-1.05e+06	0	-1.188	
225	0.00022234	0.0534761	0	-1.05e+06	0	-1.19494	
226	0.000222012	0.0536985	0	-1.05e+06	0	-1.20185	
227	0.000221687	0.0539205	0	-1.05e+06	0	-1.20874	
228	0.000221349	0.0541421	0	-1.05e+06	0	-1.21561	
229	0.000221027	0.0543635	0	-1.05e+06	0	-1.22245	
230	0.000220723	0.0545845	0	-1.05e+06	0	-1.22926	
231	0.000220438	0.0548052	0	-1.05e+06	0	-1.23605	
232	0.000220172	0.0550257	0	-1.05e+06	0	-1.24281	
233	0.000219917	0.0552459	0	-1.05e+06	0	-1.24955	
234	0.000219657	0.0554658	0	-1.05e+06	0	-1.25626	
235	0.000219408	0.0556854	0	-1.05e+06	0	-1.26295	
236	0.000219173	0.0559048	0	-1.05e+06	0	-1.26961	
237	0.00021895	0.056124	0	-1.05e+06	0	-1.27624	
238	0.00021874	0.056343	0	-1.05e+06	0	-1.28285	
239	0.000218544	0.0565617	0	-1.05e+06	0	-1.28944	
240	0.0002183	0.0567802	0	-1.05e+06	0	-1.296	
241	0.000217989	0.0569985	0	-1.05e+06	0	-1.30253	
242	0.00021769	0.0572165	0	-1.05e+06	0	-1.30904	
243	0.000217406	0.0574342	0	-1.05e+06	0	-1.31551	
244	0.00021714	0.0576516	0	-1.05e+06	0	-1.32196	
245	0.000216897	0.0578688	0	-1.05e+06	0	-1.32838	
246	0.000216678	0.0580857	0	-1.05e+06	0	-1.33478	
247	0.000216488	0.0583023	0	-1.05e+06	0	-1.34115	
248	0.000216326	0.0585188	0	-1.05e+06	0	-1.34749	
249	0.000216195	0.0587352	0	-1.05e+06	0	-1.35381	
250	0.000216094	0.0589514	0	-1.05e+06	0	-1.36011	
251	0.000216024	0.0591674	0	-1.05e+06	0	-1.36639	
252	0.000215983	0.0593835	0	-1.05e+06	0	-1.37265	
253	0.000215969	0.0595995	0	-1.05e+06	0	-1.37888	
254	0.00021598	0.0598154	0	-1.05e+06	0	-1.3851	
255	0.000216012	0.0600314	0	-1.05e+06	0	-1.39129	
256	0.000216063	0.0602474	0	-1.05e+06	0	-1.39747	
257	0.000216127	0.0604635	0	-1.05e+06	0	-1.40363	
258	0.0002162	0.0606796	0	-1.05e+06	0	-1.40977	
259	0.000216278	0.0608958	0	-1.05e+06	0	-1.41589	
260	0.000216286	0.0611121	0	-1.05e+06	0	-1.422	
261	0.000216249	0.0613284	0	-1.05e+06	0	-1.42808	
262	0.000216223	0.0615446	0	-1.05e+06	0	-1.43413	
263	0.000216164	0.0617608	0	-1.05e+06	0	-1.44017	
264	0.000216098	0.061977	0	-1.05e+06	0	-1.44618	
265	0.000216045	0.0621931	0	-1.05e+06	0	-1.45217	
266	0.000216004	0.0624091	0	-1.05e+06	0	-1.45813	
267	0.000215977	0.0626252	0	-1.05e+06	0	-1.46407	
268	0.000215961	0.0628411	0	-1.05e+06	0	-1.46999	
269	0.000215955	0.0630571	0	-1.05e+06	0	-1.47588	
270	0.000215959	0.063273	0	-1.05e+06	0	-1.48175	
271	0.00021597	0.063489	0	-1.05e+06	0	-1.4876	
272	0.000215986	0.063705	0	-1.05e+06	0	-1.49342	
273	0.000215991	0.063921	0	-1.05e+06	0	-1.49922	
274	0.000215909	0.064137	0	-1.05e+06	0	-1.50499	
275	0.000215824	0.0643529	0	-1.05e+06	0	-1.51074	
276	0.00021575	0.0645687	0	-1.05e+06	0	-1.51645	
277	0.00021569	0.0647844	0	-1.05e+06	0	-1.52214	
278	0.000215645	0.0650001	0	-1.05e+06	0	-1.5278	
279	0.000215619	0.0652158	0	-1.05e+06	0	-1.53343	
280	0.000215613	0.0654314	0	-1.05e+06	0	-1.53903	
281	0.000215627	0.065647	0	-1.05e+06	0	-1.54461	
282	0.000215661	0.0658626	0	-1.05e+06	0	-1.55015	
283	0.000215714	0.0660783	0	-1.05e+06	0	-1.55567	
284	0.000215785	0.066294	0	-1.05e+06	0	-1.56116	
285	0.000215873	0.0665098	0	-1.05e+06	0	-1.56663	
286	0.000215974	0.0667257	0	-1.05e+06	0	-1.57206	
287	0.000216011	0.0669416	0	-1.05e+06	0	-1.57747	
288	0.000216026	0.0671576	0	-1.05e+06	0	-1.58284	
289	0.000216054	0.0673737	0	-1.05e+06	0	-1.58818	
290	0.0002161	0.0675897	0	-1.05e+06	0	-1.59349	
291	0.000216164	0.0678058	0	-1.05e+06	0	-1.59876	
292	0.000216249	0.068022	0	-1.05e+06	0	-1.60401	
293	0.000216355	0.0682382	0	-1.05e+06	0	-1.60922	
294	0.000216482	0.0684546	0	-1.05e+06	0	-1.6144	
295	0.00021663	0.0686711	0	-1.05e+06	0	-1.61955	
296	0.000216799	0.0688877	0	-1.05e+06	0	-1.62467	
297	0.000216985	0.0691045	0	-1.05e+06	0	-1.62976	
298	0.000217188	0.0693215	0	-1.05e+06	0	-1.63481	
299	0.000217405	0.0695387	0	-1.05e+06	0	-1.63983	
300	0.000217633	0.0697561	0	-1.05e+06	0	-1.64482	
301	0.00021784	0.0699737	0	-1.05e+06	0	-1.64978	
302	0.000218052	0.0701916	0	-1.05e+06	0	-1.6547	
303	0.000218238	0.0704096	0	-1.05e+06	0	-1.65959	
304	0.000218438	0.0706278	0	-1.05e+06	0	-1.66445	
305	0.000218659	0.0708463	0	-1.05e+06	0	-1.66927	
306	0.000218901	0.0710649	0	-1.05e+06	0	-1.67405	
307	0.000219164	0.0712838	0	-1.05e+06	0	-1.67881	
308	0.000219448	0.071503	0	-1.05e+06	0	-1.68353	
309	0.000219661	0.0717225	0	-1.05e+06	0	-1.68821	
310	0.000219694	0.0719421	0	-1.05e+06	0	-1.69285	
311	0.000219719	0.0721618	0	-1.05e+06	0	-1.69746	
312	0.000219738	0.0723815	0	-1.05e+06	0	-1.70202	
313	0.000219751	0.0726013	0	-1.05e+06	0	-1.70654	
314	0.00021976	0.072821	0	-1.05e+06	0	-1.71103	
315	0.000219765	0.0730408	0	-1.05e+06	0	-1.71547	
316	0.000219768	0.0732605	0	-1.05e+06	0	-1.71987	
317	0.000219773	0.0734803	0	-1.05e+06	0	-1.72423	
318	0.000219779	0.0737001	0	-1.05e+06	0	-1.72855	
319	0.00021979	0.0739199	0	-1.05e+06	0	-1.73283	
320	0.000219808	0.0741397	0	-1.05e+06	0	-1.73707	
321	0.000219835	0.0743595	0	-1.05e+06	0	-1.74127	
322	0.000219872	0.0745793	0	-1.05e+06	0	-1.74543	
323	0.000219922	0.0747992	0	-1.05e+06	0	-1.74954	
324	0.000219984	0.0750191	0	-1.05e+06	0	-1.75362	
325	0.000220061	0.0752391	0	-1.05e+06	0	-1.75766	
326	0.000220139	0.0754591	0	-1.05e+06	0	-1.76166	
327	0.000220207	0.0756793	0	-1.05e+06	0	-1.76562	
328	0.000220286	0.0758995	0	-1.05e+06	0	-1.76955	
329	0.000220377	0.0761198	0	-1.05e+06	0	-1.77343	
330	0.000220479	0.0763401	0	-1.05e+06	0	-1.77727	
331	0.000220592	0.0765606	0	-1.05e+06	0	-1.78108	
332	0.000220714	0.0767812	0	-1.05e+06	0	-1.78485	
333	0.000220843	0.0770019	0	-1.05e+06	0	-1.78858	
334	0.000220979	0.0772228	0	-1.05e+06	0	-1.79227	
335	0.000221106	0.0774438	0	-1.05e+06	0	-1.79592	
336	0.000221207	0.0776649	0	-1.05e+06	0	-1.79953	
337	0.000221303	0.0778861	0	-1.05e+06	0	-1.80311	
338	0.000221346	0.0781074	0	-1.05e+06	0	-1.80664	
339	0.000221343	0.0783287	0	-1.05e+06	0	-1.81013	
340	0.000221186	0.0785501	0	-1.05e+06	0	-1.81359	
341	0.000221041	0.0787712	0	-1.05e+06	0	-1.81699	
342	0.000220882	0.0789923	0	-1.05e+06	0	-1.82036	
343	0.000220738	0.0792132	0	-1.05e+06	0	-1.82368	
344	0.000220608	0.0794339	0	-1.05e+06	0	-1.82697	
345	0.00022049	0.0796545	0	-1.05e+06	0	-1.83021	
346	0.000220381	0.079875	0	-1.05e+06	0	-1.83341	
347	0.000220279	0.0800954	0	-1.05e+06	0	-1.83656	
348	0.000220182	0.0803157	0	-1.05e+06	0	-1.83968	
349	0.000220087	0.0805358	0	-1.05e+06	0	-1.84276	
350	0.000219959	0.0807559	0	-1.05e+06	0	-1.84579	
351	0.000219789	0.0809759	0	-1.05e+06	0	-1.84878	
352	0.000219627	0.0811957	0	-1.05e+06	0	-1.85173	
353	0.000219472	0.0814153	0	-1.05e+06	0	-1.85464	
354	0.000219324	0.0816348	0	-1.05e+06	0	-1.85751	
355	0.000219182	0.0818541	0	-1.05e+06	0	-1.86034	
356	0.000219046	0.0820733	0	-1.05e+06	0	-1.86312	
357	0.000218915	0.0822923	0	-1.05e+06	0	-1.86587	
358	0.000218789	0.0825112	0	-1.05e+06	0	-1.86858	
359	0.000218668	0.08273	0	-1.05e+06	0	-1.87124	
360	0.000218553	0.0829487	0	-1.05e+06	0	-1.87386	
361	0.000218442	0.0831673	0	-1.05e+06	0	-1.87645	
362	0.000218337	0.0833857	0	-1.05e+06	0	-1.87899	
363	0.000218239	0.083604	0	-1.05e+06	0	-1.8815	
364	0.000218149	0.0838223	0	-1.05e+06	0	-1.88396	
365	0.000218024	0.0840404	0	-1.05e+06	0	-1.88639	
366	0.000217899	0.0842585	0	-1.05e+06	0	-1.88877	
367	0.000217787	0.0844763	0	-1.05e+06	0	-1.89112	
368	0.000217689	0.0846941	0	-1.05e+06	0	-1.89343	
369	0.000217606	0.0849118	0	-1.05e+06	0	-1.89569	
370	0.000217542	0.0851294	0	-1.05e+06	0	-1.89792	
371	0.000217498	0.085347	0	-1.05e+06	0	-1.90011	
372	0.000217474	0.0855645	0	-1.05e+06	0	-1.90226	
373	0.000217472	0.0857819	0	-1.05e+06	0	-1.90438	
374	0.000217492	0.0859994	0	-1.05e+06	0	-1.90645	
375	0.000217535	0.0862169	0	-1.05e+06	0	-1.90849	
376	0.000217599	0.0864344	0	-1.05e+06	0	-1.91049	
377	0.000217685	0.086652	0	-1.05e+06	0	-1.91246	
378	0.000217789	0.0868697	0	-1.05e+06	0	-1.91438	
379	0.000217867	0.0870875	0	-1.05e+06	0	-1.91627	
380	0.00021785	0.0873054	0	-1.05e+06	0	-1.91812	
381	0.000217847	0.0875232	0	-1.05e+06	0	-1.91994	
382	0.000217858	0.0877411	0	-1.05e+06	0	-1.92171	
383	0.000217883	0.0879589	0	-1.05e+06	0	-1.92345	
384	0.000217923	0.0881768	0	-1.05e+06	0	-1.92516	
385	0.000217941	0.0883947	0	-1.05e+06	0	-1.92682	
386	0.000217972	0.0886127	0	-1.05e+06	0	-1.92845	
387	0.000218016	0.0888307	0	-1.05e+06	0	-1.93004	
388	0.000218075	0.0890487	0	-1.05e+06	0	-1.93159	
389	0.000218125	0.0892668	0	-1.05e+06	0	-1.93311	
390	0.000218167	0.0894849	0	-1.05e+06	0	-1.93458	
391	0.00021822	0.089703	0	-1.05e+06	0	-1.93603	
392	0.000218289	0.0899213	0	-1.05e+06	0	-1.93743	
393	0.000218374	0.0901396	0	-1.05e+06	0	-1.9388	
394	0.000218474	0.0903579	0	-1.05e+06	0	-1.94013	
395	0.000218576	0.0905764	0	-1.05e+06	0	-1.94143	
396	0.000218672	0.090795	0	-1.05e+06	0	-1.94269	
397	0.000218781	0.0910136	0	-1.05e+06	0	-1.94391	
398	0.0002189	0.0912324	0	-1.05e+06	0	-1.9451	
399	0.00021903	0.0914513	0	-1.05e+06	0	-1.94625	
400	0.000219167	0.0916704	0	-1.05e+06	0	-1.94736	
401	0.000219311	0.0918895	0	-1.05e+06	0	-1.94844	
402	0.000219459	0.0921088	0	-1.05e+06	0	-1.94948	
403	0.00021961	0.0923283	0	-1.05e+06	0	-1.95049	
404	0.000219763	0.0925479	0	-1.05e+06	0	-1.95146	
405	0.000219914	0.0927677	0	-1.05e+06	0	-1.95239	
406	0.000220063	0.0929876	0	-1.05e+06	0	-1.95328	
407	0.000220209	0.0932076	0	-1.05e+06	0	-1.95414	
408	0.000220351	0.0934279	0	-1.05e+06	0	-1.95496	
409	0.00022044	0.0936482	0	-1.05e+06	0	-1.95574	
410	0.000220499	0.0938686	0	-1.05e+06	0	-1.95649	
411	0.000220555	0.0940891	0	-1.05e+06	0	-1.95719	
412	0.000220607	0.0943097	0	-1.05e+06	0	-1.95786	
413	0.000220657	0.0945303	0	-1.05e+06	0	-1.9585	
414	0.000220703	0.094751	0	-1.05e+06	0	-1.95909	
415	0.000220747	0.0949717	0	-1.05e+06	0	-1.95964	
416	0.000220794	0.0951924	0	-1.05e+06	0	-1.96016	
417	0.000220838	0.0954132	0	-1.05e+06	0	-1.96064	
418	0.00022088	0.095634	0	-1.05e+06	0	-1.96107	
419	0.000220922	0.0958549	0	-1.05e+06	0	-1.96147	
420	0.000220965	0.0960758	0	-1.05e+06	0	-1.96183	
421	0.000221008	0.0962968	0	-1.05e+06	0	-1.96215	
422	0.000221053	0.0965178	0	-1.05e+06	0	-1.96243	
423	0.0002211	0.0967389	0	-1.05e+06	0	-1.96267	
424	0.000221149	0.09696	0	-1.05e+06	0	-1.96287	
425	0.000221199	0.0971811	0	-1.05e+06	0	-1.96303	
426	0.000221252	0.0974023	0	-1.05e+06	0	-1.96315	
427	0.000221246	0.0976236	0	-1.05e+06	0	-1.96323	
428	0.000221187	0.0978448	0	-1.05e+06	0	-1.96326	
429	0.000221134	0.098066	0	-1.05e+06	0	-1.96325	
430	0.00022109	0.0982871	0	-1.05e+06	0	-1.9632	
431	0.000221058	0.0985082	0	-1.05e+06	0	-1.96311	
432	0.000221041	0.0987293	0	-1.05e+06	0	-1.96298	
433	0.000221041	0.0989503	0	-1.05e+06	0	-1.9628	
434	0.000221058	0.0991714	0	-1.05e+06	0	-1.96258	
435	0.000221094	0.0993924	0	-1.05e+06	0	-1.96232	
436	0.000221148	0.0996135	0	-1.05e+06	0	-1.96202	
437	0.000221218	0.0998347	0	-1.05e+06	0	-1.96166	
438	0.000221302	0.100056	0	-1.05e+06	0	-1.96127	
439	0.000221363	0.100277	0	-1.05e+06	0	-1.96083	
440	0.00022142	0.100499	0	-1.05e+06	0	-1.96034	
441	0.000221435	0.10072	0	-1.05e+06	0	-1.95981	
442	0.000221429	0.100941	0	-1.05e+06	0	-1.95924	
443	0.000221337	0.101163	0	-1.05e+06	0	-1.95861	
444	0.000221139	0.101384	0	-1.05e+06	0	-1.95795	
445	0.000220942	0.101605	0	-1.05e+06	0	-1.95723	
446	0.000220748	0.101826	0	-1.05e+06	0	-1.95647	
447	0.000220561	0.102047	0	-1.05e+06	0	-1.95567	
448	0.000220381	0.102268	0	-1.05e+06	0	-1.95482	
449	0.000220212	0.102488	0	-1.05e+06	0	-1.95392	
450	0.000220056	0.102708	0	-1.05e+06	0	-1.95298	
451	0.000219911	0.102928	0	-1.05e+06	0	-1.95199	
452	0.000219777	0.103148	0	-1.05e+06	0	-1.95096	
453	0.000219654	0.103368	0	-1.05e+06	0	-1.94988	
454	0.000219542	0.103588	0	-1.05e+06	0	-1.94875	
455	0.000219439	0.103807	0	-1.05e+06	0	-1.94758	
456	0.000219343	0.104027	0	-1.05e+06	0	-1.94635	
457	0.000219252	0.104246	0	-1.05e+06	0	-1.94509	
458	0.000219163	0.104465	0	-1.05e+06	0	-1.94377	
459	0.000219075	0.104684	0	-1.05e+06	0	-1.94241	
460	0.000218925	0.104903	0	-1.05e+06	0	-1.941	
461	0.000218738	0.105122	0	-1.05e+06	0	-1.93955	
462	0.000218462	0.105341	0	-1.05e+06	0	-1.93805	
463	0.000218189	0.105559	0	-1.05e+06	0	-1.93651	
464	0.000217927	0.105778	0	-1.05e+06	0	-1.93492	
465	0.000217679	0.105996	0	-1.05e+06	0	-1.93329	
466	0.000217446	0.106213	0	-1.05e+06	0	-1.93161	
467	0.000217228	0.106431	0	-1.05e+06	0	-1.92989	
468	0.000217027	0.106648	0	-1.05e+06	0	-1.92812	
469	0.000216841	0.106865	0	-1.05e+06	0	-1.92631	
470	0.000216671	0.107082	0	-1.05e+06	0	-1.92446	
471	0.000216516	0.107299	0	-1.05e+06	0	-1.92256	
472	0.000216375	0.107515	0	-1.05e+06	0	-1.92061	
473	0.000216245	0.107731	0	-1.05e+06	0	-1.91862	
474	0.000216126	0.107948	0	-1.05e+06	0	-1.91659	
475	0.000216015	0.108164	0	-1.05e+06	0	-1.91451	
476	0.000215911	0.10838	0	-1.05e+06	0	-1.91239	
477	0.000215812	0.108596	0	-1.05e+06	0	-1.91023	
478	0.000215685	0.108812	0	-1.05e+06	0	-1.90802	
479	0.000215508	0.109027	0	-1.05e+06	0	-1.90577	
480	0.000215292	0.109243	0	-1.05e+06	0	-1.90348	
481	0.000215088	0.109458	0	-1.05e+06	0	-1.90115	
482	0.000214898	0.109673	0	-1.05e+06	0	-1.89877	
483	0.000214722	0.109888	0	-1.05e+06	0	-1.89635	
484	0.000214563	0.110103	0	-1.05e+06	0	-1.89389	
485	0.00021442	0.110317	0	-1.05e+06	0	-1.89139	
486	0.000214295	0.110532	0	-1.05e+06	0	-1.88885	
487	0.000214187	0.110746	0	-1.05e+06	0	-1.88626	
488	0.000214096	0.11096	0	-1.05e+06	0	-1.88363	
489	0.000214022	0.111174	0	-1.05e+06	0	-1.88096	
490	0.000213936	0.111388	0	-1.05e+06	0	-1.87825	
491	0.000213844	0.111602	0	-1.05e+06	0	-1.8755	
492	0.000213732	0.111816	0	-1.05e+06	0	-1.8727	
493	0.000213626	0.11203	0	-1.05e+06	0	-1.86986	
494	0.000213503	0.112243	0	-1.05e+06	0	-1.86699	
495	0.00021334	0.112457	0	-1.05e+06	0	-1.86407	
496	0.000213178	0.11267	0	-1.05e+06	0	-1.86111	
497	0.000213026	0.112883	0	-1.05e+06	0	-1.85811	
498	0.000212886	0.113096	0	-1.05e+06	0	-1.85508	
499	0.000212752	0.113309	0	-1.05e+06	0	-1.852	
500	0.000212637	0.113522	0	-1.05e+06	0	-1.84888	
501	0.000212543	0.113735	0	-1.05e+06	0	-1.84572	
502	0.000212474	0.113947	0	-1.05e+06	0	-1.84252	
503	0.000212428	0.11416	0	-1.05e+06	0	-1.83928	
504	0.000212409	0.114372	0	-1.05e+06	0	-1.836	
505	0.000212408	0.114585	0	-1.05e+06	0	-1.83267	
506	0.000212426	0.114797	0	-1.05e+06	0	-1.82931	
507	0.000212465	0.115009	0	-1.05e+06	0	-1.8259	
508	0.000212525	0.115222	0	-1.05e+06	0	-1.82245	
509	0.000212605	0.115434	0	-1.05e+06	0	-1.81896	
510	0.000212701	0.115647	0	-1.05e+06	0	-1.81543	
511	0.000212814	0.11586	0	-1.05e+06	0	-1.81185	
512	0.000212922	0.116073	0	-1.05e+06	0	-1.80823	
513	0.000212956	0.116285	0	-1.05e+06	0	-1.80456	
514	0.000212999	0.116498	0	-1.05e+06	0	-1.80086	
515	0.000213053	0.116711	0	-1.05e+06	0	-1.79711	
516	0.000213117	0.116924	0	-1.05e+06	0	-1.79332	
517	0.000213194	0.117138	0	-1.05e+06	0	-1.78949	
518	0.000213281	0.117351	0	-1.05e+06	0	-1.78562	
519	0.000213381	0.117564	0	-1.05e+06	0	-1.7817	
520	0.000213492	0.117777	0	-1.05e+06	0	-1.77774	
521	0.000213615	0.117991	0	-1.05e+06	0	-1.77374	
522	0.000213728	0.118205	0	-1.05e+06	0	-1.7697	
523	0.000213847	0.118418	0	-1.05e+06	0	-1.76561	
524	0.000213979	0.118632	0	-1.05e+06	0	-1.76148	
525	0.000214123	0.118846	0	-1.05e+06	0	-1.75731	
526	0.000214276	0.11906	0	-1.05e+06	0	-1.75309	
527	0.000214437	0.119274	0	-1.05e+06	0	-1.74883	
528	0.000214603	0.119489	0	-1.05e+06	0	-1.74453	
529	0.000214774	0.119704	0	-1.05e+06	0	-1.74018	
530	0.000214948	0.119918	0	-1.05e+06	0	-1.73579	
531	0.000215123	0.120133	0	-1.05e+06	0	-1.73136	
532	0.000215299	0.120348	0	-1.05e+06	0	-1.72689	
533	0.000215474	0.120564	0	-1.05e+06	0	-1.72237	
534	0.000215649	0.120779	0	-1.05e+06	0	-1.71781	
535	0.000215824	0.120995	0	-1.05e+06	0	-1.7132	
536	0.000215998	0.121211	0	-1.05e+06	0	-1.70856	
537	0.000216174	0.121427	0	-1.05e+06	0	-1.70387	
538	0.000216351	0.121643	0	-1.05e+06	0	-1.69914	
539	0.000216533	0.121859	0	-1.05e+06	0	-1.69437	
540	0.00021672	0.122076	0	-1.05e+06	0	-1.68955	
541	0.000216884	0.122292	0	-1.05e+06	0	-1.6847	
542	0.000217048	0.122509	0	-1.05e+06	0	-1.6798	
543	0.000217217	0.122726	0	-1.05e+06	0	-1.67486	
544	0.000217393	0.122944	0	-1.05e+06	0	-1.66988	
545	0.000217578	0.123161	0	-1.05e+06	0	-1.66486	
546	0.000217774	0.123379	0	-1.05e+06	0	-1.65981	
547	0.000217981	0.123596	0	-1.05e+06	0	-1.6547	
548	0.000218202	0.123814	0	-1.05e+06	0	-1.64956	
549	0.000218436	0.124032	0	-1.05e+06	0	-1.64438	
550	0.000218685	0.124251	0	-1.05e+06	0	-1.63916	
551	0.000218889	0.12447	0	-1.05e+06	0	-1.63389	
552	0.000219058	0.124688	0	-1.05e+06	0	-1.62859	
553	0.000219233	0.124908	0	-1.05e+06	0	-1.62325	
554	0.000219418	0.125127	0	-1.05e+06	0	-1.61788	
555	0.000219614	0.125346	0	-1.05e+06	0	-1.61246	
556	0.000219822	0.125566	0	-1.05e+06	0	-1.60701	
557	0.000220021	0.125786	0	-1.05e+06	0	-1.60152	
558	0.000220243	0.126006	0	-1.05e+06	0	-1.59599	
559	0.000220488	0.126226	0	-1.05e+06	0	-1.59042	
560	0.000220759	0.126446	0	-1.05e+06	0	-1.58482	
561	0.000221058	0.126667	0	-1.05e+06	0	-1.57917	
562	0.000221385	0.126888	0	-1.05e+06	0	-1.57349	
563	0.000221739	0.12711	0	-1.05e+06	0	-1.56777	
564	0.000222119	0.127331	0	-1.05e+06	0	-1.56201	
565	0.000222525	0.127553	0	-1.05e+06	0	-1.5562	
566	0.000222952	0.127776	0	-1.05e+06	0	-1.55036	
567	0.000223398	0.127999	0	-1.05e+06	0	-1.54448	
568	0.000223857	0.128222	0	-1.05e+06	0	-1.53855	
569	0.000224298	0.128446	0	-1.05e+06	0	-1.53259	
570	0.000224625	0.12867	0	-1.05e+06	0	-1.52659	
571	0.000224919	0.128895	0	-1.05e+06	0	-1.52055	
572	0.000225146	0.12912	0	-1.05e+06	0	-1.51448	
573	0.000225383	0.129345	0	-1.05e+06	0	-1.50838	
574	0.000225631	0.129571	0	-1.05e+06	0	-1.50224	
575	0.000225889	0.129796	0	-1.05e+06	0	-1.49608	
576	0.00022616	0.130022	0	-1.05e+06	0	-1.48987	
577	0.000226434	0.130248	0	-1.05e+06	0	-1.48364	
578	0.000226665	0.130475	0	-1.05e+06	0	-1.47737	
579	0.000226902	0.130701	0	-1.05e+06	0	-1.47107	
580	0.000227145	0.130928	0	-1.05e+06	0	-1.46474	
581	0.000227394	0.131155	0	-1.05e+06	0	-1.45838	
582	0.000227647	0.131383	0	-1.05e+06	0	-1.45199	
583	0.000227904	0.13161	0	-1.05e+06	0	-1.44557	
584	0.000228162	0.131838	0	-1.05e+06	0	-1.43912	
585	0.000228411	0.132066	0	-1.05e+06	0	-1.43264	
586	0.000228621	0.132295	0	-1.05e+06	0	-1.42613	
587	0.000228799	0.132524	0	-1.05e+06	0	-1.41959	
588	0.000228974	0.132752	0	-1.05e+06	0	-1.41303	
589	0.000229146	0.132981	0	-1.05e+06	0	-1.40643	
590	0.000229245	0.13321	0	-1.05e+06	0	-1.39982	
591	0.000229298	0.13344	0	-1.05e+06	0	-1.39318	
592	0.000229349	0.133669	0	-1.05e+06	0	-1.38652	
593	0.000229398	0.133898	0	-1.05e+06	0	-1.37984	
594	0.00022944	0.134128	0	-1.05e+06	0	-1.37314	
595	0.000229478	0.134357	0	-1.05e+06	0	-1.36641	
596	0.000229514	0.134587	0	-1.05e+06	0	-1.35967	
597	0.000229547	0.134816	0	-1.05e+06	0	-1.3529	
598	0.000229578	0.135046	0	-1.05e+06	0	-1.34612	
599	0.000229606	0.135275	0	-1.05e+06	0	-1.33931	
600	0.000229632	0.135505	0	-1.05e+06	0	-1.33249	
601	0.000229656	0.135735	0	-1.05e+06	0	-1.32565	
602	0.000229679	0.135964	0	-1.05e+06	0	-1.31879	
603	0.0002297	0.136194	0	-1.05e+06	0	-1.31191	
604	0.00022972	0.136424	0	-1.05e+06	0	-1.30501	
605	0.000229741	0.136653	0	-1.05e+06	0	-1.2981	
606	0.000229762	0.136883	0	-1.05e+06	0	-1.29116	
607	0.000229784	0.137113	0	-1.05e+06	0	-1.28422	
608	0.000229808	0.137343	0	-1.05e+06	0	-1.27725	
609	0.000229833	0.137572	0	-1.05e+06	0	-1.27027	
610	0.000229862	0.137802	0	-1.05e+06	0	-1.26327	
611	0.000229893	0.138032	0	-1.05e+06	0	-1.25625	
612	0.000229868	0.138262	0	-1.05e+06	0	-1.24922	
613	0.00022975	0.138492	0	-1.05e+06	0	-1.24218	
614	0.000229632	0.138722	0	-1.05e+06	0	-1.23513	
615	0.000229513	0.138951	0	-1.05e+06	0	-1.22806	
616	0.000229396	0.139181	0	-1.05e+06	0	-1.22099	
617	0.000229279	0.13941	0	-1.05e+06	0	-1.2139	
618	0.00022916	0.139639	0	-1.05e+06	0	-1.20681	
619	0.000228996	0.139869	0	-1.05e+06	0	-1.1997	
620	0.000228832	0.140098	0	-1.05e+06	0	-1.19259	
621	0.00022867	0.140326	0	-1.05e+06	0	-1.18547	
622	0.000228509	0.140555	0	-1.05e+06	0	-1.17834	
623	0.000228336	0.140784	0	-1.05e+06	0	-1.1712	
624	0.0002281	0.141012	0	-1.05e+06	0	-1.16406	
625	0.000227869	0.14124	0	-1.05e+06	0	-1.15691	
626	0.000227647	0.141468	0	-1.05e+06	0	-1.14976	
627	0.000227433	0.141696	0	-1.05e+06	0	-1.1426	
628	0.00022723	0.141923	0	-1.05e+06	0	-1.13544	
629	0.000227039	0.14215	0	-1.05e+06	0	-1.12827	
630	0.00022686	0.142377	0	-1.05e+06	0	-1.1211	
631	0.000226671	0.142604	0	-1.05e+06	0	-1.11392	
632	0.000226483	0.142831	0	-1.05e+06	0	-1.10673	
633	0.000226315	0.143057	0	-1.05e+06	0	-1.09954	
634	0.000226167	0.143284	0	-1.05e+06	0	-1.09234	
635	0.00022604	0.14351	0	-1.05e+06	0	-1.08514	
636	0.000225935	0.143736	0	-1.05e+06	0	-1.07793	
637	0.00022585	0.143962	0	-1.05e+06	0	-1.07072	
638	0.000225786	0.144188	0	-1.05e+06	0	-1.0635	
639	0.000225741	0.144413	0	-1.05e+06	0	-1.05627	
640	0.000225715	0.144639	0	-1.05e+06	0	-1.04903	
641	0.000225708	0.144865	0	-1.05e+06	0	-1.04179	
642	0.000225717	0.14509	0	-1.05e+06	0	-1.03453	
643	0.000225741	0.145316	0	-1.05e+06	0	-1.02727	
644	0.00022578	0.145542	0	-1.05e+06	0	-1.02001	
645	0.00022583	0.145768	0	-1.05e+06	0	-1.01273	
646	0.000225892	0.145994	0	-1.05e+06	0	-1.00544	
647	0.000225923	0.146219	0	-1.05e+06	0	-0.998152	
648	0.000225955	0.146445	0	-1.05e+06	0	-0.990854	
649	0.000225995	0.146671	0	-1.05e+06	0	-0.983551	
650	0.000226042	0.146897	0	-1.05e+06	0	-0.976242	
651	0.000226055	0.147123	0	-1.05e+06	0	-0.968929	
652	0.000226057	0.147349	0	-1.05e+06	0	-0.961613	
653	0.00022607	0.147575	0	-1.05e+06	0	-0.954295	
654	0.000226092	0.147802	0	-1.05e+06	0	-0.946973	
655	0.000226122	0.148028	0	-1.05e+06	0	-0.939649	
656	0.000226161	0.148254	0	-1.05e+06	0	-0.932324	
657	0.000226207	0.14848	0	-1.05e+06	0	-0.924996	
658	0.000226225	0.148706	0	-1.05e+06	0	-0.917668	
659	0.000226243	0.148932	0	-1.05e+06	0	-0.910341	
660	0.000226268	0.149159	0	-1.05e+06	0	-0.903014	
661	0.000226247	0.149385	0	-1.05e+06	0	-0.89569	
662	0.000226226	0.149611	0	-1.05e+06	0	-0.888369	
663	0.000226213	0.149837	0	-1.05e+06	0	-0.881052	
664	0.000226208	0.150064	0	-1.05e+06	0	-0.873739	
665	0.000226213	0.15029	0	-1.05e+06	0	-0.86643	
666	0.000226227	0.150516	0	-1.05e+06	0	-0.859126	
667	0.00022625	0.150742	0	-1.05e+06	0	-0.851827	
668	0.000226282	0.150968	0	-1.05e+06	0	-0.844533	
669	0.000226323	0.151195	0	-1.05e+06	0	-0.837244	
670	0.000226374	0.151421	0	-1.05e+06	0	-0.829961	
671	0.000226434	0.151647	0	-1.05e+06	0	-0.822683	
672	0.000226502	0.151874	0	-1.05e+06	0	-0.815412	
673	0.00022658	0.1521	0	-1.05e+06	0	-0.808147	
674	0.000226665	0.152327	0	-1.05e+06	0	-0.800889	
675	0.000226758	0.152554	0	-1.05e+06	0	-0.793638	
676	0.000226857	0.15278	0	-1.05e+06	0	-0.786395	
677	0.000226962	0.153007	0	-1.05e+06	0	-0.779159	
678	0.000227071	0.153234	0	-1.05e+06	0	-0.771931	
679	0.000227182	0.153461	0	-1.05e+06	0	-0.764711	
680	0.00022725	0.153688	0	-1.05e+06	0	-0.757502	
681	0.000227322	0.153916	0	-1.05e+06	0	-0.750304	
682	0.000227397	0.154143	0	-1.05e+06	0	-0.743117	
683	0.000227475	0.15437	0	-1.05e+06	0	-0.735941	
684	0.000227554	0.154598	0	-1.05e+06	0	-0.728777	
685	0.000227634	0.154825	0	-1.05e+06	0	-0.721626	
686	0.000227714	0.155053	0	-1.05e+06	0	-0.714487	
687	0.000227793	0.155281	0	-1.05e+06	0	-0.707362	
688	0.00022787	0.155509	0	-1.05e+06	0	-0.700251	
689	0.000227943	0.155736	0	-1.05e+06	0	-0.693154	
690	0.000228012	0.155964	0	-1.05e+06	0	-0.686072	
691	0.000228066	0.156192	0	-1.05e+06	0	-0.679005	
692	0.000228116	0.15642	0	-1.05e+06	0	-0.671956	
693	0.000228163	0.156649	0	-1.05e+06	0	-0.664923	
694	0.000228207	0.156877	0	-1.05e+06	0	-0.657908	
695	0.000228247	0.157105	0	-1.05e+06	0	-0.650911	
696	0.000228285	0.157333	0	-1.05e+06	0	-0.643932	
697	0.00022832	0.157561	0	-1.05e+06	0	-0.636973	
698	0.000228353	0.15779	0	-1.05e+06	0	-0.630033	
699	0.000228386	0.158018	0	-1.05e+06	0	-0.623113	
700	0.000228419	0.158247	0	-1.05e+06	0	-0.616214	
701	0.000228454	0.158475	0	-1.05e+06	0	-0.609335	
702	0.000228489	0.158703	0	-1.05e+06	0	-0.602478	
703	0.000228527	0.158932	0	-1.05e+06	0	-0.595642	
704	0.00022857	0.15916	0	-1.05e+06	0	-0.588828	
705	0.000228619	0.159389	0	-1.05e+06	0	-0.582036	
706	0.000228677	0.159618	0	-1.05e+06	0	-0.575267	
707	0.000228744	0.159846	0	-1.05e+06	0	-0.56852	
708	0.000228822	0.160075	0	-1.05e+06	0	-0.561796	
709	0.000228913	0.160304	0	-1.05e+06	0	-0.555094	
710	0.000229016	0.160533	0	-1.05e+06	0	-0.548415	
711	0.000229134	0.160762	0	-1.05e+06	0	-0.54176	
712	0.000229265	0.160991	0	-1.05e+06	0	-0.535127	
713	0.000229411	0.16122	0	-1.05e+06	0	-0.528517	
714	0.000229572	0.16145	0	-1.05e+06	0	-0.521931	
715	0.000229747	0.161679	0	-1.05e+06	0	-0.515367	
716	0.000229935	0.161909	0	-1.05e+06	0	-0.508828	
717	0.000230136	0.162139	0	-1.05e+06	0	-0.502311	
718	0.000230349	0.162369	0	-1.05e+06	0	-0.495819	
719	0.000230572	0.162599	0	-1.05e+06	0	-0.48935	
720	0.000230786	0.16283	0	-1.05e+06	0	-0.482907	
721	0.000230963	0.163061	0	-1.05e+06	0	-0.476489	
722	0.000231154	0.163292	0	-1.05e+06	0	-0.470099	
723	0.000231358	0.163523	0	-1.05e+06	0	-0.463735	
724	0.000231576	0.163754	0	-1.05e+06	0	-0.457398	
725	0.000231807	0.163986	0	-1.05e+06	0	-0.451088	
726	0.00023205	0.164218	0	-1.05e+06	0	-0.444805	
727	0.000232305	0.16445	0	-1.05e+06	0	-0.43855	
728	0.000232571	0.164682	0	-1.05e+06	0	-0.432322	
729	0.000232845	0.164914	0	-1.05e+06	0	-0.426123	
730	0.000233126	0.165147	0	-1.05e+06	0	-0.419952	
731	0.000233411	0.16538	0	-1.05e+06	0	-0.41381	
732	0.0002337	0.165614	0	-1.05e+06	0	-0.407698	
733	0.000233989	0.165848	0	-1.05e+06	0	-0.401616	
734	0.000234276	0.166082	0	-1.05e+06	0	-0.395564	
735	0.00023456	0.166316	0	-1.05e+06	0	-0.389543	
736	0.000234838	0.16655	0	-1.05e+06	0	-0.383554	
737	0.00023511	0.166785	0	-1.05e+06	0	-0.377597	
738	0.000235371	0.16702	0	-1.05e+06	0	-0.371674	
739	0.000235595	0.167256	0	-1.05e+06	0	-0.365785	
740	0.000235809	0.167491	0	-1.05e+06	0	-0.359932	
741	0.000236012	0.167727	0	-1.05e+06	0	-0.354115	
742	0.000236205	0.167963	0	-1.05e+06	0	-0.348335	
743	0.000236387	0.168199	0	-1.05e+06	0	-0.342592	
744	0.000236561	0.168436	0	-1.05e+06	0	-0.336888	
745	0.000236726	0.168672	0	-1.05e+06	0	-0.331222	
746	0.000236885	0.168909	0	-1.05e+06	0	-0.325596	
747	0.000237039	0.169146	0	-1.05e+06	0	-0.32001	
748	0.000237189	0.169383	0	-1.05e+06	0	-0.314464	
749	0.000237339	0.16962	0	-1.05e+06	0	-0.308958	
750	0.000237488	0.169857	0	-1.05e+06	0	-0.303495	
751	0.00023764	0.170095	0	-1.05e+06	0	-0.298072	
752	0.000237795	0.170333	0	-1.05e+06	0	-0.292692	
753	0.00023796	0.17057	0	-1.05e+06	0	-0.287353	
754	0.000238131	0.170808	0	-1.05e+06	0	-0.282057	
755	0.000238312	0.171046	0	-1.05e+06	0	-0.276803	
756	0.000238505	0.171285	0	-1.05e+06	0	-0.271591	
757	0.00023871	0.171523	0	-1.05e+06	0	-0.266422	
758	0.00023893	0.171762	0	-1.05e+06	0	-0.261295	
759	0.000239165	0.172001	0	-1.05e+06	0	-0.256211	
760	0.000239417	0.17224	0	-1.05e+06	0	-0.251169	
761	0.000239687	0.17248	0	-1.05e+06	0	-0.24617	
762	0.000239976	0.172719	0	-1.05e+06	0	-0.241212	
763	0.000240284	0.172959	0	-1.05e+06	0	-0.236297	
764	0.000240613	0.173199	0	-1.05e+06	0	-0.231424	
765	0.000240963	0.17344	0	-1.05e+06	0	-0.226591	
766	0.000241335	0.173681	0	-1.05e+06	0	-0.221801	
767	0.000241731	0.173922	0	-1.05e+06	0	-0.217051	
768	0.00024215	0.174164	0	-1.05e+06	0	-0.212342	
769	0.000242594	0.174406	0	-1.05e+06	0	-0.207673	
770	0.000243063	0.174649	0	-1.05e+06	0	-0.203045	
771	0.000243558	0.174892	0	-1.05e+06	0	-0.198456	
772	0.000244079	0.175135	0	-1.05e+06	0	-0.193906	
773	0.000244627	0.17538	0	-1.05e+06	0	-0.189395	
774	0.000245201	0.175624	0	-1.05e+06	0	-0.184923	
775	0.000245802	0.175869	0	-1.05e+06	0	-0.180489	
776	0.00024643	0.176115	0	-1.05e+06	0	-0.176092	
777	0.000247084	0.176362	0	-1.05e+06	0	-0.171733	
778	0.000247763	0.176609	0	-1.05e+06	0	-0.16741	
779	0.000248466	0.176856	0	-1.05e+06	0	-0.163124	
780	0.000249192	0.177105	0	-1.05e+06	0	-0.158875	
781	0.000249939	0.177354	0	-1.05e+06	0	-0.154661	
782	0.000250705	0.177604	0	-1.05e+06	0	-0.150483	
783	0.000251488	0.177855	0	-1.05e+06	0	-0.14634	
784	0.000252285	0.178106	0	-1.05e+06	0	-0.142233	
785	0.000253093	0.178359	0	-1.05e+06	0	-0.138162	
786	0.000253901	0.178612	0	-1.05e+06	0	-0.134125	
787	0.000254684	0.178866	0	-1.05e+06	0	-0.130125	
788	0.000255467	0.17912	0	-1.05e+06	0	-0.12616	
789	0.000256249	0.179376	0	-1.05e+06	0	-0.122232	
790	0.000257027	0.179632	0	-1.05e+06	0	-0.11834	
791	0.000257794	0.179889	0	-1.05e+06	0	-0.114485	
792	0.000258524	0.180147	0	-1.05e+06	0	-0.110666	
793	0.000259194	0.180405	0	-1.05e+06	0	-0.106886	
794	0.000259824	0.180664	0	-1.05e+06	0	-0.103145	
795	0.000260337	0.180924	0	-1.05e+06	0	-0.0994437	
796	0.000260831	0.181185	0	-1.05e+06	0	-0.0957836	
797	0.000261205	0.181445	0	-1.05e+06	0	-0.092166	
798	0.00026155	0.181707	0	-1.05e+06	0	-0.0885912	
799	0.000261884	0.181968	0	-1.05e+06	0	-0.0850595	
800	0.000262206	0.18223	0	-1.05e+06	0	-0.081571	
801	0.000262517	0.182492	0	-1.05e+06	0	-0.078126	
802	0.000262819	0.182755	0	-1.05e+06	0	-0.0747247	
803	0.000263113	0.183018	0	-1.05e+06	0	-0.0713675	
804	0.000263399	0.183281	0	-1.05e+06	0	-0.0680546	
805	0.000263678	0.183544	0	-1.05e+06	0	-0.0647864	
806	0.000263935	0.183808	0	-1.05e+06	0	-0.0615636	
807	0.000264186	0.184072	0	-1.05e+06	0	-0.0583865	
808	0.000264438	0.184336	0	-1.05e+06	0	-0.0552558	
809	0.00026469	0.1846	0	-1.05e+06	0	-0.0521718	
810	0.000264941	0.184865	0	-1.05e+06	0	-0.0491354	
811	0.000265188	0.18513	0	-1.05e+06	0	-0.0461471	
812	0.000265431	0.185395	0	-1.05e+06	0	-0.0432079	
813	0.000265667	0.185661	0	-1.05e+06	0	-0.0403186	
814	0.000265893	0.185926	0	-1.05e+06	0	-0.0374803	
815	0.000266101	0.186192	0	-1.05e+06	0	-0.0346942	
816	0.000266294	0.186458	0	-1.05e+06	0	-0.0319614	
817	0.000266472	0.186725	0	-1.05e+06	0	-0.0292831	
818	0.00026663	0.186991	0	-1.05e+06	0	-0.0266608	
819	0.000266735	0.187258	0	-1.05e+06	0	-0.0240959	
820	0.00026664	0.187524	0	-1.05e+06	0	-0.0215916	
821	0.000266528	0.187791	0	-1.05e+06	0	-0.0191491	
822	0.000266365	0.188058	0	-1.05e+06	0	-0.0167698	
823	0.000266187	0.188324	0	-1.05e+06	0	-0.0144551	
824	0.000265919	0.18859	0	-1.05e+06	0	-0.0122066	
825	0.000265593	0.188856	0	-1.05e+06	0	-0.010026	
826	0.000265264	0.189122	0	-1.05e+06	0	-0.00791417	
827	0.000264937	0.189387	0	-1.05e+06	0	-0.00587216	
828	0.000264616	0.189652	0	-1.05e+06	0	-0.00390091	
829	0.000264306	0.189916	0	-1.05e+06	0	-0.00200139	
830	0.000264012	0.190181	0	-1.05e+06	0	-0.000174527	
831	0.000263735	0.190445	0	-1.05e+06	0	0.00157872	
832	0.000263479	0.190709	0	-1.05e+06	0	0.00325737	
833	0.000263245	0.190972	0	-1.05e+06	0	0.00486043	
834	0.000263033	0.191235	0	-1.05e+06	0	0.00638686	
835	0.000262844	0.191498	0	-1.05e+06	0	0.00783556	
836	0.000262675	0.191761	0	-1.05e+06	0	0.00920538	
837	0.000262524	0.192024	0	-1.05e+06	0	0.0104951	
838	0.00026237	0.192286	0	-1.05e+06	0	0.0117034	
839	0.000262215	0.192549	0	-1.05e+06	0	0.0128288	
840	0.000262066	0.192811	0	-1.05e+06	0	0.01387	
841	0.00026192	0.193073	0	-1.05e+06	0	0.0148255	
842	0.000261773	0.193335	0	-1.05e+06	0	0.0156938	
843	0.000261617	0.193597	0	-1.05e+06	0	0.0164735	
844	0.000261356	0.193858	0	-1.05e+06	0	0.0171626	
845	0.000261075	0.19412	0	-1.05e+06	0	0.0177598	
846	0.000260777	0.194381	0	-1.05e+06	0	0.0182635	
847	0.000260378	0.194641	0	-1.05e+06	0	0.0186723	
848	0.000259967	0.194902	0	-1.05e+06	0	0.0189847	
849	0.000259543	0.195162	0	-1.05e+06	0	0.0191994	
850	0.000259106	0.195421	0	-1.05e+06	0	0.0193152	
851	0.000258656	0.19568	0	-1.05e+06	0	0.0193309	
852	0.000258195	0.195939	0	-1.05e+06	0	0.0192453	
853	0.000257721	0.196197	0	-1.05e+06	0	0.0190573	
854	0.000257236	0.196455	0	-1.05e+06	0	0.018766	
855	0.000256739	0.196712	0	-1.05e+06	0	0.0183705	
856	0.00025623	0.196969	0	-1.05e+06	0	0.01787	
857	0.00025571	0.197225	0	-1.05e+06	0	0.017264	
858	0.000255179	0.197481	0	-1.05e+06	0	0.0165519	
859	0.000254636	0.197736	0	-1.05e+06	0	0.0157336	
860	0.000254083	0.197991	0	-1.05e+06	0	0.0148088	
861	0.000253518	0.198245	0	-1.05e+06	0	0.0137777	
862	0.000252943	0.198498	0	-1.05e+06	0	0.0126406	
863	0.000252358	0.198751	0	-1.05e+06	0	0.0113979	
864	0.000251763	0.199004	0	-1.05e+06	0	0.0100503	
865	0.000251158	0.199255	0	-1.05e+06	0	0.00859881	
866	0.000250545	0.199507	0	-1.05e+06	0	0.00704449	
867	0.000249905	0.199757	0	-1.05e+06	0	0.00538881	
868	0.000249204	0.200007	0	-1.05e+06	0	0.00363371	
869	0.000248458	0.200256	0	-1.05e+06	0	0.00178129	
870	0.000247714	0.200505	0	-1.05e+06	0	-0.000166507	
871	0.000246971	0.200752	0	-1.05e+06	0	-0.00220761	
872	0.000246232	0.200999	0	-1.05e+06	0	-0.00433983	
873	0.000245497	0.201246	0	-1.05e+06	0	-0.0065609	
874	0.000244767	0.201491	0	-1.05e+06	0	-0.0088685	
875	0.000244043	0.201736	0	-1.05e+06	0	-0.0112602	
876	0.000243326	0.20198	0	-1.05e+06	0	-0.0137337	
877	0.000242616	0.202223	0	-1.05e+06	0	-0.0162866	
878	0.000241913	0.202466	0	-1.05e+06	0	-0.0189165	
879	0.000241218	0.202708	0	-1.05e+06	0	-0.0216212	
880	0.000240532	0.202949	0	-1.05e+06	0	-0.0243983	
881	0.000239854	0.20319	0	-1.05e+06	0	-0.0272457	
882	0.000239185	0.203429	0	-1.05e+06	0	-0.0301614	
883	0.000238526	0.203669	0	-1.05e+06	0	-0.0331434	
884	0.000237877	0.203907	0	-1.05e+06	0	-0.0361899	
885	0.000237238	0.204145	0	-1.05e+06	0	-0.0392991	
886	0.000236611	0.204382	0	-1.05e+06	0	-0.0424695	
887	0.000235996	0.204619	0	-1.05e+06	0	-0.0456995	
888	0.000235394	0.204855	0	-1.05e+06	0	-0.0489878	
889	0.000234806	0.20509	0	-1.05e+06	0	-0.0523333	
890	0.000234232	0.205325	0	-1.05e+06	0	-0.0557346	
891	0.000233674	0.205559	0	-1.05e+06	0	-0.0591909	
892	0.000233132	0.205793	0	-1.05e+06	0	-0.062701	
893	0.000232608	0.206026	0	-1.05e+06	0	-0.0662643	
894	0.000232103	0.206259	0	-1.05e+06	0	-0.0698798	
895	0.000231617	0.206491	0	-1.05e+06	0	-0.0735467	
896	0.000231152	0.206722	0	-1.05e+06	0	-0.0772645	
897	0.000230707	0.206954	0	-1.05e+06	0	-0.0810324	
898	0.000230285	0.207184	0	-1.05e+06	0	-0.0848496	
899	0.000229886	0.207415	0	-1.05e+06	0	-0.0887157	
900	0.00022951	0.207644	0	-1.05e+06	0	-0.09263	
901	0.000229157	0.207874	0	-1.05e+06	0	-0.0965917	
902	0.00022881	0.208103	0	-1.05e+06	0	-0.1006	
903	0.00022849	0.208332	0	-1.05e+06	0	-0.104654	
904	0.000228195	0.20856	0	-1.05e+06	0	-0.108754	
905	0.000227927	0.208789	0	-1.05e+06	0	-0.112898	
906	0.000227684	0.209017	0	-1.05e+06	0	-0.117086	
907	0.000227467	0.209244	0	-1.05e+06	0	-0.121318	
908	0.000227275	0.209472	0	-1.05e+06	0	-0.125592	
909	0.000227108	0.209699	0	-1.05e+06	0	-0.129909	
910	0.000226966	0.209926	0	-1.05e+06	0	-0.134267	
911	0.000226847	0.210153	0	-1.05e+06	0	-0.138665	
912	0.000226751	0.21038	0	-1.05e+06	0	-0.143104	
913	0.000226677	0.210607	0	-1.05e+06	0	-0.147583	
914	0.000226623	0.210833	0	-1.05e+06	0	-0.152101	
915	0.00022659	0.21106	0	-1.05e+06	0	-0.156657	
916	0.000226575	0.211287	0	-1.05e+06	0	-0.161251	
917	0.000226578	0.211513	0	-1.05e+06	0	-0.165882	
918	0.000226598	0.21174	0	-1.05e+06	0	-0.170551	
919	0.000226633	0.211966	0	-1.05e+06	0	-0.175256	
920	0.000226683	0.212193	0	-1.05e+06	0	-0.179998	
921	0.000226746	0.21242	0	-1.05e+06	0	-0.184776	
922	0.000226821	0.212646	0	-1.05e+06	0	-0.189589	
923	0.000226904	0.212873	0	-1.05e+06	0	-0.194437	
924	0.000226981	0.2131	0	-1.05e+06	0	-0.19932	
925	0.000227066	0.213327	0	-1.05e+06	0	-0.204238	
926	0.000227159	0.213554	0	-1.05e+06	0	-0.20919	
927	0.000227259	0.213781	0	-1.05e+06	0	-0.214177	
928	0.000227366	0.214009	0	-1.05e+06	0	-0.219198	
929	0.00022748	0.214236	0	-1.05e+06	0	-0.224253	
930	0.0002276	0.214463	0	-1.05e+06	0	-0.229342	
931	0.000227716	0.214691	0	-1.05e+06	0	-0.234465	
932	0.000227807	0.214919	0	-1.05e+06	0	-0.239622	
933	0.000227905	0.215146	0	-1.05e+06	0	-0.244812	
934	0.00022801	0.215374	0	-1.05e+06	0	-0.250036	
935	0.000228123	0.215602	0	-1.05e+06	0	-0.255294	
936	0.000228244	0.215831	0	-1.05e+06	0	-0.260586	
937	0.000228373	0.216059	0	-1.05e+06	0	-0.265913	
938	0.00022851	0.216287	0	-1.05e+06	0	-0.271274	
939	0.000228656	0.216516	0	-1.05e+06	0	-0.27667	
940	0.000228812	0.216744	0	-1.05e+06	0	-0.282101	
941	0.000228978	0.216973	0	-1.05e+06	0	-0.287568	
942	0.000229155	0.217202	0	-1.05e+06	0	-0.293071	
943	0.000229342	0.217431	0	-1.05e+06	0	-0.29861	
944	0.000229541	0.217661	0	-1.05e+06	0	-0.304185	
945	0.000229752	0.21789	0	-1.05e+06	0	-0.309798	
946	0.000229975	0.21812	0	-1.05e+06	0	-0.315447	
947	0.000230212	0.21835	0	-1.05e+06	0	-0.321135	
948	0.000230462	0.21858	0	-1.05e+06	0	-0.32686	
949	0.000230726	0.218811	0	-1.05e+06	0	-0.332623	
950	0.000231004	0.219041	0	-1.05e+06	0	-0.338425	
951	0.000231298	0.219272	0	-1.05e+06	0	-0.344265	
952	0.000231607	0.219504	0	-1.05e+06	0	-0.350145	
953	0.000231932	0.219735	0	-1.05e+06	0	-0.356065	
954	0.000232274	0.219967	0	-1.05e+06	0	-0.362024	
955	0.000232631	0.220199	0	-1.05e+06	0	-0.368024	
956	0.000233006	0.220432	0	-1.05e+06	0	-0.374064	
957	0.000233396	0.220665	0	-1.05e+06	0	-0.380145	
958	0.000233804	0.220898	0	-1.05e+06	0	-0.386267	
959	0.000234227	0.221132	0	-1.05e+06	0	-0.392431	
960	0.000234666	0.221366	0	-1.05e+06	0	-0.398636	
961	0.000235121	0.221601	0	-1.05e+06	0	-0.404883	
962	0.00023559	0.221836	0	-1.05e+06	0	-0.411173	
963	0.000236074	0.222072	0	-1.05e+06	0	-0.417505	
964	0.00023657	0.222308	0	-1.05e+06	0	-0.423879	
965	0.000237077	0.222544	0	-1.05e+06	0	-0.430296	
966	0.000237595	0.222782	0	-1.05e+06	0	-0.436756	
967	0.000238123	0.223019	0	-1.05e+06	0	-0.443259	
968	0.000238642	0.223257	0	-1.05e+06	0	-0.449804	
969	0.000239146	0.223496	0	-1.05e+06	0	-0.456391	
970	0.000239658	0.223735	0	-1.05e+06	0	-0.463019	
971	0.000240174	0.223975	0	-1.05e+06	0	-0.469689	
972	0.000240696	0.224215	0	-1.05e+06	0	-0.4764	
973	0.000241217	0.224456	0	-1.05e+06	0	-0.483152	
974	0.000241725	0.224697	0	-1.05e+06	0	-0.489945	
975	0.000242239	0.224939	0	-1.05e+06	0	-0.496777	
976	0.000242718	0.225181	0	-1.05e+06	0	-0.503648	
977	0.000243112	0.225423	0	-1.05e+06	0	-0.510555	
978	0.000243414	0.225667	0	-1.05e+06	0	-0.517495	
979	0.000243629	0.22591	0	-1.05e+06	0	-0.524465	
980	0.000243833	0.226154	0	-1.05e+06	0	-0.531463	
981	0.000244038	0.226397	0	-1.05e+06	0	-0.53849	
982	0.000244225	0.226641	0	-1.05e+06	0	-0.545545	
983	0.000244333	0.226886	0	-1.05e+06	0	-0.552624	
984	0.000244393	0.22713	0	-1.05e+06	0	-0.559726	
985	0.000244293	0.227374	0	-1.05e+06	0	-0.566845	
986	0.000244193	0.227619	0	-1.05e+06	0	-0.57398	
987	0.000244037	0.227863	0	-1.05e+06	0	-0.58113	
988	0.000243842	0.228107	0	-1.05e+06	0	-0.588292	
989	0.000243652	0.228351	0	-1.05e+06	0	-0.595467	
990	0.000243467	0.228594	0	-1.05e+06	0	-0.602652	
991	0.000243289	0.228838	0	-1.05e+06	0	-0.609849	
992	0.000243117	0.229081	0	-1.05e+06	0	-0.617056	
993	0.000242953	0.229324	0	-1.05e+06	0	-0.624273	
994	0.000242796	0.229567	0	-1.05e+06	0	-0.6315	
995	0.000242647	0.22981	0	-1.05e+06	0	-0.638736	
996	0.000242506	0.230053	0	-1.05e+06	0	-0.64598	
997	0.000242373	0.230295	0	-1.05e+06	0	-0.653232	
998	0.000242247	0.230538	0	-1.05e+06	0	-0.660492	
999	0.000242129	0.23078	0	-1.05e+06	0	-0.66776	
1000	0.000242018	0.231022	0	-1.05e+06	0	-0.675033	
1001	0.000241876	0.231264	0	-1.05e+06	0	-0.682312	
1002	0.000241727	0.231506	0	-1.05e+06	0	-0.689595	
1003	0.000241579	0.231748	0	-1.05e+06	0	-0.696882	
1004	0.000241433	0.231989	0	-1.05e+06	0	-0.704171	
1005	0.000241289	0.232231	0	-1.05e+06	0	-0.711463	
1006	0.000241146	0.232472	0	-1.05e+06	0	-0.718756	
1007	0.000241004	0.232713	0	-1.05e+06	0	-0.72605	
1008	0.000240863	0.232954	0	-1.05e+06	0	-0.733344	
1009	0.000240724	0.233195	0	-1.05e+06	0	-0.740638	
1010	0.000240585	0.233436	0	-1.05e+06	0	-0.747931	
1011	0.000240447	0.233676	0	-1.05e+06	0	-0.755223	
1012	0.000240311	0.233917	0	-1.05e+06	0	-0.762512	
1013	0.000240176	0.234157	0	-1.05e+06	0	-0.769799	
1014	0.000240043	0.234397	0	-1.05e+06	0	-0.777082	
1015	0.000239913	0.234637	0	-1.05e+06	0	-0.784361	
1016	0.000239786	0.234877	0	-1.05e+06	0	-0.791637	
1017	0.000239661	0.235117	0	-1.05e+06	0	-0.798907	
1018	0.000239457	0.235357	0	-1.05e+06	0	-0.80617	
1019	0.000239233	0.235596	0	-1.05e+06	0	-0.813424	
1020	0.000239013	0.235835	0	-1.05e+06	0	-0.820669	
1021	0.000238794	0.236074	0	-1.05e+06	0	-0.827905	
1022	0.000238578	0.236313	0	-1.05e+06	0	-0.83513	
1023	0.000238364	0.236552	0	-1.05e+06	0	-0.842345	
1024	0.000238153	0.23679	0	-1.05e+06	0	-0.84955	
1025	0.000237944	0.237028	0	-1.05e+06	0	-0.856743	
1026	0.000237737	0.237266	0	-1.05e+06	0	-0.863925	
1027	0.000237533	0.237504	0	-1.05e+06	0	-0.871096	
1028	0.00023733	0.237741	0	-1.05e+06	0	-0.878255	
1029	0.000237128	0.237979	0	-1.05e+06	0	-0.885401	
1030	0.000236928	0.238216	0	-1.05e+06	0	-0.892535	
1031	0.000236729	0.238453	0	-1.05e+06	0	-0.899657	
1032	0.00023653	0.238689	0	-1.05e+06	0	-0.906765	
1033	0.000236331	0.238926	0	-1.05e+06	0	-0.913861	
1034	0.000236133	0.239162	0	-1.05e+06	0	-0.920943	
1035	0.000235935	0.239398	0	-1.05e+06	0	-0.928011	
1036	0.000235736	0.239634	0	-1.05e+06	0	-0.935066	
1037	0.000235537	0.23987	0	-1.05e+06	0	-0.942107	
1038	0.000235338	0.240106	0	-1.05e+06	0	-0.949134	
1039	0.000235138	0.240341	0	-1.05e+06	0	-0.956147	
1040	0.000234938	0.240576	0	-1.05e+06	0	-0.963145	
1041	0.000234738	0.240811	0	-1.05e+06	0	-0.970129	
1042	0.000234538	0.241046	0	-1.05e+06	0	-0.977098	
1043	0.000234338	0.24128	0	-1.05e+06	0	-0.984052	
1044	0.000234138	0.241515	0	-1.05e+06	0	-0.990992	
1045	0.000233939	0.241749	0	-1.05e+06	0	-0.997916	
1046	0.000233741	0.241983	0	-1.05e+06	0	-1.00483	
1047	0.000233544	0.242217	0	-1.05e+06	0	-1.01172	
1048	0.000233348	0.24245	0	-1.05e+06	0	-1.0186	
1049	0.000233151	0.242683	0	-1.05e+06	0	-1.02546	
1050	0.000232769	0.242917	0	-1.05e+06	0	-1.0323	
1051	0.000232351	0.243149	0	-1.05e+06	0	-1.03912	
1052	0.000231938	0.243382	0	-1.05e+06	0	-1.04592	
1053	0.000231495	0.243614	0	-1.05e+06	0	-1.0527	
1054	0.000230879	0.243845	0	-1.05e+06	0	-1.05945	
1055	0.000230235	0.244076	0	-1.05e+06	0	-1.06616	
1056	0.000229551	0.244306	0	-1.05e+06	0	-1.07285	
1057	0.000228818	0.244536	0	-1.05e+06	0	-1.07951	
1058	0.000228087	0.244765	0	-1.05e+06	0	-1.08613	
1059	0.000227335	0.244993	0	-1.05e+06	0	-1.09273	
1060	0.000226543	0.24522	0	-1.05e+06	0	-1.09929	
1061	0.000225756	0.245447	0	-1.05e+06	0	-1.10582	
1062	0.000224974	0.245672	0	-1.05e+06	0	-1.11231	
1063	0.000224171	0.245897	0	-1.05e+06	0	-1.11877	
1064	0.000223365	0.246121	0	-1.05e+06	0	-1.1252	
1065	0.000222566	0.246345	0	-1.05e+06	0	-1.1316	
1066	0.000221774	0.246567	0	-1.05e+06	0	-1.13796	
1067	0.00022099	0.246789	0	-1.05e+06	0	-1.14429	
1068	0.000220215	0.24701	0	-1.05e+06	0	-1.15059	
1069	0.000219449	0.24723	0	-1.05e+06	0	-1.15685	
1070	0.000218694	0.24745	0	-1.05e+06	0	-1.16309	
1071	0.000217949	0.247669	0	-1.05e+06	0	-1.16929	
1072	0.000217216	0.247886	0	-1.05e+06	0	-1.17547	
1073	0.000216495	0.248104	0	-1.05e+06	0	-1.18161	
1074	0.000215787	0.24832	0	-1.05e+06	0	-1.18773	
1075	0.000215076	0.248536	0	-1.05e+06	0	-1.19382	
1076	0.000214368	0.248751	0	-1.05e+06	0	-1.19987	
1077	0.000213672	0.248965	0	-1.05e+06	0	-1.2059	
1078	0.000212993	0.249179	0	-1.05e+06	0	-1.2119	
1079	0.00021233	0.249392	0	-1.05e+06	0	-1.21788	
1080	0.000211685	0.249604	0	-1.05e+06	0	-1.22382	
1081	0.000211057	0.249816	0	-1.05e+06	0	-1.22974	
1082	0.000210447	0.250027	0	-1.05e+06	0	-1.23564	
1083	0.000209856	0.250238	0	-1.05e+06	0	-1.24151	
1084	0.000209283	0.250447	0	-1.05e+06	0	-1.24736	
1085	0.000208729	0.250657	0	-1.05e+06	0	-1.25318	
1086	0.000208195	0.250865	0	-1.05e+06	0	-1.25898	
1087	0.000207679	0.251074	0	-1.05e+06	0	-1.26476	
1088	0.000207183	0.251281	0	-1.05e+06	0	-1.27052	
1089	0.000206706	0.251489	0	-1.05e+06	0	-1.27626	
1090	0.000206249	0.251695	0	-1.05e+06	0	-1.28197	
1091	0.00020581	0.251901	0	-1.05e+06	0	-1.28767	
1092	0.000205391	0.252107	0	-1.05e+06	0	-1.29335	
1093	0.000204992	0.252313	0	-1.05e+06	0	-1.29901	
1094	0.000204612	0.252518	0	-1.05e+06	0	-1.30465	
1095	0.000204251	0.252722	0	-1.05e+06	0	-1.31028	
1096	0.00020391	0.252927	0	-1.05e+06	0	-1.31589	
1097	0.000203589	0.25313	0	-1.05e+06	0	-1.32148	
1098	0.000203287	0.253334	0	-1.05e+06	0	-1.32706	
1099	0.000203007	0.253537	0	-1.05e+06	0	-1.33262	
1100	0.000202747	0.25374	0	-1.05e+06	0	-1.33817	
1101	0.000202508	0.253943	0	-1.05e+06	0	-1.3437	
1102	0.000202291	0.254146	0	-1.05e+06	0	-1.34923	
1103	0.000202097	0.254348	0	-1.05e+06	0	-1.35473	
1104	0.000201925	0.25455	0	-1.05e+06	0	-1.36023	
1105	0.000201778	0.254752	0	-1.05e+06	0	-1.36572	
1106	0.000201655	0.254954	0	-1.05e+06	0	-1.37119	
1107	0.000201558	0.255155	0	-1.05e+06	0	-1.37666	
1108	0.000201488	0.255357	0	-1.05e+06	0	-1.38211	
1109	0.000201445	0.255558	0	-1.05e+06	0	-1.38756	
1110	0.00020143	0.25576	0	-1.05e+06	0	-1.393	
1111	0.000201445	0.255961	0	-1.05e+06	0	-1.39843	
1112	0.00020149	0.256163	0	-1.05e+06	0	-1.40385	
1113	0.000201567	0.256364	0	-1.05e+06	0	-1.40926	
1114	0.000201677	0.256566	0	-1.05e+06	0	-1.41467	
1115	0.000201819	0.256767	0	-1.05e+06	0	-1.42008	
1116	0.000201996	0.256969	0	-1.05e+06	0	-1.42548	
1117	0.000202207	0.257171	0	-1.05e+06	0	-1.43087	
1118	0.000202454	0.257373	0	-1.05e+06	0	-1.43626	
1119	0.000202736	0.257576	0	-1.05e+06	0	-1.44165	
1120	0.000203055	0.257779	0	-1.05e+06	0	-1.44703	
1121	0.000203409	0.257982	0	-1.05e+06	0	-1.45242	
1122	0.000203799	0.258185	0	-1.05e+06	0	-1.4578	
1123	0.000204225	0.258389	0	-1.05e+06	0	-1.46318	
1124	0.000204673	0.258593	0	-1.05e+06	0	-1.46856	
1125	0.00020512	0.258798	0	-1.05e+06	0	-1.47393	
1126	0.000205597	0.259003	0	-1.05e+06	0	-1.47931	
1127	0.000206102	0.259209	0	-1.05e+06	0	-1.48468	
1128	0.000206634	0.259415	0	-1.05e+06	0	-1.49006	
1129	0.000207191	0.259621	0	-1.05e+06	0	-1.49543	
1130	0.000207771	0.259828	0	-1.05e+06	0	-1.5008	
1131	0.000208371	0.260036	0	-1.05e+06	0	-1.50617	
1132	0.00020899	0.260245	0	-1.05e+06	0	-1.51154	
1133	0.000209569	0.260454	0	-1.05e+06	0	-1.5169	
1134	0.000210071	0.260663	0	-1.05e+06	0	-1.52226	
1135	0.000210588	0.260873	0	-1.05e+06	0	-1.52762	
1136	0.00021112	0.261084	0	-1.05e+06	0	-1.53297	
1137	0.000211667	0.261295	0	-1.05e+06	0	-1.53831	
1138	0.000212228	0.261507	0	-1.05e+06	0	-1.54364	
1139	0.000212753	0.261719	0	-1.05e+06	0	-1.54897	
1140	0.000213283	0.261932	0	-1.05e+06	0	-1.55429	
1141	0.00021379	0.262145	0	-1.05e+06	0	-1.5596	
1142	0.000214294	0.262359	0	-1.05e+06	0	-1.5649	
1143	0.000214808	0.262573	0	-1.05e+06	0	-1.57018	
1144	0.00021533	0.262788	0	-1.05e+06	0	-1.57546	
1145	0.000215859	0.263003	0	-1.05e+06	0	-1.58072	
1146	0.000216392	0.263219	0	-1.05e+06	0	-1.58598	
1147	0.00021689	0.263435	0	-1.05e+06	0	-1.59122	
1148	0.000217377	0.263652	0	-1.05e+06	0	-1.59644	
1149	0.000217868	0.26387	0	-1.05e+06	0	-1.60165	
1150	0.000218348	0.264087	0	-1.05e+06	0	-1.60685	
1151	0.000218785	0.264306	0	-1.05e+06	0	-1.61203	
1152	0.000219225	0.264525	0	-1.05e+06	0	-1.61719	
1153	0.000219666	0.264744	0	-1.05e+06	0	-1.62233	
1154	0.000220097	0.264963	0	-1.05e+06	0	-1.62746	
1155	0.000220181	0.265184	0	-1.05e+06	0	-1.63256	
1156	0.000220224	0.265404	0	-1.05e+06	0	-1.63763	
1157	0.000220272	0.265624	0	-1.05e+06	0	-1.64268	
1158	0.000220325	0.265844	0	-1.05e+06	0	-1.64769	
1159	0.000220384	0.266065	0	-1.05e+06	0	-1.65268	
1160	0.000220447	0.266285	0	-1.05e+06	0	-1.65765	
1161	0.000220515	0.266505	0	-1.05e+06	0	-1.66258	
1162	0.000220589	0.266726	0	-1.05e+06	0	-1.66749	
1163	0.000220667	0.266947	0	-1.05e+06	0	-1.67237	
1164	0.00022075	0.267167	0	-1.05e+06	0	-1.67722	
1165	0.000220838	0.267388	0	-1.05e+06	0	-1.68204	
1166	0.000220931	0.267609	0	-1.05e+06	0	-1.68683	
1167	0.000221028	0.26783	0	-1.05e+06	0	-1.6916	
1168	0.000221131	0.268051	0	-1.05e+06	0	-1.69634	
1169	0.000221209	0.268272	0	-1.05e+06	0	-1.70105	
1170	0.000221274	0.268493	0	-1.05e+06	0	-1.70573	
1171	0.000221343	0.268714	0	-1.05e+06	0	-1.71039	
1172	0.000221415	0.268936	0	-1.05e+06	0	-1.71501	
1173	0.000221491	0.269157	0	-1.05e+06	0	-1.7196	
1174	0.000221571	0.269379	0	-1.05e+06	0	-1.72417	
1175	0.000221655	0.2696	0	-1.05e+06	0	-1.7287	
1176	0.000221744	0.269822	0	-1.05e+06	0	-1.73321	
1177	0.000221838	0.270044	0	-1.05e+06	0	-1.73769	
1178	0.000221938	0.270265	0	-1.05e+06	0	-1.74213	
1179	0.000222044	0.270487	0	-1.05e+06	0	-1.74655	
1180	0.000222157	0.270709	0	-1.05e+06	0	-1.75094	
1181	0.000222278	0.270932	0	-1.05e+06	0	-1.7553	
1182	0.000222406	0.271154	0	-1.05e+06	0	-1.75962	
1183	0.000222542	0.271376	0	-1.05e+06	0	-1.76392	
1184	0.000222669	0.271599	0	-1.05e+06	0	-1.76818	
1185	0.000222766	0.271821	0	-1.05e+06	0	-1.77242	
1186	0.000222872	0.272044	0	-1.05e+06	0	-1.77662	
1187	0.000222987	0.272267	0	-1.05e+06	0	-1.78079	
1188	0.000223111	0.27249	0	-1.05e+06	0	-1.78493	
1189	0.000223246	0.272713	0	-1.05e+06	0	-1.78903	
1190	0.00022339	0.272936	0	-1.05e+06	0	-1.79311	
1191	0.000223546	0.27316	0	-1.05e+06	0	-1.79715	
1192	0.000223713	0.273383	0	-1.05e+06	0	-1.80115	
1193	0.000223891	0.273607	0	-1.05e+06	0	-1.80513	
1194	0.000224081	0.273831	0	-1.05e+06	0	-1.80907	
1195	0.000224282	0.274055	0	-1.05e+06	0	-1.81297	
1196	0.000224493	0.274279	0	-1.05e+06	0	-1.81685	
1197	0.000224695	0.274504	0	-1.05e+06	0	-1.82069	
1198	0.000224873	0.274729	0	-1.05e+06	0	-1.82449	
1199	0.000225049	0.274953	0	-1.05e+06	0	-1.82826	
1200	0.000225125	0.275178	0	-1.05e+06	0	-1.83199	
1201	0.000225058	0.275404	0	-1.05e+06	0	-1.83568	
1202	0.000224982	0.275629	0	-1.05e+06	0	-1.83933	
1203	0.000224904	0.275854	0	-1.05e+06	0	-1.84294	
1204	0.000224823	0.276079	0	-1.05e+06	0	-1.84651	
1205	0.000224546	0.276303	0	-1.05e+06	0	-1.85003	
1206	0.000224178	0.276528	0	-1.05e+06	0	-1.85351	
1207	0.000223819	0.276752	0	-1.05e+06	0	-1.85694	
1208	0.000223468	0.276976	0	-1.05e+06	0	-1.86033	
1209	0.000223127	0.277199	0	-1.05e+06	0	-1.86367	
1210	0.000222797	0.277422	0	-1.05e+06	0	-1.86697	
1211	0.000222477	0.277645	0	-1.05e+06	0	-1.87022	
1212	0.000222169	0.277868	0	-1.05e+06	0	-1.87342	
1213	0.000221874	0.27809	0	-1.05e+06	0	-1.87658	
1214	0.000221592	0.278312	0	-1.05e+06	0	-1.8797	
1215	0.000221324	0.278533	0	-1.05e+06	0	-1.88277	
1216	0.00022107	0.278755	0	-1.05e+06	0	-1.8858	
1217	0.000220832	0.278976	0	-1.05e+06	0	-1.88878	
1218	0.000220609	0.279197	0	-1.05e+06	0	-1.89172	
1219	0.000220402	0.279417	0	-1.05e+06	0	-1.89462	
1220	0.000220209	0.279638	0	-1.05e+06	0	-1.89747	
1221	0.000220032	0.279858	0	-1.05e+06	0	-1.90028	
1222	0.00021987	0.280078	0	-1.05e+06	0	-1.90304	
1223	0.000219721	0.280298	0	-1.05e+06	0	-1.90577	
1224	0.000219585	0.280517	0	-1.05e+06	0	-1.90845	
1225	0.000219462	0.280737	0	-1.05e+06	0	-1.91109	
1226	0.000219349	0.280956	0	-1.05e+06	0	-1.91368	
1227	0.000219247	0.281176	0	-1.05e+06	0	-1.91623	
1228	0.000219153	0.281395	0	-1.05e+06	0	-1.91875	
1229	0.000218965	0.281614	0	-1.05e+06	0	-1.92121	
1230	0.000218492	0.281833	0	-1.05e+06	0	-1.92363	
1231	0.000218033	0.282052	0	-1.05e+06	0	-1.92601	
1232	0.00021759	0.28227	0	-1.05e+06	0	-1.92834	
1233	0.000217164	0.282487	0	-1.05e+06	0	-1.93062	
1234	0.000216757	0.282704	0	-1.05e+06	0	-1.93286	
1235	0.000216296	0.282921	0	-1.05e+06	0	-1.93505	
1236	0.000215833	0.283138	0	-1.05e+06	0	-1.93719	
1237	0.000215379	0.283353	0	-1.05e+06	0	-1.93929	
1238	0.000214935	0.283569	0	-1.05e+06	0	-1.94135	
1239	0.000214503	0.283784	0	-1.05e+06	0	-1.94335	
1240	0.000214083	0.283998	0	-1.05e+06	0	-1.94532	
1241	0.000213676	0.284212	0	-1.05e+06	0	-1.94724	
1242	0.000213266	0.284426	0	-1.05e+06	0	-1.94911	
1243	0.000212746	0.284639	0	-1.05e+06	0	-1.95093	
1244	0.000212237	0.284852	0	-1.05e+06	0	-1.95271	
1245	0.00021174	0.285064	0	-1.05e+06	0	-1.95445	
1246	0.000211257	0.285276	0	-1.05e+06	0	-1.95614	
1247	0.00021079	0.285487	0	-1.05e+06	0	-1.95778	
1248	0.000210316	0.285698	0	-1.05e+06	0	-1.95937	
1249	0.00020977	0.285908	0	-1.05e+06	0	-1.96092	
1250	0.00020924	0.286118	0	-1.05e+06	0	-1.96243	
1251	0.00020873	0.286327	0	-1.05e+06	0	-1.96388	
1252	0.00020824	0.286536	0	-1.05e+06	0	-1.96529	
1253	0.000207771	0.286744	0	-1.05e+06	0	-1.96665	
1254	0.000207327	0.286952	0	-1.05e+06	0	-1.96797	
1255	0.000206906	0.287159	0	-1.05e+06	0	-1.96924	
1256	0.000206512	0.287366	0	-1.05e+06	0	-1.97046	
1257	0.000206145	0.287573	0	-1.05e+06	0	-1.97164	
1258	0.000205806	0.287779	0	-1.05e+06	0	-1.97277	
1259	0.000205497	0.287985	0	-1.05e+06	0	-1.97385	
1260	0.000205219	0.28819	0	-1.05e+06	0	-1.97488	
1261	0.000204938	0.288395	0	-1.05e+06	0	-1.97587	
1262	0.000204641	0.2886	0	-1.05e+06	0	-1.97681	
1263	0.000204376	0.288805	0	-1.05e+06	0	-1.9777	
1264	0.000204144	0.289009	0	-1.05e+06	0	-1.97855	
1265	0.000203948	0.289214	0	-1.05e+06	0	-1.97934	
1266	0.000203788	0.289418	0	-1.05e+06	0	-1.98009	
1267	0.000203665	0.289621	0	-1.05e+06	0	-1.98079	
1268	0.000203581	0.289825	0	-1.05e+06	0	-1.98144	
1269	0.000203537	0.290029	0	-1.05e+06	0	-1.98204	
1270	0.000203535	0.290232	0	-1.05e+06	0	-1.98259	
1271	0.000203575	0.290436	0	-1.05e+06	0	-1.9831	
1272	0.000203658	0.290639	0	-1.05e+06	0	-1.98355	
1273	0.000203786	0.290843	0	-1.05e+06	0	-1.98395	
1274	0.000203958	0.291047	0	-1.05e+06	0	-1.9843	
1275	0.000204176	0.291251	0	-1.05e+06	0	-1.9846	
1276	0.000204439	0.291455	0	-1.05e+06	0	-1.98485	
1277	0.000204748	0.291659	0	-1.05e+06	0	-1.98505	
1278	0.000205103	0.291864	0	-1.05e+06	0	-1.98519	
1279	0.000205502	0.292069	0	-1.05e+06	0	-1.98529	
1280	0.000205946	0.292275	0	-1.05e+06	0	-1.98532	
1281	0.000206432	0.292481	0	-1.05e+06	0	-1.98531	
1282	0.000206958	0.292687	0	-1.05e+06	0	-1.98524	
1283	0.000207524	0.292894	0	-1.05e+06	0	-1.98511	
1284	0.000208124	0.293101	0	-1.05e+06	0	-1.98493	
1285	0.000208757	0.29331	0	-1.05e+06	0	-1.98469	
1286	0.00020941	0.293518	0	-1.05e+06	0	-1.98439	
1287	0.000210002	0.293728	0	-1.05e+06	0	-1.98404	
1288	0.000210611	0.293938	0	-1.05e+06	0	-1.98362	
1289	0.000211232	0.294148	0	-1.05e+06	0	-1.98315	
1290	0.000211738	0.29436	0	-1.05e+06	0	-1.98262	
1291	0.000212123	0.294571	0	-1.05e+06	0	-1.98203	
1292	0.000212325	0.294783	0	-1.05e+06	0	-1.98138	
1293	0.000212529	0.294996	0	-1.05e+06	0	-1.98067	
1294	0.000212743	0.295208	0	-1.05e+06	0	-1.9799	
1295	0.000212937	0.295421	0	-1.05e+06	0	-1.97907	
1296	0.000213094	0.295634	0	-1.05e+06	0	-1.97818	
1297	0.000213264	0.295847	0	-1.05e+06	0	-1.97723	
1298	0.000213445	0.29606	0	-1.05e+06	0	-1.97622	
1299	0.000213637	0.296274	0	-1.05e+06	0	-1.97515	
1300	0.000213838	0.296487	0	-1.05e+06	0	-1.97403	
1301	0.000214047	0.296701	0	-1.05e+06	0	-1.97284	
1302	0.000214263	0.296915	0	-1.05e+06	0	-1.97159	
1303	0.000214485	0.29713	0	-1.05e+06	0	-1.97028	
1304	0.000214711	0.297344	0	-1.05e+06	0	-1.96891	
1305	0.000214914	0.297559	0	-1.05e+06	0	-1.96749	
1306	0.000215112	0.297774	0	-1.05e+06	0	-1.966	
1307	0.00021532	0.297989	0	-1.05e+06	0	-1.96445	
1308	0.000215539	0.298204	0	-1.05e+06	0	-1.96284	
1309	0.000215769	0.29842	0	-1.05e+06	0	-1.96118	
1310	0.00021601	0.298635	0	-1.05e+06	0	-1.95945	
1311	0.000216263	0.298851	0	-1.05e+06	0	-1.95766	
1312	0.000216525	0.299068	0	-1.05e+06	0	-1.95582	
1313	0.000216798	0.299284	0	-1.05e+06	0	-1.95391	
1314	0.000217081	0.299501	0	-1.05e+06	0	-1.95195	
1315	0.000217259	0.299718	0	-1.05e+06	0	-1.94992	
1316	0.000217276	0.299935	0	-1.05e+06	0	-1.94784	
1317	0.000217303	0.300153	0	-1.05e+06	0	-1.9457	
1318	0.000217342	0.30037	0	-1.05e+06	0	-1.94351	
1319	0.00021739	0.300587	0	-1.05e+06	0	-1.94126	
1320	0.000217448	0.300805	0	-1.05e+06	0	-1.93896	
1321	0.000217515	0.301022	0	-1.05e+06	0	-1.9366	
1322	0.000217589	0.30124	0	-1.05e+06	0	-1.93418	
1323	0.00021767	0.301457	0	-1.05e+06	0	-1.93171	
1324	0.000217757	0.301675	0	-1.05e+06	0	-1.92919	
1325	0.000217848	0.301893	0	-1.05e+06	0	-1.92661	
1326	0.000217932	0.30211	0	-1.05e+06	0	-1.92398	
1327	0.000217965	0.302328	0	-1.05e+06	0	-1.9213	
1328	0.000217958	0.302546	0	-1.05e+06	0	-1.91856	
1329	0.000217959	0.302764	0	-1.05e+06	0	-1.91578	
1330	0.000217972	0.302982	0	-1.05e+06	0	-1.91294	
1331	0.000217998	0.3032	0	-1.05e+06	0	-1.91006	
1332	0.000218036	0.303418	0	-1.05e+06	0	-1.90713	
1333	0.000218087	0.303636	0	-1.05e+06	0	-1.90415	
1334	0.00021815	0.303854	0	-1.05e+06	0	-1.90111	
1335	0.000218225	0.304073	0	-1.05e+06	0	-1.89804	
1336	0.000218312	0.304291	0	-1.05e+06	0	-1.89491	
1337	0.00021841	0.304509	0	-1.05e+06	0	-1.89174	
1338	0.000218475	0.304727	0	-1.05e+06	0	-1.88852	
1339	0.000218539	0.304946	0	-1.05e+06	0	-1.88525	
1340	0.000218611	0.305164	0	-1.05e+06	0	-1.88194	
1341	0.000218692	0.305383	0	-1.05e+06	0	-1.87859	
1342	0.000218776	0.305602	0	-1.05e+06	0	-1.87519	
1343	0.000218859	0.305821	0	-1.05e+06	0	-1.87175	
1344	0.000218949	0.306039	0	-1.05e+06	0	-1.86827	
1345	0.000219041	0.306258	0	-1.05e+06	0	-1.86474	
1346	0.000219077	0.306477	0	-1.05e+06	0	-1.86117	
1347	0.000219117	0.306696	0	-1.05e+06	0	-1.85757	
1348	0.000219163	0.306916	0	-1.05e+06	0	-1.85392	
1349	0.000219215	0.307135	0	-1.05e+06	0	-1.85024	
1350	0.000219272	0.307354	0	-1.05e+06	0	-1.84651	
1351	0.000219337	0.307573	0	-1.05e+06	0	-1.84275	
1352	0.000219409	0.307793	0	-1.05e+06	0	-1.83895	
1353	0.000219489	0.308012	0	-1.05e+06	0	-1.83511	
1354	0.000219576	0.308231	0	-1.05e+06	0	-1.83123	
1355	0.000219672	0.308451	0	-1.05e+06	0	-1.82732	
1356	0.000219652	0.308671	0	-1.05e+06	0	-1.82338	
1357	0.000219508	0.30889	0	-1.05e+06	0	-1.8194	
1358	0.000219377	0.30911	0	-1.05e+06	0	-1.81539	
1359	0.000219261	0.309329	0	-1.05e+06	0	-1.81135	
1360	0.000219162	0.309549	0	-1.05e+06	0	-1.80728	
1361	0.000219082	0.309768	0	-1.05e+06	0	-1.80317	
1362	0.000219023	0.309987	0	-1.05e+06	0	-1.79904	
1363	0.000218986	0.310206	0	-1.05e+06	0	-1.79488	
1364	0.000218971	0.310425	0	-1.05e+06	0	-1.79068	
1365	0.00021898	0.310644	0	-1.05e+06	0	-1.78646	
1366	0.000219012	0.310863	0	-1.05e+06	0	-1.7822	
1367	0.000219067	0.311082	0	-1.05e+06	0	-1.77791	
1368	0.000219146	0.311301	0	-1.05e+06	0	-1.77359	
1369	0.000219247	0.31152	0	-1.05e+06	0	-1.76923	
1370	0.00021937	0.311739	0	-1.05e+06	0	-1.76485	
1371	0.000219512	0.311959	0	-1.05e+06	0	-1.76043	
1372	0.000219664	0.312178	0	-1.05e+06	0	-1.75598	
1373	0.000219429	0.312398	0	-1.05e+06	0	-1.75151	
1374	0.000219125	0.312617	0	-1.05e+06	0	-1.74701	
1375	0.000218827	0.312836	0	-1.05e+06	0	-1.74249	
1376	0.00021845	0.313055	0	-1.05e+06	0	-1.73795	
1377	0.000218057	0.313274	0	-1.05e+06	0	-1.73338	
1378	0.000217674	0.313492	0	-1.05e+06	0	-1.7288	
1379	0.000217302	0.313709	0	-1.05e+06	0	-1.7242	
1380	0.000216943	0.313927	0	-1.05e+06	0	-1.71958	
1381	0.000216601	0.314144	0	-1.05e+06	0	-1.71493	
1382	0.000216276	0.31436	0	-1.05e+06	0	-1.71027	
1383	0.000215971	0.314576	0	-1.05e+06	0	-1.70558	
1384	0.000215646	0.314792	0	-1.05e+06	0	-1.70088	
1385	0.000215327	0.315008	0	-1.05e+06	0	-1.69615	
1386	0.000215032	0.315223	0	-1.05e+06	0	-1.6914	
1387	0.000214763	0.315438	0	-1.05e+06	0	-1.68664	
1388	0.00021452	0.315653	0	-1.05e+06	0	-1.68185	
1389	0.000214307	0.315868	0	-1.05e+06	0	-1.67704	
1390	0.000214123	0.316082	0	-1.05e+06	0	-1.6722	
1391	0.000213971	0.316296	0	-1.05e+06	0	-1.66735	
1392	0.00021385	0.31651	0	-1.05e+06	0	-1.66247	
1393	0.000213761	0.316724	0	-1.05e+06	0	-1.65757	
1394	0.000213705	0.316938	0	-1.05e+06	0	-1.65264	
1395	0.000213681	0.317151	0	-1.05e+06	0	-1.64768	
1396	0.000213689	0.317365	0	-1.05e+06	0	-1.6427	
1397	0.000213728	0.317579	0	-1.05e+06	0	-1.6377	
1398	0.000213799	0.317793	0	-1.05e+06	0	-1.63266	
1399	0.000213899	0.318006	0	-1.05e+06	0	-1.6276	
1400	0.000214028	0.31822	0	-1.05e+06	0	-1.62251	
1401	0.000214184	0.318434	0	-1.05e+06	0	-1.61739	
1402	0.000214366	0.318648	0	-1.05e+06	0	-1.61225	
1403	0.000214513	0.318863	0	-1.05e+06	0	-1.60707	
1404	0.000214654	0.319077	0	-1.05e+06	0	-1.60187	
1405	0.000214817	0.319292	0	-1.05e+06	0	-1.59663	
1406	0.000215001	0.319507	0	-1.05e+06	0	-1.59137	
1407	0.000215207	0.319722	0	-1.05e+06	0	-1.58608	
1408	0.000215432	0.319937	0	-1.05e+06	0	-1.58076	
1409	0.000215677	0.320152	0	-1.05e+06	0	-1.57541	
1410	0.00021594	0.320368	0	-1.05e+06	0	-1.57003	
1411	0.00021622	0.320584	0	-1.05e+06	0	-1.56462	
1412	0.000216515	0.3208	0	-1.05e+06	0	-1.55918	
1413	0.000216825	0.321017	0	-1.05e+06	0	-1.55371	
1414	0.000217095	0.321234	0	-1.05e+06	0	-1.5482	
1415	0.000217325	0.321451	0	-1.05e+06	0	-1.54267	
1416	0.00021757	0.321668	0	-1.05e+06	0	-1.53711	
1417	0.000217827	0.321886	0	-1.05e+06	0	-1.53152	
1418	0.000218097	0.322103	0	-1.05e+06	0	-1.52591	
1419	0.000218378	0.322322	0	-1.05e+06	0	-1.52026	
1420	0.000218653	0.32254	0	-1.05e+06	0	-1.51458	
1421	0.000218831	0.322759	0	-1.05e+06	0	-1.50888	
1422	0.000219019	0.322977	0	-1.05e+06	0	-1.50315	
1423	0.000219217	0.323196	0	-1.05e+06	0	-1.49739	
1424	0.000219425	0.323416	0	-1.05e+06	0	-1.49161	
1425	0.000219641	0.323635	0	-1.05e+06	0	-1.4858	
1426	0.000219864	0.323855	0	-1.05e+06	0	-1.47996	
1427	0.000220094	0.324075	0	-1.05e+06	0	-1.4741	
1428	0.000220258	0.324295	0	-1.05e+06	0	-1.46821	
1429	0.000220437	0.324515	0	-1.05e+06	0	-1.4623	
1430	0.000220632	0.324735	0	-1.05e+06	0	-1.45636	
1431	0.000220844	0.324956	0	-1.05e+06	0	-1.45039	
1432	0.000221072	0.325177	0	-1.05e+06	0	-1.4444	
1433	0.000221316	0.325398	0	-1.05e+06	0	-1.43838	
1434	0.000221574	0.325619	0	-1.05e+06	0	-1.43234	
1435	0.000221848	0.325841	0	-1.05e+06	0	-1.42626	
1436	0.000222136	0.326063	0	-1.05e+06	0	-1.42016	
1437	0.000222437	0.326285	0	-1.05e+06	0	-1.41404	
1438	0.000222751	0.326507	0	-1.05e+06	0	-1.40788	
1439	0.000223078	0.32673	0	-1.05e+06	0	-1.4017	
1440	0.000223408	0.326953	0	-1.05e+06	0	-1.39549	
1441	0.000223685	0.327176	0	-1.05e+06	0	-1.38925	
1442	0.000223967	0.3274	0	-1.05e+06	0	-1.38299	
1443	0.000224255	0.327624	0	-1.05e+06	0	-1.3767	
1444	0.000224547	0.327848	0	-1.05e+06	0	-1.37038	
1445	0.000224846	0.328073	0	-1.05e+06	0	-1.36403	
1446	0.000225087	0.328298	0	-1.05e+06	0	-1.35767	
1447	0.000225223	0.328523	0	-1.05e+06	0	-1.35128	
1448	0.000225368	0.328748	0	-1.05e+06	0	-1.34486	
1449	0.000225525	0.328973	0	-1.05e+06	0	-1.33843	
1450	0.000225691	0.329199	0	-1.05e+06	0	-1.33197	
1451	0.000225868	0.329425	0	-1.05e+06	0	-1.3255	
1452	0.000226055	0.32965	0	-1.05e+06	0	-1.319	
1453	0.000226251	0.329877	0	-1.05e+06	0	-1.31247	
1454	0.000226457	0.330103	0	-1.05e+06	0	-1.30593	
1455	0.000226672	0.330329	0	-1.05e+06	0	-1.29936	
1456	0.00022684	0.330556	0	-1.05e+06	0	-1.29278	
1457	0.000226879	0.330783	0	-1.05e+06	0	-1.28617	
1458	0.00022688	0.33101	0	-1.05e+06	0	-1.27955	
1459	0.000226817	0.331237	0	-1.05e+06	0	-1.27292	
1460	0.000226768	0.331463	0	-1.05e+06	0	-1.26627	
1461	0.000226737	0.33169	0	-1.05e+06	0	-1.25962	
1462	0.000226727	0.331917	0	-1.05e+06	0	-1.25294	
1463	0.00022674	0.332144	0	-1.05e+06	0	-1.24626	
1464	0.00022678	0.33237	0	-1.05e+06	0	-1.23955	
1465	0.000226847	0.332597	0	-1.05e+06	0	-1.23284	
1466	0.000226945	0.332824	0	-1.05e+06	0	-1.22611	
1467	0.000227074	0.333051	0	-1.05e+06	0	-1.21936	
1468	0.000227234	0.333278	0	-1.05e+06	0	-1.21259	
1469	0.000227427	0.333505	0	-1.05e+06	0	-1.20581	
1470	0.000227652	0.333733	0	-1.05e+06	0	-1.19901	
1471	0.000227905	0.33396	0	-1.05e+06	0	-1.19219	
1472	0.00022777	0.334188	0	-1.05e+06	0	-1.18536	
1473	0.00022747	0.334416	0	-1.05e+06	0	-1.17854	
1474	0.000227191	0.334643	0	-1.05e+06	0	-1.17171	
1475	0.000226933	0.334871	0	-1.05e+06	0	-1.16488	
1476	0.000226698	0.335098	0	-1.05e+06	0	-1.15804	
1477	0.000226485	0.335324	0	-1.05e+06	0	-1.15121	
1478	0.000226296	0.335551	0	-1.05e+06	0	-1.14437	
1479	0.00022613	0.335777	0	-1.05e+06	0	-1.13753	
1480	0.000225988	0.336003	0	-1.05e+06	0	-1.13069	
1481	0.000225846	0.336229	0	-1.05e+06	0	-1.12384	
1482	0.000225707	0.336455	0	-1.05e+06	0	-1.117	
1483	0.000225591	0.336681	0	-1.05e+06	0	-1.11015	
1484	0.000225495	0.336906	0	-1.05e+06	0	-1.10329	
1485	0.000225419	0.337132	0	-1.05e+06	0	-1.09644	
1486	0.000225364	0.337357	0	-1.05e+06	0	-1.08958	
1487	0.000225326	0.337583	0	-1.05e+06	0	-1.08272	
1488	0.000225307	0.337808	0	-1.05e+06	0	-1.07586	
1489	0.000225304	0.338033	0	-1.05e+06	0	-1.069	
1490	0.000225317	0.338258	0	-1.05e+06	0	-1.06213	
1491	0.000225344	0.338484	0	-1.05e+06	0	-1.05526	
1492	0.000225361	0.338709	0	-1.05e+06	0	-1.04839	
1493	0.000225328	0.338935	0	-1.05e+06	0	-1.04152	
1494	0.00022531	0.33916	0	-1.05e+06	0	-1.03465	
1495	0.000225307	0.339385	0	-1.05e+06	0	-1.02778	
1496	0.000225316	0.33961	0	-1.05e+06	0	-1.02092	
1497	0.000225338	0.339836	0	-1.05e+06	0	-1.01405	
1498	0.000225363	0.340061	0	-1.05e+06	0	-1.00719	
1499	0.000225389	0.340286	0	-1.05e+06	0	-1.00033	
1500	0.000225421	0.340512	0	-1.05e+06	0	-0.993471	
