Time  Displacement
0  -0.000019362032495
0.000000196784311  -0.000077448129978
0.000000393568622  -0.000174258292451
0.000000590352932  -0.000309792519913
0.000000787137243  -0.000484050812365
0.000000983921554  -0.000697033169805
0.000001180705865  -0.000948739592235
0.000001377490176  -0.001239170079654
0.000001574274487  -0.001568324632062
0.000001771058797  -0.001936203249459
0.000001967843108  -0.002342805931845
0.000002164627419  -0.002788132679221
0.000002361411730  -0.003272183491585
0.000002558196041  -0.003794958368939
0.000002754980352  -0.004356457311282
0.000002951764662  -0.004956680318614
0.000003148548973  -0.005595627390936
0.000003345333284  -0.006273298528246
0.000003542117595  -0.006989693730546
0.000003738901906  -0.007744812997835
0.000003935686217  -0.008538656330113
0.000004132470527  -0.009371223727381
0.000004329254838  -0.010242515189637
0.000004526039149  -0.011152530716883
0.000004722823460  -0.012101270309117
0.000004919607771  -0.013088733966341
0.000005116392082  -0.014114921688555
0.000005313176392  -0.015179833475757
0.000005509960703  -0.016283469327948
0.000005706745014  -0.017425829245129
0.000005903529325  -0.018606913227299
0.000006100313636  -0.019826721274458
0.000006297097947  -0.021085253386606
0.000006493882257  -0.022382509563744
0.000006690666568  -0.023718489805870
0.000006887450879  -0.025093194112986
0.000007084235190  -0.026506622485091
0.000007281019501  -0.027958774922184
0.000007477803812  -0.029449651424266
0.000007674588122  -0.030979251991336
0.000007871372433  -0.032547576623393
0.000008068156744  -0.034154625320434
0.000008264941055  -0.035800398082457
0.000008461725366  -0.037484894909457
0.000008658509677  -0.039208115801424
0.000008855293987  -0.040970060758346
0.000009052078298  -0.042770729780201
0.000009248862609  -0.044610122866956
0.000009445646920  -0.046488240018563
0.000009642431231  -0.048405081234945
0.000009839215542  -0.050360646515989
0.000010035999852  -0.052354935861529
0.000010232784163  -0.054387949271321
0.000010429568474  -0.056459686745011
0.000010626352785  -0.058570148282087
0.000010823137096  -0.060719333881821
0.000011019921407  -0.062907243543184
0.000011216705717  -0.065133877264726
0.000011413490028  -0.067399235044429
0.000011610274339  -0.069703316879497
0.000011807058650  -0.072046122766085
0.000012003842961  -0.074427652698944
0.000012200627272  -0.076847906670948
0.000012397411582  -0.079306884672484
0.000012594195893  -0.081804586690668
0.000012790980204  -0.084341012708324
0.000012987764515  -0.086916162702689
0.000013184548826  -0.089530036643761
0.000013381333136  -0.092182634492204
0.000013578117447  -0.094873956196717
0.000013774901758  -0.097604001690728
0.000013971686069  -0.100372770888278
0.000014168470380  -0.103180263678906
0.000014365254691  -0.106026479921337
0.000014562039001  -0.108911419435701
0.000014758823312  -0.111835081994032
0.000014955607623  -0.114797467308656
0.000015152391934  -0.117798575018122
0.000015349176245  -0.120838404670177
0.000015545960556  -0.123916955701284
0.000015742744866  -0.127034227412071
0.000015939529177  -0.130190218938011
0.000016136313488  -0.133384929214577
0.000016333097799  -0.136618356935955
0.000016529882110  -0.139890500506354
0.000016726666421  -0.143201357982779
0.000016923450731  -0.146550927008053
0.000017120235042  -0.149939204732705
0.000017317019353  -0.153366187724235
0.000017513803664  -0.156831871862102
0.000017710587975  -0.160336252216650
0.000017907372286  -0.163879322910045
0.000018104156596  -0.167461076957125
0.000018300940907  -0.171081506083968
0.000018497725218  -0.174740600521804
0.000018694509529  -0.178438348773817
0.000018891293840  -0.182174737352239
0.000019088078151  -0.185949750483090
0.000019284862461  -0.189763369775807
0.000019481646772  -0.193615573855025
0.000019678431083  -0.197506337951740
0.000019875215394  -0.201435633451128
0.000020071999705  -0.205403427394415
0.000020268784016  -0.209409681932298
0.000020465568326  -0.213454353727644
0.000020662352637  -0.217537393305462
0.000020859136948  -0.221658744348458
0.000021055921259  -0.225818342936915
0.000021252705570  -0.230016116732112
0.000021449489881  -0.234251984103063
0.000021646274191  -0.238525853197014
0.000021843058502  -0.242837620954829
0.000022039842813  -0.247187172073231
0.000022236627124  -0.251574377916703
0.000022433411435  -0.255999095382812
0.000022630195746  -0.260461165725678
0.000022826980056  -0.264960413343376
0.000023023764367  -0.269496644536072
0.000023220548678  -0.274069646242810
0.000023417332989  -0.278679184765884
0.000023614117300  -0.283325004492776
0.000023810901611  -0.288006826626623
0.000024007685921  -0.292724347937063
0.000024204470232  -0.297477239544091
0.000024401254543  -0.302265145748263
0.000024598038854  -0.307087682921048
0.000024794823165  -0.311944438469506
0.000024991607476  -0.316834969889586
0.000025188391786  -0.321758803922262
0.000025385176097  -0.326715435826433
0.000025581960408  -0.331704328781943
0.000025778744719  -0.336724913435297
0.000025975529030  -0.341776587599616
0.000026172313341  -0.346858716119070
0.000026369097651  -0.351970630906563
0.000026565881962  -0.357111631161710
0.000026762666273  -0.362280983774264
0.000026959450584  -0.367477923916125
0.000027156234895  -0.372701655822889
0.000027353019205  -0.377951353763676
0.000027549803516  -0.383226163195733
0.000027746587827  -0.388525202098025
0.000027943372138  -0.393847562475851
0.000028140156449  -0.399192312026449
0.000028336940760  -0.404558495953563
0.000028533725070  -0.409945138917215
0.000028730509381  -0.415351247103367
0.000028927293692  -0.420775810396842
0.000029124078003  -0.426217804639854
0.000029320862314  -0.431676193957762
0.000029517646625  -0.437149933133196
0.000029714430935  -0.442637970009573
0.000029911215246  -0.448139247905170
0.000030107999557  -0.453652708019356
0.000030304783868  -0.459177291813295
0.000030501568179  -0.464711943348392
0.000030698352490  -0.470255611566898
0.000030895136800  -0.475807252500502
0.000031091921111  -0.481365831394201
0.000031288705422  -0.486930324734409
0.000031485489733  -0.492499722171969
0.000031682274044  -0.498073028332495
0.000031879058355  -0.503649264508247
0.000032075842665  -0.509227470227479
0.000032272626976  -0.514806704698911
0.000032469411287  -0.520386048130559
0.000032666195598  -0.525964602923682
0.000032862979909  -0.531541494743935
0.000033059764220  -0.537115873473072
0.000033256548530  -0.542686914045568
0.000033453332841  -0.548253817175412
0.000033650117152  -0.553815809979044
0.000033846901463  -0.559372146500902
0.000034043685774  -0.564922108148394
0.000034240470085  -0.570465004043293
0.000034437254395  -0.576000171296507
0.000034634038706  -0.581526975213065
0.000034830823017  -0.587044809433815
0.000035027607328  -0.592553096019919
0.000035224391639  -0.598051285485670
0.000035421175950  -0.603538856784522
0.000035617960260  -0.609015317252507
0.000035814744571  -0.614480202512449
0.000036011528882  -0.619933076341581
0.000036208313193  -0.625373530504365
0.000036405097504  -0.630801184551523
0.000036601881815  -0.636215685585533
0.000036798666125  -0.641616707992129
0.000036995450436  -0.647003953136728
0.000037192234747  -0.652377149024172
0.000037389019058  -0.657736049919764
0.000037585803369  -0.663080435929264
0.000037782587680  -0.668410112535369
0.000037979371990  -0.673724910088187
0.000038176156301  -0.679024683247344
0.000038372940612  -0.684309310373651
0.000038569724923  -0.689578692868682
0.000038766509234  -0.694832754461193
0.000038963293545  -0.700071440439973
0.000039160077855  -0.705294716833554
0.000039356862166  -0.710502569538056
0.000039553646477  -0.715695003395414
0.000039750430788  -0.720872041225243
0.000039947215099  -0.726033722814547
0.000040143999409  -0.731180103870544
0.000040340783720  -0.736311254942746
0.000040537568031  -0.741427260321368
0.000040734352342  -0.746528216919866
0.000040931136653  -0.751614233150056
0.000041127920964  -0.756685427798783
0.000041324705274  -0.761741928915392
0.000041521489585  -0.766783872719441
0.000041718273896  -0.771811402538012
0.000041915058207  -0.776824667781753
0.000042111842518  -0.781823822968357
0.000042308626829  -0.786809026801524
0.000042505411139  -0.791780441312713
0.000042702195450  -0.796738231071994
0.000042898979761  -0.801682562473253
0.000043095764072  -0.806613603097832
0.000043292548383  -0.811531521159406
0.000043489332694  -0.816436485031628
0.000043686117004  -0.821328662858780
0.000043882901315  -0.826208222248402
0.000044079685626  -0.831075330043693
0.000044276469937  -0.835930152172398
0.000044473254248  -0.840772853567951
0.000044670038559  -0.845603598157860
0.000044866822869  -0.850422548913737
0.000045063607180  -0.855229867956989
0.000045260391491  -0.860025716714005
0.000045457175802  -0.864810256114725
0.000045653960113  -0.869583646828742
0.000045850744424  -0.874346049533533
0.000046047528734  -0.879097625210063
0.000046244313045  -0.883838535461825
0.000046441097356  -0.888568942854264
0.000046637881667  -0.893289011272572
0.000046834665978  -0.897998906296893
0.000047031450289  -0.902698795595002
0.000047228234599  -0.907388849333560
0.000047425018910  -0.912069240609940
0.000047621803221  -0.916740145907379
0.000047818587532  -0.921401745576841
0.000048015371843  -0.926054224349287
0.000048212156154  -0.930697771882256
0.000048408940464  -0.935332583344432
0.000048605724775  -0.939958860041525
0.000048802509086  -0.944576810086028
0.000048999293397  -0.949186649112438
0.000049196077708  -0.953788601038279
0.000049392862019  -0.958382898869731
0.000049589646329  -0.962969785549012
0.000049786430640  -0.967549514838725
0.000049983214951  -0.972122352236463
0.000050179999262  -0.976688575910877
0.000050376783573  -0.981248477648401
0.000050573567884  -0.985802363797845
0.000050770352194  -0.990350556198238
0.000050967136505  -0.994893393073645
0.000051163920816  -0.999431229877298
0.000051360705127  -1.003964440066278
0.000051557489438  -1.008493415787269
0.000051754273749  -1.013018568453556
0.000051951058059  -1.017540329193533
0.000052147842370  -1.022059149151515
0.000052344626681  -1.026575499622661
0.000052541410992  -1.031089872005264
0.000052738195303  -1.035602777555540
0.000052934979614  -1.040114746932416
0.000053131763924  -1.044626329522473
0.000053328548235  -1.049138092538287
0.000053525332546  -1.053650619886714
0.000053722116857  -1.058164510807231
0.000053918901168  -1.062680378284131
0.000054115685478  -1.067198847240129
0.000054312469789  -1.071720552522702
0.000054509254100  -1.076246136698081
0.000054706038411  -1.080776247671319
0.000054902822722  -1.085311536153998
0.000055099607033  -1.089852653003955
0.000055296391343  -1.094400246463816
0.000055493175654  -1.098954959326976
0.000055689959965  -1.103517426061017
0.000055886744276  -1.108088269919272
0.000056083528587  -1.112668100071330
0.000056280312898  -1.117257508782756
0.000056477097208  -1.121857068673112
0.000056673881519  -1.126467330079581
0.000056870665830  -1.131088818551152
0.000057067450141  -1.135722032495470
0.000057264234452  -1.140367440997185
0.000057461018763  -1.145025481823003
0.000057657803073  -1.149696559624842
0.000057854587384  -1.154381044348510
0.000058051371695  -1.159079269851419
0.000058248156006  -1.163791532728993
0.000058444940317  -1.168518091345896
0.000058641724628  -1.173259165064928
0.000058838508938  -1.178014933663704
0.000059035293249  -1.182785536926896
0.000059232077560  -1.187571074400186
0.000059428861871  -1.192371605290915
0.000059625646182  -1.197187148499994
0.000059822430493  -1.202017682769717
0.000060019214803  -1.206863146932829
0.000060215999114  -1.211723440249350
0.000060412783425  -1.216598422819267
0.000060609567736  -1.221487916061110
0.000060806352047  -1.226391703248544
0.000061003136358  -1.231309530099327
0.000061199920668  -1.236241105413172
0.000061396704979  -1.241186101757108
0.000061593489290  -1.246144156198748
0.000061790273601  -1.251114871089374
0.000061987057912  -1.256097814899802
0.000062183842223  -1.261092523112667
0.000062380626533  -1.266098499174863
0.000062577410844  -1.271115215513559
0.000062774195155  -1.276142114618377
0.000062970979466  -1.281178610191048
0.000063167763777  -1.286224088362214
0.000063364548088  -1.291277908973122
0.000063561332398  -1.296339406917749
0.000063758116709  -1.301407893538661
0.000063954901020  -1.306482658067584
0.000064151685331  -1.311562969099483
0.000064348469642  -1.316648076086960
0.000064545253953  -1.321737210840037
0.000064742038263  -1.326829589015099
0.000064938822574  -1.331924411575845
0.000065135606885  -1.337020866208736
0.000065332391196  -1.342118128675520
0.000065529175507  -1.347215364086123
0.000065725959818  -1.352311728076373
0.000065922744128  -1.357406367876744
0.000066119528439  -1.362498423260446
0.000066316312750  -1.367587027361797
0.000066513097061  -1.372671307358625
0.000066709881372  -1.377750385015607
0.000066906665682  -1.382823377088695
0.000067103449993  -1.387889395594027
0.000067300234304  -1.392947547948011
0.000067497018615  -1.397996936988282
0.000067693802926  -1.403036660888129
0.000067890587237  -1.408065812979432
0.000068087371547  -1.413083481501349
0.000068284155858  -1.418088749293599
0.000068480940169  -1.423080693454469
0.000068677724480  -1.428058384984306
0.000068874508791  -1.433020888435508
0.000069071293102  -1.437967261589689
0.000069268077412  -1.442896555181916
0.000069464861723  -1.447807812690728
0.000069661646034  -1.452700070210980
0.000069858430345  -1.457572356424647
0.000070055214656  -1.462423692682452
0.000070251998967  -1.467253093206773
0.000070448783277  -1.472059565423647
0.000070645567588  -1.476842110429066
0.000070842351899  -1.481599723592019
0.000071039136210  -1.486331395294141
0.000071235920521  -1.491036111803248
0.000071432704832  -1.495712856275664
0.000071629489142  -1.500360609880008
0.000071826273453  -1.504978353033166
0.000072023057764  -1.509565066737351
0.000072219842075  -1.514119734005754
0.000072416626386  -1.518641341362981
0.000072613410697  -1.523128880405605
0.000072810195007  -1.527581349407405
0.000073006979318  -1.531997754953499
0.000073203763629  -1.536377113587351
0.000073400547940  -1.540718453454697
0.000073597332251  -1.545020815928664
0.000073794116562  -1.549283257200803
0.000073990900872  -1.553504849823324
0.000074187685183  -1.557684684188557
0.000074384469494  -1.561821869932512
0.000074581253805  -1.565915537250326
0.000074778038116  -1.569964838112431
0.000074974822427  -1.573968947371321
0.000075171606737  -1.577927063749923
0.000075368391048  -1.581838410703753
0.000075565175359  -1.585702237150179
0.000075761959670  -1.589517818059317
0.000075958743981  -1.593284454902310
0.000076155528292  -1.597001475953901
0.000076352312602  -1.600668236447468
0.000076549096913  -1.604284118581877
0.000076745881224  -1.607848531380716
0.000076942665535  -1.611360910405712
0.000077139449846  -1.614820717327341
0.000077336234157  -1.618227439356824
0.000077533018467  -1.621580588544967
0.000077729802778  -1.624879700954458
0.000077926587089  -1.628124335713451
0.000078123371400  -1.631314073959422
0.000078320155711  -1.634448517683439
0.000078516940022  -1.637527288486080
0.000078713724332  -1.640550026257276
0.000078910508643  -1.643516387793364
0.000079107292954  -1.646426045365508
0.000079304077265  -1.649278685254454
0.000079500861576  -1.652074006267288
0.000079697645886  -1.654811718252382
0.000079894430197  -1.657491540629147
0.000080091214508  -1.660113200949407
0.000080287998819  -1.662676433507298
0.000080484783130  -1.665180978014422
0.000080681567441  -1.667626578356652
0.000080878351751  -1.670012981448440
0.000081075136062  -1.672339936199718
0.000081271920373  -1.674607192609498
0.000081468704684  -1.676814500999128
0.000081665488995  -1.678961611396791
0.000081862273306  -1.681048273083290
0.000082059057616  -1.683074234307486
0.000082255841927  -1.685039242177902
0.000082452626238  -1.686943042735074
0.000082649410549  -1.688785381207217
0.000082846194860  -1.690566002449672
0.000083042979171  -1.692284651566516
0.000083239763481  -1.693941074710637
0.000083436547792  -1.695535020056515
0.000083633332103  -1.697066238937990
0.000083830116414  -1.698534487141443
0.000084026900725  -1.699939526343065
0.000084223685036  -1.701281125677338
0.000084420469346  -1.702559063422443
0.000084617253657  -1.703773128787115
0.000084814037968  -1.704923123782480
0.000085010822279  -1.706008865161638
0.000085207606590  -1.707030186409203
0.000085404390901  -1.707986939762685
0.000085601175211  -1.708878998247488
0.000085797959522  -1.709706257707394
0.000085994743833  -1.710468638812682
0.000086191528144  -1.711166089028492
0.000086388312455  -1.711798584526683
0.000086585096766  -1.712366132025158
0.000086781881076  -1.712868770539538
0.000086978665387  -1.713306573032996
0.000087175449698  -1.713679647951130
0.000087372234009  -1.713988140629836
0.000087569018320  -1.714232234565261
0.000087765802631  -1.714412152536098
0.000087962586941  -1.714528157569605
0.000088159371252  -1.714580553743935
0.000088356155563  -1.714569686820482
0.000088552939874  -1.714495944701116
0.000088749724185  -1.714359757706306
0.000088946508496  -1.714161598671220
0.000089143292806  -1.713901982858030
0.000089340077117  -1.713581467683673
0.000089536861428  -1.713200652263418
0.000089733645739  -1.712760176771572
0.000089930430050  -1.712260721621702
0.000090127214361  -1.711703006469641
0.000090323998671  -1.711087789043507
0.000090520782982  -1.710415863805775
0.000090717567293  -1.709688060453206
0.000090914351604  -1.708905242261158
0.000091111135915  -1.708068304279342
0.000091307920226  -1.707178171386612
0.000091504704536  -1.706235796212713
0.000091701488847  -1.705242156935179
0.000091898273158  -1.704198254959685
0.000092095057469  -1.703105112492193
0.000092291841780  -1.701963770011136
0.000092488626091  -1.700775283647711
0.000092685410401  -1.699540722482140
0.000092882194712  -1.698261165763469
0.000093078979023  -1.696937700060222
0.000093275763334  -1.695571416348991
0.000093472547645  -1.694163407047875
0.000093669331955  -1.692714763001617
0.000093866116266  -1.691226570425408
0.000094062900577  -1.689699907814550
0.000094259684888  -1.688135842827690
0.000094456469199  -1.686535429152009
0.000094653253510  -1.684899703359696
0.000094850037820  -1.683229681766244
0.000095046822131  -1.681526357302497
0.000095243606442  -1.679790696413999
0.000095440390753  -1.678023636003050
0.000095637175064  -1.676226080430747
0.000095833959375  -1.674398898598339
0.000096030743685  -1.672542921129236
0.000096227527996  -1.670658937674944
0.000096424312307  -1.668747694370013
0.000096621096618  -1.666809891462623
0.000096817880929  -1.664846181148690
0.000097014665240  -1.662857165638189
0.000097211449550  -1.660843395482758
0.000097408233861  -1.658805368193433
0.000097605018172  -1.656743527176574
0.000097801802483  -1.654658261014581
0.000097998586794  -1.652549903115893
0.000098195371105  -1.650418731755926
0.000098392155415  -1.648264970527176
0.000098588939726  -1.646088789212561
0.000098785724037  -1.643890305091369
0.000098982508348  -1.641669584681969
0.000099179292659  -1.639426645919731
0.000099376076970  -1.637161460762583
0.000099572861280  -1.634873958210379
0.000099769645591  -1.632564027717877
0.000099966429902  -1.630231522974759
0.000100163214213  -1.627876266019968
0.000100359998524  -1.625498051651700
0.000100556782835  -1.623096652088974
0.000100753567145  -1.620671821835798
0.000100950351456  -1.618223302694781
0.000101147135767  -1.615750828873688
0.000101343920078  -1.613254132125997
0.000101540704389  -1.610732946865081
0.000101737488700  -1.608187015191292
0.000101934273010  -1.605616091771931
0.000102131057321  -1.603019948515973
0.000102327841632  -1.600398378988300
0.000102524625943  -1.597751202512202
0.000102721410254  -1.595078267913808
0.000102918194565  -1.592379456867871
0.000103114978875  -1.589654686810815
0.000103311763186  -1.586903913393966
0.000103508547497  -1.584127132457318
0.000103705331808  -1.581324381511759
0.000103902116119  -1.578495740725332
0.000104098900430  -1.575641333416516
0.000104295684740  -1.572761326064620
0.000104492469051  -1.569855927853955
0.000104689253362  -1.566925389774373
0.000104886037673  -1.563970003305939
0.000105082821984  -1.560990098719799
0.000105279606295  -1.557986043030731
0.000105476390605  -1.554958237639381
0.000105673174916  -1.551907115703733
0.000105869959227  -1.548833139280116
0.000106066743538  -1.545736796273965
0.000106263527849  -1.542618597239762
0.000106460312159  -1.539479072068198
0.000106657096470  -1.536318766596763
0.000106853880781  -1.533138239177736
0.000107050665092  -1.529938057235136
0.000107247449403  -1.526718793839681
0.000107444233714  -1.523481024328273
0.000107641018024  -1.520225322992176
0.000107837802335  -1.516952259855829
0.000108034586646  -1.513662397566336
0.000108231370957  -1.510356288412014
0.000108428155268  -1.507034471487072
0.000108624939579  -1.503697470018468
0.000108821723889  -1.500345788870212
0.000109018508200  -1.496979912239896
0.000109215292511  -1.493600301561804
0.000109412076822  -1.490207393630708
0.000109608861133  -1.486801598960119
0.000109805645444  -1.483383300388388
0.000110002429754  -1.479952851945480
0.000110199214065  -1.476510577992398
0.000110395998376  -1.473056772644080
0.000110592782687  -1.469591699485025
0.000110789566998  -1.466115591584926
0.000110986351309  -1.462628651819135
0.000111183135619  -1.459131053495892
0.000111379919930  -1.455622941288918
0.000111576704241  -1.452104432470232
0.000111773488552  -1.448575618433986
0.000111970272863  -1.445036566497793
0.000112167057174  -1.441487321963523
0.000112363841484  -1.437927910415018
0.000112560625795  -1.434358340225652
0.000112757410106  -1.430778605244414
0.000112954194417  -1.427188687625151
0.000113150978728  -1.423588560760063
0.000113347763039  -1.419978192275511
0.000113544547349  -1.416357547045808
0.000113741331660  -1.412726590179037
0.000113938115971  -1.409085289928067
0.000114134900282  -1.405433620479995
0.000114331684593  -1.401771564578137
0.000114528468904  -1.398099115932500
0.000114725253214  -1.394416281377391
0.000114922037525  -1.390723082738322
0.000115118821836  -1.387019558374756
0.000115315606147  -1.383305764370196
0.000115512390458  -1.379581775346814
0.000115709174769  -1.375847684887859
0.000115905959079  -1.372103605557573
0.000116102743390  -1.368349668514968
0.000116299527701  -1.364586022724537
0.000116496312012  -1.360812833773618
0.000116693096323  -1.357030282312486
0.000116889880634  -1.353238562139333
0.000117086664944  -1.349437877957820
0.000117283449255  -1.345628442839880
0.000117480233566  -1.341810475430725
0.000117677017877  -1.337984196936587
0.000117873802188  -1.334149827938462
0.000118070586499  -1.330307585077087
0.000118267370809  -1.326457677655490
0.000118464155120  -1.322600304205751
0.000118660939431  -1.318735649066153
0.000118857723742  -1.314863879013673
0.000119054508053  -1.310985139994874
0.000119251292363  -1.307099553995758
0.000119448076674  -1.303207216088131
0.000119644860985  -1.299308191686518
0.000119841645296  -1.295402514045897
0.000120038429607  -1.291490182026366
0.000120235213918  -1.287571158146639
0.000120431998228  -1.283645366943880
0.000120628782539  -1.279712693653025
0.000120825566850  -1.275772983214462
0.000121022351161  -1.271826039614765
0.000121219135472  -1.267871625561264
0.000121415919783  -1.263909462487504
0.000121612704093  -1.259939230883314
0.000121809488404  -1.255960570940105
0.000122006272715  -1.251973083499388
0.000122203057026  -1.247976331290135
0.000122399841337  -1.243969840438715
0.000122596625648  -1.239953102233546
0.000122793409958  -1.235925575125388
0.000122990194269  -1.231886686943320
0.000123186978580  -1.227835837305840
0.000123383762891  -1.223772400206178
0.000123580547202  -1.219695726750801
0.000123777331513  -1.215605148030113
0.000123974115823  -1.211499978100529
0.000124170900134  -1.207379517057375
0.000124367684445  -1.203243054178367
0.000124564468756  -1.199089871117771
0.000124761253067  -1.194919245131692
0.000124958037378  -1.190730452315294
0.000125154821688  -1.186522770833073
0.000125351605999  -1.182295484123683
0.000125548390310  -1.178047884061134
0.000125745174621  -1.173779274054652
0.000125941958932  -1.169488972069944
0.000126138743243  -1.165176313555255
0.000126335527553  -1.160840654256367
0.000126532311864  -1.156481372905644
0.000126729096175  -1.152097873771408
0.000126925880486  -1.147689589055360
0.000127122664797  -1.143255981127368
0.000127319449108  -1.138796544588905
0.000127516233418  -1.134310808158452
0.000127713017729  -1.129798336374512
0.000127909802040  -1.125258731114260
0.000128106586351  -1.120691632928315
0.000128303370662  -1.116096722194535
0.000128500154973  -1.111473720096082
0.000128696939283  -1.106822389431087
0.000128893723594  -1.102142535263083
0.000129090507905  -1.097434005422817
0.000129287292216  -1.092696690873024
0.000129484076527  -1.087930525948236
0.000129680860838  -1.083135488481594
0.000129877645148  -1.078311599829961
0.000130074429459  -1.073458924807385
0.000130271213770  -1.068577571535106
0.000130467998081  -1.063667691214010
0.000130664782392  -1.058729477822612
0.000130861566703  -1.053763167740528
0.000131058351013  -1.048769039294009
0.000131255135324  -1.043747412216645
0.000131451919635  -1.038698647014848
0.000131648703946  -1.033623144224447
0.000131845488257  -1.028521343541757
0.000132042272568  -1.023393722809987
0.000132239056878  -1.018240796839940
0.000132435841189  -1.013063116042834
0.000132632625500  -1.007861264852721
0.000132829409811  -1.002635859916626
0.000133026194122  -0.997387548032095
0.000133222978432  -0.992117003814468
0.000133419762743  -0.986824927079791
0.000133616547054  -0.981512039933836
0.000133813331365  -0.976179083563172
0.000134010115676  -0.970826814730419
0.000134206899987  -0.965456001982688
0.000134403684297  -0.960067421589464
0.000134600468608  -0.954661853233776
0.000134797252919  -0.949240075488039
0.000134994037230  -0.943802861113362
0.000135190821541  -0.938350972228084
0.000135387605852  -0.932885155397581
0.000135584390162  -0.927406136702852
0.000135781174473  -0.921914616849770
0.000135977958784  -0.916411266383989
0.000136174743095  -0.910896721078306
0.000136371527406  -0.905371577559559
0.000136568311717  -0.899836389240921
0.000136765096027  -0.894291662622737
0.000136961880338  -0.888737854020818
0.000137158664649  -0.883175366775519
0.000137355448960  -0.877604548988061
0.000137552233271  -0.872025691822634
0.000137749017582  -0.866439028404000
0.000137945801892  -0.860844733330892
0.000138142586203  -0.855242922815635
0.000138339370514  -0.849633655450516
0.000138536154825  -0.844016933591553
0.000138732939136  -0.838392705340930
0.000138929723447  -0.832760867100528
0.000139126507757  -0.827121266661009
0.000139323292068  -0.821473706783928
0.000139520076379  -0.815817949228507
0.000139716860690  -0.810153719170100
0.000139913645001  -0.804480709954024
0.000140110429312  -0.798798588126426
0.000140307213622  -0.793106998683038
0.000140503997933  -0.787405570477063
0.000140700782244  -0.781693921728905
0.000140897566555  -0.775971665582806
0.000141094350866  -0.770238415658640
0.000141291135177  -0.764493791550821
0.000141487919487  -0.758737424230466
0.000141684703798  -0.752968961311340
0.000141881488109  -0.747188072144563
0.000142078272420  -0.741394452711463
0.000142275056731  -0.735587830288105
0.000142471841042  -0.729767967858875
0.000142668625352  -0.723934668260002
0.000142865409663  -0.718087778036893
0.000143062193974  -0.712227191001823
0.000143258978285  -0.706352851480673
0.000143455762596  -0.700464757239322
0.000143652546907  -0.694562962081801
0.000143849331217  -0.688647578113738
0.000144046115528  -0.682718777665881
0.000144242899839  -0.676776794873745
0.000144439684150  -0.670821926910848
0.000144636468461  -0.664854534874524
0.000144833252772  -0.658875044325123
0.000145030037082  -0.652883945481505
0.000145226821393  -0.646881793078142
0.000145423605704  -0.640869205891825
0.000145620390015  -0.634846865948939
0.000145817174326  -0.628815517427385
0.000146013958636  -0.622775965270450
0.000146210742947  -0.616729073533125
0.000146407527258  -0.610675763484383
0.000146604311569  -0.604617011491659
0.000146801095880  -0.598553846716065
0.000146997880191  -0.592487348648542
0.000147194664501  -0.586418644518155
0.000147391448812  -0.580348906603849
0.000147588233123  -0.574279349480291
0.000147785017434  -0.568211227226638
0.000147981801745  -0.562145830624469
0.000148178586056  -0.556084484367432
0.000148375370366  -0.550028544300692
0.000148572154677  -0.543979394703004
0.000148768938988  -0.537938445618352
0.000148965723299  -0.531907130237813
0.000149162507610  -0.525886902325827
0.000149359291921  -0.519879233678599
0.000149556076231  -0.513885611596266
0.000149752860542  -0.507907536344903
0.000149949644853  -0.501946518579788
0.000150146429164  -0.496004076697733
0.000150343213475  -0.490081734084069
0.000150539997786  -0.484181016219100
0.000150736782096  -0.478303447609733
0.000150933566407  -0.472450548514642
0.000151130350718  -0.466623831435632
0.000151327135029  -0.460824797353937
0.000151523919340  -0.455054931697771
0.000151720703651  -0.449315700036416
0.000151917487961  -0.443608543506186
0.000152114272272  -0.437934873984503
0.000152311056583  -0.432296069039572
0.000152507840894  -0.426693466694490
0.000152704625205  -0.421128360055530
0.000152901409516  -0.415601991864431
0.000153098193826  -0.410115549043374
0.000153294978137  -0.404670157308538
0.000153491762448  -0.399266875933351
0.000153688546759  -0.393906692745523
0.000153885331070  -0.388590519442489
0.000154082115381  -0.383319187307816
0.000154278899691  -0.378093443406495
0.000154475684002  -0.372913947329968
0.000154672468313  -0.367781268552263
0.000154869252624  -0.362695884447246
0.000155066036935  -0.357658179003933
0.000155262821246  -0.352668442262562
0.000155459605556  -0.347726870479234
0.000155656389867  -0.342833567011843
0.000155853174178  -0.337988543905354
0.000156049958489  -0.333191724140705
0.000156246742800  -0.328442944499241
0.000156443527111  -0.323741958984051
0.000156640311421  -0.319088442731149
0.000156837095732  -0.314481996337531
0.000157033880043  -0.309922150529665
0.000157230664354  -0.305408371095207
0.000157427448665  -0.300940064002423
0.000157624232976  -0.296516580635859
0.000157821017286  -0.292137223082919
0.000158017801597  -0.287801249413846
0.000158214585908  -0.283507878906710
0.000158411370219  -0.279256297178908
0.000158608154530  -0.275045661196951
0.000158804938841  -0.270875104146323
0.000159001723151  -0.266743740152639
0.000159198507462  -0.262650668853587
0.000159395291773  -0.258594979828059
0.000159592076084  -0.254575756893937
0.000159788860395  -0.250592082289225
0.000159985644705  -0.246643040752359
0.000160182429016  -0.242727723516688
0.000160379213327  -0.238845232231345
0.000160575997638  -0.234994682816322
0.000160772781949  -0.231175209253698
0.000160969566260  -0.227385967310140
0.000161166350570  -0.223626138178318
0.000161363134881  -0.219894932017255
0.000161559919192  -0.216191591364285
0.000161756703503  -0.212515394384719
0.000161953487814  -0.208865657919817
0.000162150272125  -0.205241740289764
0.000162347056435  -0.201643043806116
0.000162543840746  -0.198069016948066
0.000162740625057  -0.194519156158768
0.000162937409368  -0.190993007222058
0.000163134193679  -0.187490166186022
0.000163330977990  -0.184010279807898
0.000163527762300  -0.180553045504433
0.000163724546611  -0.177118210802820
0.000163921330922  -0.173705572299163
0.000164118115233  -0.170314974143808
0.000164314899544  -0.166946306085179
0.000164511683855  -0.163599501115584
0.000164708468165  -0.160274532773323
0.000164905252476  -0.156971412164806
0.000165102036787  -0.153690184777967
0.000165298821098  -0.150430927163585
0.000165495605409  -0.147193743564048
0.000165692389720  -0.143978762569278
0.000165889174030  -0.140786133877103
0.000166085958341  -0.137616025230144
0.000166282742652  -0.134468619593554
0.000166479526963  -0.131344112627885
0.000166676311274  -0.128242710499296
0.000166873095585  -0.125164628055698
0.000167069879895  -0.122110087382690
0.000167266664206  -0.119079316737869
0.000167463448517  -0.116072549846787
0.000167660232828  -0.113090025529088
0.000167857017139  -0.110131987609695
0.000168053801450  -0.107198685057868
0.000168250585760  -0.104290372286960
0.000168447370071  -0.101407309540116
0.000168644154382  -0.098549763282334
0.000168840938693  -0.095718006517366
0.000169037723004  -0.092912318949088
0.000169234507315  -0.090132986911047
0.000169431291625  -0.087380302994991
0.000169628075936  -0.084654565318915
0.000169824860247  -0.081956076387349
0.000170021644558  -0.079285141510823
0.000170218428869  -0.076642066767254
0.000170415213180  -0.074027156504874
0.000170611997490  -0.071440710403781
0.000170808781801  -0.068883020130546
0.000171005566112  -0.066354365637133
0.000171202350423  -0.063855011171008
0.000171399134734  -0.061385201077200
0.000171595919045  -0.058945155484856
0.000171792703355  -0.056535065979914
0.000171989487666  -0.054155091371774
0.000172186271977  -0.051805353664848
0.000172383056288  -0.049485934345602
0.000172579840599  -0.047196871092166
0.000172776624909  -0.044938155006718
0.000172973409220  -0.042709728461077
0.000173170193531  -0.040511483633343
0.000173366977842  -0.038343261798617
0.000173563762153  -0.036204853420083
0.000173760546464  -0.034095999068797
0.000173957330774  -0.032016391181774
0.000174154115085  -0.029965676649140
0.000174350899396  -0.027943460202760
0.000174547683707  -0.025949308561419
0.000174744468018  -0.023982755271831
0.000174941252329  -0.022043306171063
0.000175138036639  -0.020130445384557
0.000175334820950  -0.018243641765332
0.000175531605261  -0.016382355674192
0.000175728389572  -0.014546045998051
0.000175925173883  -0.012734177303738
0.000176121958194  -0.010946227027839
0.000176318742504  -0.009181692609065
0.000176515526815  -0.007440098477937
0.000176712311126  -0.005721002829120
0.000176909095437  -0.004024004113870
0.000177105879748  -0.002348747203537
0.000177302664059  -0.000694929189300
0.000177499448369  0.000937695202166
0.000177696232680  0.002549308583050
0.000177893016991  0.004140026261082
0.000178089801302  0.005709891958339
0.000178286585613  0.007258873861015
0.000178483369924  0.008786860959939
0.000178680154234  0.010293659634885
0.000178876938545  0.011778990431338
0.000179073722856  0.013242484976759
0.000179270507167  0.014683682984427
0.000179467291478  0.016102029296792
0.000179664075789  0.017496870926723
0.000179860860099  0.018867454064122
0.000180057644410  0.020212921026657
0.000180254428721  0.021532307146731
0.000180451213032  0.022824537601780
0.000180647997343  0.024088424211186
0.000180844781654  0.025322662240085
0.000181041565964  0.026525827267611
0.000181238350275  0.027696372194156
0.000181435134586  0.028832624478598
0.000181631918897  0.029932783711558
0.000181828703208  0.030994919644290
0.000182025487519  0.032016970804239
0.000182222271829  0.032996743837321
0.000182419056140  0.033931913723315
0.000182615840451  0.034820025014064
0.000182812624762  0.035658494244374
0.000183009409073  0.036444613662329
0.000183206193384  0.037175556419225
0.000183402977694  0.037848383349235
0.000183599762005  0.038460051455354
0.000183796546316  0.039007424200951
0.000183993330627  0.039487283685372
0.000184190114938  0.039896344757433
0.000184386899249  0.040231271092197
0.000184583683559  0.040488693224065
0.000184780467870  0.040665228492941
0.000184977252181  0.040757502819971
0.000185174036492  0.040762174185262
0.000185370820803  0.040675957632352
0.000185567605113  0.040495651573471
0.000185764389424  0.040218165116634
0.000185961173735  0.039840546081484
0.000186157958046  0.039360009317139
0.000186354742357  0.038773964884074
0.000186551526668  0.038080045615752
0.000186748310978  0.037276133537141
0.000186945095289  0.036360384589443
0.000187141879600  0.035331251096540
0.000187338663911  0.034187501411814
0.000187535448222  0.032928236206631
0.000187732232533  0.031552900905811
0.000187929016843  0.030061293841487
0.000188125801154  0.028453569784425
0.000188322585465  0.026730238619101
0.000188519369776  0.024892159052098
0.000188716154087  0.022940527377945
0.000188912938398  0.020876861466254
0.000189109722708  0.018702980272461
0.000189306507019  0.016420979304690
0.000189503291330  0.014033202594918
0.000189700075641  0.011542211818069
0.000189896859952  0.008950753273786
0.000190093644263  0.006261723489768
0.000190290428573  0.003478134221807
0.000190487212884  0.000603077614906
0.000190683997195  -0.002360307745771
0.000190880781506  -0.005408869222313
0.000191077565817  -0.008539470352398
0.000191274350128  -0.011749018408163
0.000191471134438  -0.015034488870758
0.000191667918749  -0.018392946505536
0.000191864703060  -0.021821562823334
0.000192061487371  -0.025317629811625
0.000192258271682  -0.028878569913127
0.000192455055993  -0.032501942317145
0.000192651840303  -0.036185445709219
0.000192848624614  -0.039926917696813
0.000193045408925  -0.043724331192225
0.000193242193236  -0.047575788088095
0.000193438977547  -0.051479510605539
0.000193635761858  -0.055433830729603
0.000193832546168  -0.059437178170986
0.000194029330479  -0.063488067306630
0.000194226114790  -0.067585083554416
0.000194422899101  -0.071726869628965
0.000194619683412  -0.075912112106506
0.000194816467723  -0.080139528697457
0.000195013252033  -0.084407856586644
0.000195210036344  -0.088715842154040
0.000195406820655  -0.093062232335054
0.000195603604966  -0.097445767820356
0.000195800389277  -0.101865178232950
0.000195997173588  -0.106319179356479
0.000196193957898  -0.110806472425603
0.000196390742209  -0.115325745428401
0.000196587526520  -0.119875676313751
0.000196784310831  -0.124454937944906
0.000196981095142  -0.129062204595020
0.000197177879453  -0.133696159742054
0.000197374663763  -0.138355504889776
0.000197571448074  -0.143038969118745
0.000197768232385  -0.147745319056295
0.000197965016696  -0.152473368947476
0.000198161801007  -0.157221990509389
0.000198358585318  -0.161990122259013
0.000198555369628  -0.166776778018978
0.000198752153939  -0.171581054326362
0.000198948938250  -0.176402136495761
0.000199145722561  -0.181239303119272
0.000199342506872  -0.186091928821765
0.000199539291182  -0.190959485129425
0.000199736075493  -0.195841539352335
0.000199932859804  -0.200737751426995
0.000200129644115  -0.205647868711574
0.000200326428426  -0.210571718774365
0.000200523212737  -0.215509200263664
0.000200719997047  -0.220460271994076
0.000200916781358  -0.225424940429256
0.000201113565669  -0.230403245783187
0.000201310349980  -0.235395247000391
0.000201507134291  -0.240401005908870
0.000201703918602  -0.245420570867149
0.000201900702912  -0.250453960247537
0.000202097487223  -0.255501146110896
0.000202294271534  -0.260562038433032
0.000202491055845  -0.265636470238877
0.000202687840156  -0.270724183987553
0.000202884624467  -0.275824819529355
0.000203081408777  -0.280937903924853
0.000203278193088  -0.286062843377407
0.000203474977399  -0.291198917484387
0.000203671761710  -0.296345275960533
0.000203868546021  -0.301500937930685
0.000204065330332  -0.306664793830332
0.000204262114642  -0.311835609892810
0.000204458898953  -0.317012035143444
0.000204655683264  -0.322192610765209
0.000204852467575  -0.327375781649289
0.000205049251886  -0.332559909898588
0.000205246036197  -0.337743290014004
0.000205442820507  -0.342924165462939
0.000205639604818  -0.348100746307540
0.000205836389129  -0.353271227556814
0.000206033173440  -0.358433807901823
0.000206229957751  -0.363586708496254
0.000206426742062  -0.368728191455225
0.000206623526372  -0.373856577762239
0.000206820310683  -0.378970264296983
0.000207017094994  -0.384067739723975
0.000207213879305  -0.389147599012913
0.000207410663616  -0.394208556394823
0.000207607447927  -0.399249456592650
0.000207804232237  -0.404269284199872
0.000208001016548  -0.409267171114937
0.000208197800859  -0.414242401972190
0.000208394585170  -0.419194417540639
0.000208591369481  -0.424122816089954
0.000208788153792  -0.429027352748130
0.000208984938102  -0.433907936897033
0.000209181722413  -0.438764627670727
0.000209378506724  -0.443597627637062
0.000209575291035  -0.448407274755986
0.000209772075346  -0.453194032718765
0.000209968859657  -0.457958479781429
0.000210165643967  -0.462701296213782
0.000210362428278  -0.467423250492947
0.000210559212589  -0.472125184378140
0.000210755996900  -0.476807997011648
0.000210952781211  -0.481472628200220
0.000211149565522  -0.486120041041368
0.000211346349832  -0.490751204070528
0.000211543134143  -0.495367073117389
0.000211739918454  -0.499968573072666
0.000211936702765  -0.504556579779652
0.000212133487076  -0.509131902277298
0.000212330271386  -0.513695265632592
0.000212527055697  -0.518247294608657
0.000212723840008  -0.522788498420245
0.000212920624319  -0.527319256829296
0.000213117408630  -0.531839807828711
0.000213314192941  -0.536350237151880
0.000213510977251  -0.540850469827804
0.000213707761562  -0.545340263976589
0.000213904545873  -0.549819207007371
0.000214101330184  -0.554286714340681
0.000214298114495  -0.558742030730396
0.000214494898806  -0.563184234207957
0.000214691683116  -0.567612242614898
0.000214888467427  -0.572024822630828
0.000215085251738  -0.576420601145105
0.000215282036049  -0.580798078763835
0.000215478820360  -0.585155645192010
0.000215675604671  -0.589491596185864
0.000215872388981  -0.593804151734888
0.000216069173292  -0.598091475108137
0.000216265957603  -0.602351692386488
0.000216462741914  -0.606582912101997
0.000216659526225  -0.610783244617342
0.000216856310536  -0.614950820901761
0.000217053094846  -0.619083810393740
0.000217249879157  -0.623180437683216
0.000217446663468  -0.627238997795076
0.000217643447779  -0.631257869909172
0.000217840232090  -0.635235529407312
0.000218037016401  -0.639170558192636
0.000218233800711  -0.643061653279107
0.000218430585022  -0.646907633696794
0.000218627369333  -0.650707445800508
0.000218824153644  -0.654460167104115
0.000219020937955  -0.658165008789665
0.000219217722266  -0.661821317059009
0.000219414506576  -0.665428573505836
0.000219611290887  -0.668986394688492
0.000219808075198  -0.672494531079052
0.000220004859509  -0.675952865552944
0.000220201643820  -0.679361411566889
0.000220398428131  -0.682720311152188
0.000220595212441  -0.686029832826602
0.000220791996752  -0.689290369502463
0.000220988781063  -0.692502436442175
0.000221185565374  -0.695666669286170
0.000221382349685  -0.698783822153451
0.000221579133996  -0.701854765792042
0.000221775918306  -0.704880485736756
0.000221972702617  -0.707862080415234
0.000222169486928  -0.710800759130832
0.000222366271239  -0.713697839842994
0.000222563055550  -0.716554746662470
0.000222759839861  -0.719373006980204
0.000222956624171  -0.722154248154928
0.000223153408482  -0.724900193695030
0.000223350192793  -0.727612658884862
0.000223546977104  -0.730293545823619
0.000223743761415  -0.732944837865542
0.000223940545726  -0.735568593472699
0.000224137330036  -0.738166939514992
0.000224334114347  -0.740742064075397
0.000224530898658  -0.743296208840853
0.000224727682969  -0.745831661179614
0.000224924467280  -0.748350746023588
0.000225121251591  -0.750855817688253
0.000225318035901  -0.753349251772647
0.000225514820212  -0.755833437287127
0.000225711604523  -0.758310769156753
0.000225908388834  -0.760783641243114
0.000226105173145  -0.763254440017253
0.000226301957455  -0.765725539001189
0.000226498741766  -0.768199294075889
0.000226695526077  -0.770678039729880
0.000226892310388  -0.773164086295763
0.000227089094699  -0.775659718192608
0.000227285879010  -0.778167193161367
0.000227482663320  -0.780688742449197
0.000227679447631  -0.783226571867890
0.000227876231942  -0.785782863622479
0.000228073016253  -0.788359778779504
0.000228269800564  -0.790959460221309
0.000228466584875  -0.793584035913760
0.000228663369185  -0.796235622300690
0.000228860153496  -0.798916327629542
0.000229056937807  -0.801628255009553
0.000229253722118  -0.804373505006399
0.000229450506429  -0.807154177585734
0.000229647290740  -0.809972373232118
0.000229844075050  -0.812830193089428
0.000230040859361  -0.815729737993397
0.000230237643672  -0.818673106296081
0.000230434427983  -0.821662390415093
0.000230631212294  -0.824699672076798
0.000230827996605  -0.827787016261388
0.000231024780915  -0.830926463898073
0.000231221565226  -0.834120023399446
0.000231418349537  -0.837369661164336
0.000231615133848  -0.840677291216936
0.000231811918159  -0.844044764185387
0.000232008702470  -0.847473855854046
0.000232205486780  -0.850966255548956
0.000232402271091  -0.854523554634358
0.000232599055402  -0.858147235408256
0.000232795839713  -0.861838660686165
0.000232992624024  -0.865599064353539
0.000233189408335  -0.869429543148788
0.000233386192645  -0.873331049910423
0.000233582976956  -0.877304388484359
0.000233779761267  -0.881350210442030
0.000233976545578  -0.885469013708308
0.000234173329889  -0.889661143142421
0.000234370114200  -0.893926793057471
0.000234566898510  -0.898266011607248
0.000234763682821  -0.902678706915405
0.000234960467132  -0.907164654773926
0.000235157251443  -0.911723507697205
0.000235354035754  -0.916354805086485
0.000235550820065  -0.921057984237808
0.000235747604375  -0.925832391915415
0.000235944388686  -0.930677296211543
0.000236141172997  -0.935591898422041
0.000236337957308  -0.940575344684152
0.000236534741619  -0.945626737146673
0.000236731525930  -0.950745144471889
0.000236928310240  -0.955929611501630
0.000237125094551  -0.961179167954608
0.000237321878862  -0.966492836057625
0.000237518663173  -0.971869637047653
0.000237715447484  -0.977308596514317
0.000237912231795  -0.982808748581899
0.000238109016105  -0.988369138956142
0.000238305800416  -0.993988826883443
0.000238502584727  -0.999666886088366
0.000238699369038  -1.005402404769774
0.000238896153349  -1.011194484746520
0.000239092937659  -1.017042239850781
0.000239289721970  -1.022944793671157
0.000239486506281  -1.028901276749006
0.000239683290592  -1.034910823330452
0.000239880074903  -1.040972567773639
0.000240076859214  -1.047085640706290
0.000240273643524  -1.053249165022910
0.000240470427835  -1.059462251804295
0.000240667212146  -1.065723996234639
0.000240863996457  -1.072033473583720
0.000241060780768  -1.078389735313637
0.000241257565079  -1.084791805361613
0.000241454349389  -1.091238676642709
0.000241651133700  -1.097729307809178
0.000241847918011  -1.104262620296863
0.000242044702322  -1.110837495683659
0.000242241486633  -1.117452773380887
0.000242438270944  -1.124107248675355
0.000242635055254  -1.130799671138042
0.000242831839565  -1.137528743414437
0.000243028623876  -1.144293120411336
0.000243225408187  -1.151091408894995
0.000243422192498  -1.157922167515294
0.000243618976809  -1.164783907269568
0.000243815761119  -1.171675092417340
0.000244012545430  -1.178594141852823
0.000244209329741  -1.185539430935401
0.000244406114052  -1.192509293769088
0.000244602898363  -1.199502025910215
0.000244799682674  -1.206515887468594
0.000244996466984  -1.213549106551677
0.000245193251295  -1.220599882984586
0.000245390035606  -1.227666392222291
0.000245586819917  -1.234746789354874
0.000245783604228  -1.241839213093917
0.000245980388539  -1.248941789618810
0.000246177172849  -1.256052636157282
0.000246373957160  -1.263169864175610
0.000246570741471  -1.270291582061376
0.000246767525782  -1.277415897195594
0.000246964310093  -1.284540917331476
0.000247161094404  -1.291664751223510
0.000247357878714  -1.298785508482124
0.000247554663025  -1.305901298664762
0.000247751447336  -1.313010229652236
0.000247948231647  -1.320110405398035
0.000248145015958  -1.327199923176023
0.000248341800269  -1.334276870486683
0.000248538584579  -1.341339321811989
0.000248735368890  -1.348385335432275
0.000248932153201  -1.355412950533772
0.000249128937512  -1.362420184841512
0.000249325721823  -1.369405033008428
0.000249522506134  -1.376365465977242
0.000249719290444  -1.383299431507452
0.000249916074755  -1.390204856025897