Step	dt	Time	fbody_x	fbody_y	fbody_z	dy_tip	
0	1e-16	0	0	0	0	-3.41733e-07	
1	1e-16	0	0	-1.05e+06	0	-3.41733e-07	
2	0.00018619	1e-16	0	-1.05e+06	0	-3.50084e-05	
3	0.000186117	0.00018619	0	-1.05e+06	0	-0.000104301	
4	0.000185989	0.000372307	0	-1.05e+06	0	-0.000208138	
5	0.000185815	0.000558296	0	-1.05e+06	0	-0.000346405	
6	0.000185601	0.000744111	0	-1.05e+06	0	-0.000518961	
7	0.000185352	0.000929713	0	-1.05e+06	0	-0.00072564	
8	0.000185069	0.00111506	0	-1.05e+06	0	-0.000966255	
9	0.000184756	0.00130013	0	-1.05e+06	0	-0.0012406	
10	0.000184415	0.00148489	0	-1.05e+06	0	-0.00154844	
11	0.000184049	0.0016693	0	-1.05e+06	0	-0.00188955	
12	0.000183659	0.00185335	0	-1.05e+06	0	-0.00226367	
13	0.000183249	0.00203701	0	-1.05e+06	0	-0.00267053	
14	0.000182819	0.00222026	0	-1.05e+06	0	-0.00310986	
15	0.000182372	0.00240308	0	-1.05e+06	0	-0.00358137	
16	0.000181911	0.00258545	0	-1.05e+06	0	-0.00408478	
17	0.000181438	0.00276736	0	-1.05e+06	0	-0.00461981	
18	0.000180953	0.0029488	0	-1.05e+06	0	-0.00518615	
19	0.00018046	0.00312975	0	-1.05e+06	0	-0.00578351	
20	0.00017996	0.00331021	0	-1.05e+06	0	-0.0064116	
21	0.000179454	0.00349017	0	-1.05e+06	0	-0.00707013	
22	0.000178944	0.00366963	0	-1.05e+06	0	-0.00775881	
23	0.000178432	0.00384857	0	-1.05e+06	0	-0.00847735	
24	0.000177918	0.004027	0	-1.05e+06	0	-0.00922548	
25	0.000177403	0.00420492	0	-1.05e+06	0	-0.0100029	
26	0.000176889	0.00438232	0	-1.05e+06	0	-0.0108094	
27	0.000176376	0.00455921	0	-1.05e+06	0	-0.0116446	
28	0.000175866	0.00473559	0	-1.05e+06	0	-0.0125084	
29	0.000175358	0.00491146	0	-1.05e+06	0	-0.0134004	
30	0.000174853	0.00508681	0	-1.05e+06	0	-0.0143204	
31	0.000174352	0.00526167	0	-1.05e+06	0	-0.0152682	
32	0.000173855	0.00543602	0	-1.05e+06	0	-0.0162435	
33	0.000173362	0.00560987	0	-1.05e+06	0	-0.0172461	
34	0.000172873	0.00578324	0	-1.05e+06	0	-0.0182758	
35	0.000172389	0.00595611	0	-1.05e+06	0	-0.0193322	
36	0.000171909	0.0061285	0	-1.05e+06	0	-0.0204153	
37	0.000171434	0.00630041	0	-1.05e+06	0	-0.0215248	
38	0.000170964	0.00647184	0	-1.05e+06	0	-0.0226605	
39	0.000170498	0.00664281	0	-1.05e+06	0	-0.0238222	
40	0.000170037	0.0068133	0	-1.05e+06	0	-0.0250096	
41	0.00016958	0.00698334	0	-1.05e+06	0	-0.0262226	
42	0.000169127	0.00715292	0	-1.05e+06	0	-0.0274609	
43	0.000168678	0.00732205	0	-1.05e+06	0	-0.0287245	
44	0.000168234	0.00749072	0	-1.05e+06	0	-0.030013	
45	0.000167793	0.00765896	0	-1.05e+06	0	-0.0313262	
46	0.000167356	0.00782675	0	-1.05e+06	0	-0.0326641	
47	0.000166923	0.00799411	0	-1.05e+06	0	-0.0340264	
48	0.000166493	0.00816103	0	-1.05e+06	0	-0.0354128	
49	0.000166067	0.00832752	0	-1.05e+06	0	-0.0368233	
50	0.000165644	0.00849359	0	-1.05e+06	0	-0.0382577	
51	0.000165224	0.00865923	0	-1.05e+06	0	-0.0397157	
52	0.000164807	0.00882446	0	-1.05e+06	0	-0.0411972	
53	0.000164393	0.00898926	0	-1.05e+06	0	-0.042702	
54	0.000163981	0.00915366	0	-1.05e+06	0	-0.0442299	
55	0.000163573	0.00931764	0	-1.05e+06	0	-0.0457808	
56	0.000163167	0.00948121	0	-1.05e+06	0	-0.0473544	
57	0.000162764	0.00964438	0	-1.05e+06	0	-0.0489507	
58	0.000162364	0.00980714	0	-1.05e+06	0	-0.0505693	
59	0.000161966	0.00996951	0	-1.05e+06	0	-0.0522103	
60	0.00016157	0.0101315	0	-1.05e+06	0	-0.0538733	
61	0.000161177	0.010293	0	-1.05e+06	0	-0.0555583	
62	0.000160787	0.0104542	0	-1.05e+06	0	-0.0572651	
63	0.0001604	0.010615	0	-1.05e+06	0	-0.0589935	
64	0.000160015	0.0107754	0	-1.05e+06	0	-0.0607433	
65	0.000159632	0.0109354	0	-1.05e+06	0	-0.0625144	
66	0.000159253	0.0110951	0	-1.05e+06	0	-0.0643067	
67	0.000158876	0.0112543	0	-1.05e+06	0	-0.06612	
68	0.000158502	0.0114132	0	-1.05e+06	0	-0.0679541	
69	0.000158131	0.0115717	0	-1.05e+06	0	-0.069809	
70	0.000157763	0.0117298	0	-1.05e+06	0	-0.0716844	
71	0.000157398	0.0118876	0	-1.05e+06	0	-0.0735802	
72	0.000157037	0.012045	0	-1.05e+06	0	-0.0754964	
73	0.000156678	0.012202	0	-1.05e+06	0	-0.0774327	
74	0.000156324	0.0123587	0	-1.05e+06	0	-0.0793891	
75	0.000155973	0.012515	0	-1.05e+06	0	-0.0813655	
76	0.000155626	0.012671	0	-1.05e+06	0	-0.0833616	
77	0.000155282	0.0128266	0	-1.05e+06	0	-0.0853775	
78	0.000154943	0.0129819	0	-1.05e+06	0	-0.0874129	
79	0.000154608	0.0131368	0	-1.05e+06	0	-0.0894679	
80	0.000154278	0.0132914	0	-1.05e+06	0	-0.0915423	
81	0.000153952	0.0134457	0	-1.05e+06	0	-0.093636	
82	0.000153632	0.0135997	0	-1.05e+06	0	-0.0957489	
83	0.000153316	0.0137533	0	-1.05e+06	0	-0.097881	
84	0.000153005	0.0139066	0	-1.05e+06	0	-0.100032	
85	0.0001527	0.0140596	0	-1.05e+06	0	-0.102202	
86	0.0001524	0.0142123	0	-1.05e+06	0	-0.104392	
87	0.000152106	0.0143647	0	-1.05e+06	0	-0.1066	
88	0.000151819	0.0145168	0	-1.05e+06	0	-0.108827	
89	0.000151537	0.0146687	0	-1.05e+06	0	-0.111073	
90	0.000151262	0.0148202	0	-1.05e+06	0	-0.113337	
91	0.000150994	0.0149715	0	-1.05e+06	0	-0.115621	
92	0.000150732	0.0151224	0	-1.05e+06	0	-0.117923	
93	0.000150478	0.0152732	0	-1.05e+06	0	-0.120244	
94	0.000150231	0.0154237	0	-1.05e+06	0	-0.122583	
95	0.000149992	0.0155739	0	-1.05e+06	0	-0.124942	
96	0.00014976	0.0157239	0	-1.05e+06	0	-0.127319	
97	0.000149536	0.0158736	0	-1.05e+06	0	-0.129715	
98	0.000149321	0.0160232	0	-1.05e+06	0	-0.13213	
99	0.000149114	0.0161725	0	-1.05e+06	0	-0.134564	
100	0.000148915	0.0163216	0	-1.05e+06	0	-0.137016	
101	0.000148725	0.0164705	0	-1.05e+06	0	-0.139488	
102	0.000148545	0.0166193	0	-1.05e+06	0	-0.141979	
103	0.000148373	0.0167678	0	-1.05e+06	0	-0.144488	
104	0.000148211	0.0169162	0	-1.05e+06	0	-0.147018	
105	0.000148059	0.0170644	0	-1.05e+06	0	-0.149566	
106	0.000147916	0.0172124	0	-1.05e+06	0	-0.152134	
107	0.000147783	0.0173604	0	-1.05e+06	0	-0.154721	
108	0.000147661	0.0175081	0	-1.05e+06	0	-0.157328	
109	0.000147548	0.0176558	0	-1.05e+06	0	-0.159955	
110	0.000147446	0.0178033	0	-1.05e+06	0	-0.162601	
111	0.000147354	0.0179508	0	-1.05e+06	0	-0.165268	
112	0.000147273	0.0180981	0	-1.05e+06	0	-0.167955	
113	0.000147203	0.0182454	0	-1.05e+06	0	-0.170662	
114	0.000147143	0.0183926	0	-1.05e+06	0	-0.17339	
115	0.000147095	0.0185398	0	-1.05e+06	0	-0.176138	
116	0.000147057	0.0186869	0	-1.05e+06	0	-0.178908	
117	0.00014703	0.0188339	0	-1.05e+06	0	-0.181698	
118	0.000147014	0.018981	0	-1.05e+06	0	-0.184509	
119	0.000147009	0.019128	0	-1.05e+06	0	-0.187343	
120	0.000147014	0.019275	0	-1.05e+06	0	-0.190197	
121	0.000147031	0.019422	0	-1.05e+06	0	-0.193074	
122	0.000147058	0.019569	0	-1.05e+06	0	-0.195972	
123	0.000147096	0.0197161	0	-1.05e+06	0	-0.198893	
124	0.000147145	0.0198632	0	-1.05e+06	0	-0.201837	
125	0.000147204	0.0200103	0	-1.05e+06	0	-0.204803	
126	0.000147273	0.0201575	0	-1.05e+06	0	-0.207792	
127	0.000147352	0.0203048	0	-1.05e+06	0	-0.210804	
128	0.00014744	0.0204521	0	-1.05e+06	0	-0.213839	
129	0.000147539	0.0205996	0	-1.05e+06	0	-0.216899	
130	0.000147646	0.0207471	0	-1.05e+06	0	-0.219982	
131	0.000147762	0.0208948	0	-1.05e+06	0	-0.223088	
132	0.000147886	0.0210425	0	-1.05e+06	0	-0.22622	
133	0.000148019	0.0211904	0	-1.05e+06	0	-0.229375	
134	0.000148159	0.0213384	0	-1.05e+06	0	-0.232555	
135	0.000148306	0.0214866	0	-1.05e+06	0	-0.23576	
136	0.000148459	0.0216349	0	-1.05e+06	0	-0.23899	
137	0.000148619	0.0217834	0	-1.05e+06	0	-0.242245	
138	0.000148784	0.021932	0	-1.05e+06	0	-0.245525	
139	0.000148954	0.0220808	0	-1.05e+06	0	-0.24883	
140	0.000149129	0.0222297	0	-1.05e+06	0	-0.252161	
141	0.000149306	0.0223788	0	-1.05e+06	0	-0.255518	
142	0.000149487	0.0225282	0	-1.05e+06	0	-0.2589	
143	0.00014967	0.0226776	0	-1.05e+06	0	-0.262308	
144	0.000149854	0.0228273	0	-1.05e+06	0	-0.265741	
145	0.00015004	0.0229772	0	-1.05e+06	0	-0.269201	
146	0.000150196	0.0231272	0	-1.05e+06	0	-0.272685	
147	0.000150244	0.0232774	0	-1.05e+06	0	-0.276192	
148	0.000150297	0.0234276	0	-1.05e+06	0	-0.279722	
149	0.000150355	0.0235779	0	-1.05e+06	0	-0.283274	
150	0.000150419	0.0237283	0	-1.05e+06	0	-0.286849	
151	0.000150489	0.0238787	0	-1.05e+06	0	-0.290447	
152	0.000150565	0.0240292	0	-1.05e+06	0	-0.294067	
153	0.000150646	0.0241798	0	-1.05e+06	0	-0.29771	
154	0.000150733	0.0243304	0	-1.05e+06	0	-0.301376	
155	0.00015082	0.0244811	0	-1.05e+06	0	-0.305065	
156	0.000150906	0.024632	0	-1.05e+06	0	-0.308777	
157	0.000150994	0.0247829	0	-1.05e+06	0	-0.31251	
158	0.000151084	0.0249339	0	-1.05e+06	0	-0.316267	
159	0.00015118	0.025085	0	-1.05e+06	0	-0.320046	
160	0.000151282	0.0252361	0	-1.05e+06	0	-0.323847	
161	0.000151389	0.0253874	0	-1.05e+06	0	-0.32767	
162	0.000151501	0.0255388	0	-1.05e+06	0	-0.331516	
163	0.000151617	0.0256903	0	-1.05e+06	0	-0.335385	
164	0.000151737	0.0258419	0	-1.05e+06	0	-0.339275	
165	0.000151859	0.0259937	0	-1.05e+06	0	-0.343188	
166	0.000151985	0.0261455	0	-1.05e+06	0	-0.347123	
167	0.000152111	0.0262975	0	-1.05e+06	0	-0.351079	
168	0.000152239	0.0264496	0	-1.05e+06	0	-0.355057	
169	0.000152339	0.0266019	0	-1.05e+06	0	-0.359056	
170	0.000152401	0.0267542	0	-1.05e+06	0	-0.363075	
171	0.000152459	0.0269066	0	-1.05e+06	0	-0.367112	
172	0.000152512	0.0270591	0	-1.05e+06	0	-0.371168	
173	0.000152559	0.0272116	0	-1.05e+06	0	-0.375243	
174	0.000152608	0.0273641	0	-1.05e+06	0	-0.379335	
175	0.000152663	0.0275167	0	-1.05e+06	0	-0.383445	
176	0.000152722	0.0276694	0	-1.05e+06	0	-0.387573	
177	0.000152788	0.0278221	0	-1.05e+06	0	-0.391719	
178	0.000152859	0.0279749	0	-1.05e+06	0	-0.395882	
179	0.000152928	0.0281278	0	-1.05e+06	0	-0.400062	
180	0.000152985	0.0282807	0	-1.05e+06	0	-0.404258	
181	0.000153047	0.0284337	0	-1.05e+06	0	-0.408471	
182	0.000153116	0.0285867	0	-1.05e+06	0	-0.4127	
183	0.00015319	0.0287398	0	-1.05e+06	0	-0.416944	
184	0.000153269	0.028893	0	-1.05e+06	0	-0.421204	
185	0.000153343	0.0290463	0	-1.05e+06	0	-0.42548	
186	0.00015341	0.0291996	0	-1.05e+06	0	-0.42977	
187	0.000153478	0.029353	0	-1.05e+06	0	-0.434074	
188	0.000153548	0.0295065	0	-1.05e+06	0	-0.438393	
189	0.00015362	0.0296601	0	-1.05e+06	0	-0.442725	
190	0.000153693	0.0298137	0	-1.05e+06	0	-0.447071	
191	0.000153768	0.0299674	0	-1.05e+06	0	-0.45143	
192	0.000153844	0.0301212	0	-1.05e+06	0	-0.455802	
193	0.000153921	0.030275	0	-1.05e+06	0	-0.460186	
194	0.000153998	0.0304289	0	-1.05e+06	0	-0.464583	
195	0.000154076	0.0305829	0	-1.05e+06	0	-0.468991	
196	0.000154153	0.030737	0	-1.05e+06	0	-0.473411	
197	0.00015423	0.0308911	0	-1.05e+06	0	-0.477843	
198	0.000154306	0.0310454	0	-1.05e+06	0	-0.482285	
199	0.000154338	0.0311997	0	-1.05e+06	0	-0.486736	
200	0.000154347	0.031354	0	-1.05e+06	0	-0.491196	
201	0.000154357	0.0315084	0	-1.05e+06	0	-0.495664	
202	0.000154368	0.0316627	0	-1.05e+06	0	-0.50014	
203	0.000154381	0.0318171	0	-1.05e+06	0	-0.504623	
204	0.000154396	0.0319715	0	-1.05e+06	0	-0.509113	
205	0.000154413	0.0321259	0	-1.05e+06	0	-0.513611	
206	0.000154433	0.0322803	0	-1.05e+06	0	-0.518115	
207	0.000154456	0.0324347	0	-1.05e+06	0	-0.522626	
208	0.000154479	0.0325892	0	-1.05e+06	0	-0.527144	
209	0.000154493	0.0327436	0	-1.05e+06	0	-0.531667	
210	0.000154511	0.0328981	0	-1.05e+06	0	-0.536197	
211	0.000154535	0.0330527	0	-1.05e+06	0	-0.540732	
212	0.000154563	0.0332072	0	-1.05e+06	0	-0.545273	
213	0.000154597	0.0333618	0	-1.05e+06	0	-0.549819	
214	0.000154635	0.0335163	0	-1.05e+06	0	-0.554371	
215	0.000154677	0.033671	0	-1.05e+06	0	-0.558929	
216	0.000154724	0.0338257	0	-1.05e+06	0	-0.563492	
217	0.000154774	0.0339804	0	-1.05e+06	0	-0.568061	
218	0.000154816	0.0341352	0	-1.05e+06	0	-0.572634	
219	0.000154858	0.03429	0	-1.05e+06	0	-0.577213	
220	0.000154902	0.0344448	0	-1.05e+06	0	-0.581796	
221	0.000154945	0.0345997	0	-1.05e+06	0	-0.586384	
222	0.000154988	0.0347547	0	-1.05e+06	0	-0.590977	
223	0.000155006	0.0349097	0	-1.05e+06	0	-0.595573	
224	0.000155003	0.0350647	0	-1.05e+06	0	-0.600172	
225	0.000154975	0.0352197	0	-1.05e+06	0	-0.604773	
226	0.000154939	0.0353747	0	-1.05e+06	0	-0.609377	
227	0.000154906	0.0355296	0	-1.05e+06	0	-0.613982	
228	0.000154875	0.0356845	0	-1.05e+06	0	-0.618589	
229	0.000154847	0.0358394	0	-1.05e+06	0	-0.623197	
230	0.000154823	0.0359942	0	-1.05e+06	0	-0.627808	
231	0.000154802	0.036149	0	-1.05e+06	0	-0.632421	
232	0.000154785	0.0363038	0	-1.05e+06	0	-0.637036	
233	0.000154771	0.0364586	0	-1.05e+06	0	-0.641653	
234	0.000154761	0.0366134	0	-1.05e+06	0	-0.646272	
235	0.000154754	0.0367682	0	-1.05e+06	0	-0.650893	
236	0.00015475	0.0369229	0	-1.05e+06	0	-0.655517	
237	0.000154741	0.0370777	0	-1.05e+06	0	-0.660143	
238	0.000154699	0.0372324	0	-1.05e+06	0	-0.66477	
239	0.000154624	0.0373871	0	-1.05e+06	0	-0.669398	
240	0.000154546	0.0375417	0	-1.05e+06	0	-0.674026	
241	0.000154465	0.0376963	0	-1.05e+06	0	-0.678653	
242	0.000154383	0.0378507	0	-1.05e+06	0	-0.683281	
243	0.000154299	0.0380051	0	-1.05e+06	0	-0.687909	
244	0.000154212	0.0381594	0	-1.05e+06	0	-0.692536	
245	0.000154125	0.0383136	0	-1.05e+06	0	-0.697164	
246	0.000154035	0.0384678	0	-1.05e+06	0	-0.701791	
247	0.000153945	0.0386218	0	-1.05e+06	0	-0.706418	
248	0.000153845	0.0387757	0	-1.05e+06	0	-0.711045	
249	0.00015373	0.0389296	0	-1.05e+06	0	-0.715671	
250	0.000153617	0.0390833	0	-1.05e+06	0	-0.720296	
251	0.000153504	0.0392369	0	-1.05e+06	0	-0.72492	
252	0.000153393	0.0393904	0	-1.05e+06	0	-0.729543	
253	0.000153282	0.0395438	0	-1.05e+06	0	-0.734166	
254	0.000153174	0.0396971	0	-1.05e+06	0	-0.738788	
255	0.000153066	0.0398503	0	-1.05e+06	0	-0.743409	
256	0.00015296	0.0400033	0	-1.05e+06	0	-0.74803	
257	0.000152856	0.0401563	0	-1.05e+06	0	-0.75265	
258	0.000152753	0.0403092	0	-1.05e+06	0	-0.75727	
259	0.000152651	0.0404619	0	-1.05e+06	0	-0.761889	
260	0.00015255	0.0406146	0	-1.05e+06	0	-0.766508	
261	0.000152438	0.0407671	0	-1.05e+06	0	-0.771125	
262	0.000152308	0.0409196	0	-1.05e+06	0	-0.775742	
263	0.000152177	0.0410719	0	-1.05e+06	0	-0.780357	
264	0.000152045	0.041224	0	-1.05e+06	0	-0.784971	
265	0.000151901	0.0413761	0	-1.05e+06	0	-0.789582	
266	0.000151757	0.041528	0	-1.05e+06	0	-0.794192	
267	0.000151612	0.0416797	0	-1.05e+06	0	-0.7988	
268	0.000151468	0.0418314	0	-1.05e+06	0	-0.803406	
269	0.000151324	0.0419828	0	-1.05e+06	0	-0.80801	
270	0.000151181	0.0421341	0	-1.05e+06	0	-0.812611	
271	0.000151038	0.0422853	0	-1.05e+06	0	-0.817211	
272	0.000150898	0.0424364	0	-1.05e+06	0	-0.821808	
273	0.000150759	0.0425873	0	-1.05e+06	0	-0.826404	
274	0.000150622	0.042738	0	-1.05e+06	0	-0.830997	
275	0.000150482	0.0428886	0	-1.05e+06	0	-0.835588	
276	0.000150343	0.0430391	0	-1.05e+06	0	-0.840176	
277	0.000150207	0.0431895	0	-1.05e+06	0	-0.844762	
278	0.000150071	0.0433397	0	-1.05e+06	0	-0.849346	
279	0.000149934	0.0434897	0	-1.05e+06	0	-0.853927	
280	0.000149802	0.0436397	0	-1.05e+06	0	-0.858506	
281	0.000149673	0.0437895	0	-1.05e+06	0	-0.863082	
282	0.000149547	0.0439392	0	-1.05e+06	0	-0.867656	
283	0.000149426	0.0440887	0	-1.05e+06	0	-0.872227	
284	0.000149308	0.0442381	0	-1.05e+06	0	-0.876795	
285	0.000149193	0.0443874	0	-1.05e+06	0	-0.881361	
286	0.000149082	0.0445366	0	-1.05e+06	0	-0.885925	
287	0.000148973	0.0446857	0	-1.05e+06	0	-0.890486	
288	0.000148859	0.0448347	0	-1.05e+06	0	-0.895044	
289	0.000148731	0.0449835	0	-1.05e+06	0	-0.899599	
290	0.000148581	0.0451323	0	-1.05e+06	0	-0.904149	
291	0.000148418	0.0452809	0	-1.05e+06	0	-0.908695	
292	0.000148256	0.0454293	0	-1.05e+06	0	-0.913236	
293	0.000148094	0.0455775	0	-1.05e+06	0	-0.917771	
294	0.000147925	0.0457256	0	-1.05e+06	0	-0.922302	
295	0.000147744	0.0458735	0	-1.05e+06	0	-0.926826	
296	0.000147497	0.0460213	0	-1.05e+06	0	-0.931343	
297	0.000147244	0.0461688	0	-1.05e+06	0	-0.935851	
298	0.00014699	0.046316	0	-1.05e+06	0	-0.94035	
299	0.000146737	0.046463	0	-1.05e+06	0	-0.944841	
300	0.000146485	0.0466098	0	-1.05e+06	0	-0.949323	
301	0.000146235	0.0467562	0	-1.05e+06	0	-0.953797	
302	0.000145984	0.0469025	0	-1.05e+06	0	-0.958261	
303	0.000145726	0.0470485	0	-1.05e+06	0	-0.962715	
304	0.000145469	0.0471942	0	-1.05e+06	0	-0.967161	
305	0.000145213	0.0473397	0	-1.05e+06	0	-0.971596	
306	0.000144959	0.0474849	0	-1.05e+06	0	-0.976022	
307	0.000144707	0.0476298	0	-1.05e+06	0	-0.980438	
308	0.000144447	0.0477745	0	-1.05e+06	0	-0.984843	
309	0.000144189	0.047919	0	-1.05e+06	0	-0.989239	
310	0.000143932	0.0480632	0	-1.05e+06	0	-0.993624	
311	0.000143677	0.0482071	0	-1.05e+06	0	-0.997998	
312	0.000143425	0.0483508	0	-1.05e+06	0	-1.00236	
313	0.000143175	0.0484942	0	-1.05e+06	0	-1.00672	
314	0.000142928	0.0486374	0	-1.05e+06	0	-1.01106	
315	0.000142684	0.0487803	0	-1.05e+06	0	-1.01539	
316	0.000142444	0.048923	0	-1.05e+06	0	-1.01971	
317	0.000142207	0.0490654	0	-1.05e+06	0	-1.02402	
318	0.000141975	0.0492076	0	-1.05e+06	0	-1.02832	
319	0.000141747	0.0493496	0	-1.05e+06	0	-1.03261	
320	0.000141524	0.0494914	0	-1.05e+06	0	-1.03689	
321	0.000141305	0.0496329	0	-1.05e+06	0	-1.04116	
322	0.000141092	0.0497742	0	-1.05e+06	0	-1.04541	
323	0.000140884	0.0499153	0	-1.05e+06	0	-1.04966	
324	0.000140681	0.0500562	0	-1.05e+06	0	-1.05389	
325	0.000140484	0.0501969	0	-1.05e+06	0	-1.05812	
326	0.000140293	0.0503373	0	-1.05e+06	0	-1.06233	
327	0.000140108	0.0504776	0	-1.05e+06	0	-1.06654	
328	0.000139929	0.0506177	0	-1.05e+06	0	-1.07073	
329	0.000139756	0.0507577	0	-1.05e+06	0	-1.07491	
330	0.000139589	0.0508974	0	-1.05e+06	0	-1.07909	
331	0.000139428	0.051037	0	-1.05e+06	0	-1.08325	
332	0.000139274	0.0511764	0	-1.05e+06	0	-1.0874	
333	0.000139125	0.0513157	0	-1.05e+06	0	-1.09155	
334	0.000138983	0.0514548	0	-1.05e+06	0	-1.09568	
335	0.000138847	0.0515938	0	-1.05e+06	0	-1.0998	
336	0.000138717	0.0517327	0	-1.05e+06	0	-1.10392	
337	0.000138593	0.0518714	0	-1.05e+06	0	-1.10802	
338	0.000138475	0.05201	0	-1.05e+06	0	-1.11212	
339	0.000138362	0.0521485	0	-1.05e+06	0	-1.1162	
340	0.000138255	0.0522868	0	-1.05e+06	0	-1.12028	
341	0.000138154	0.0524251	0	-1.05e+06	0	-1.12434	
342	0.000138058	0.0525632	0	-1.05e+06	0	-1.1284	
343	0.000137967	0.0527013	0	-1.05e+06	0	-1.13245	
344	0.000137881	0.0528392	0	-1.05e+06	0	-1.13649	
345	0.000137799	0.0529771	0	-1.05e+06	0	-1.14052	
346	0.000137723	0.0531149	0	-1.05e+06	0	-1.14454	
347	0.00013765	0.0532527	0	-1.05e+06	0	-1.14855	
348	0.000137582	0.0533903	0	-1.05e+06	0	-1.15255	
349	0.000137517	0.0535279	0	-1.05e+06	0	-1.15655	
350	0.000137456	0.0536654	0	-1.05e+06	0	-1.16053	
351	0.000137399	0.0538029	0	-1.05e+06	0	-1.16451	
352	0.000137345	0.0539403	0	-1.05e+06	0	-1.16848	
353	0.000137293	0.0540776	0	-1.05e+06	0	-1.17244	
354	0.000137244	0.0542149	0	-1.05e+06	0	-1.17639	
355	0.000137198	0.0543521	0	-1.05e+06	0	-1.18033	
356	0.000137154	0.0544893	0	-1.05e+06	0	-1.18426	
357	0.000137112	0.0546265	0	-1.05e+06	0	-1.18818	
358	0.000137072	0.0547636	0	-1.05e+06	0	-1.1921	
359	0.000137033	0.0549007	0	-1.05e+06	0	-1.19601	
360	0.000136995	0.0550377	0	-1.05e+06	0	-1.1999	
361	0.000136959	0.0551747	0	-1.05e+06	0	-1.20379	
362	0.000136924	0.0553117	0	-1.05e+06	0	-1.20767	
363	0.000136889	0.0554486	0	-1.05e+06	0	-1.21154	
364	0.000136855	0.0555855	0	-1.05e+06	0	-1.2154	
365	0.000136822	0.0557223	0	-1.05e+06	0	-1.21926	
366	0.000136789	0.0558592	0	-1.05e+06	0	-1.2231	
367	0.000136756	0.0559959	0	-1.05e+06	0	-1.22693	
368	0.000136723	0.0561327	0	-1.05e+06	0	-1.23076	
369	0.00013669	0.0562694	0	-1.05e+06	0	-1.23458	
370	0.000136657	0.0564061	0	-1.05e+06	0	-1.23838	
371	0.000136624	0.0565428	0	-1.05e+06	0	-1.24218	
372	0.000136591	0.0566794	0	-1.05e+06	0	-1.24597	
373	0.000136558	0.056816	0	-1.05e+06	0	-1.24975	
374	0.000136524	0.0569525	0	-1.05e+06	0	-1.25352	
375	0.000136491	0.0570891	0	-1.05e+06	0	-1.25728	
376	0.000136457	0.0572256	0	-1.05e+06	0	-1.26103	
377	0.000136423	0.057362	0	-1.05e+06	0	-1.26477	
378	0.000136389	0.0574984	0	-1.05e+06	0	-1.2685	
379	0.000136355	0.0576348	0	-1.05e+06	0	-1.27222	
380	0.000136321	0.0577712	0	-1.05e+06	0	-1.27594	
381	0.000136287	0.0579075	0	-1.05e+06	0	-1.27964	
382	0.000136254	0.0580438	0	-1.05e+06	0	-1.28333	
383	0.000136221	0.05818	0	-1.05e+06	0	-1.28701	
384	0.000136188	0.0583163	0	-1.05e+06	0	-1.29069	
385	0.000136157	0.0584525	0	-1.05e+06	0	-1.29435	
386	0.000136126	0.0585886	0	-1.05e+06	0	-1.298	
387	0.000136096	0.0587247	0	-1.05e+06	0	-1.30165	
388	0.000136067	0.0588608	0	-1.05e+06	0	-1.30528	
389	0.00013604	0.0589969	0	-1.05e+06	0	-1.3089	
390	0.000136015	0.0591329	0	-1.05e+06	0	-1.31252	
391	0.000135991	0.059269	0	-1.05e+06	0	-1.31612	
392	0.000135968	0.0594049	0	-1.05e+06	0	-1.31971	
393	0.000135948	0.0595409	0	-1.05e+06	0	-1.3233	
394	0.00013593	0.0596769	0	-1.05e+06	0	-1.32687	
395	0.000135915	0.0598128	0	-1.05e+06	0	-1.33044	
396	0.000135902	0.0599487	0	-1.05e+06	0	-1.33399	
397	0.000135892	0.0600846	0	-1.05e+06	0	-1.33754	
398	0.000135884	0.0602205	0	-1.05e+06	0	-1.34107	
399	0.00013588	0.0603564	0	-1.05e+06	0	-1.34459	
400	0.000135878	0.0604923	0	-1.05e+06	0	-1.34811	
401	0.00013588	0.0606281	0	-1.05e+06	0	-1.35161	
402	0.000135885	0.060764	0	-1.05e+06	0	-1.35511	
403	0.000135893	0.0608999	0	-1.05e+06	0	-1.35859	
404	0.000135904	0.0610358	0	-1.05e+06	0	-1.36207	
405	0.000135919	0.0611717	0	-1.05e+06	0	-1.36553	
406	0.000135937	0.0613076	0	-1.05e+06	0	-1.36899	
407	0.000135958	0.0614436	0	-1.05e+06	0	-1.37244	
408	0.000135983	0.0615795	0	-1.05e+06	0	-1.37587	
409	0.000136011	0.0617155	0	-1.05e+06	0	-1.3793	
410	0.000136042	0.0618515	0	-1.05e+06	0	-1.38272	
411	0.000136076	0.0619875	0	-1.05e+06	0	-1.38612	
412	0.000136113	0.0621236	0	-1.05e+06	0	-1.38952	
413	0.000136153	0.0622597	0	-1.05e+06	0	-1.39291	
414	0.000136195	0.0623959	0	-1.05e+06	0	-1.39628	
415	0.00013624	0.0625321	0	-1.05e+06	0	-1.39965	
416	0.000136287	0.0626683	0	-1.05e+06	0	-1.40301	
417	0.000136336	0.0628046	0	-1.05e+06	0	-1.40636	
418	0.000136387	0.0629409	0	-1.05e+06	0	-1.40969	
419	0.00013644	0.0630773	0	-1.05e+06	0	-1.41302	
420	0.000136494	0.0632138	0	-1.05e+06	0	-1.41634	
421	0.000136549	0.0633503	0	-1.05e+06	0	-1.41965	
422	0.000136605	0.0634868	0	-1.05e+06	0	-1.42294	
423	0.000136662	0.0636234	0	-1.05e+06	0	-1.42623	
424	0.000136719	0.0637601	0	-1.05e+06	0	-1.4295	
425	0.000136776	0.0638968	0	-1.05e+06	0	-1.43277	
426	0.000136833	0.0640336	0	-1.05e+06	0	-1.43602	
427	0.00013689	0.0641704	0	-1.05e+06	0	-1.43927	
428	0.000136947	0.0643073	0	-1.05e+06	0	-1.4425	
429	0.000137002	0.0644443	0	-1.05e+06	0	-1.44572	
430	0.000137057	0.0645813	0	-1.05e+06	0	-1.44893	
431	0.000137111	0.0647183	0	-1.05e+06	0	-1.45213	
432	0.000137163	0.0648554	0	-1.05e+06	0	-1.45531	
433	0.000137215	0.0649926	0	-1.05e+06	0	-1.45849	
434	0.000137265	0.0651298	0	-1.05e+06	0	-1.46165	
435	0.000137314	0.0652671	0	-1.05e+06	0	-1.4648	
436	0.000137361	0.0654044	0	-1.05e+06	0	-1.46794	
437	0.000137408	0.0655417	0	-1.05e+06	0	-1.47107	
438	0.000137453	0.0656791	0	-1.05e+06	0	-1.47418	
439	0.000137497	0.0658166	0	-1.05e+06	0	-1.47728	
440	0.00013754	0.0659541	0	-1.05e+06	0	-1.48037	
441	0.000137583	0.0660916	0	-1.05e+06	0	-1.48345	
442	0.000137625	0.0662292	0	-1.05e+06	0	-1.48651	
443	0.000137667	0.0663668	0	-1.05e+06	0	-1.48956	
444	0.000137708	0.0665045	0	-1.05e+06	0	-1.49259	
445	0.00013775	0.0666422	0	-1.05e+06	0	-1.49561	
446	0.000137793	0.06678	0	-1.05e+06	0	-1.49862	
447	0.000137836	0.0669178	0	-1.05e+06	0	-1.50162	
448	0.000137881	0.0670556	0	-1.05e+06	0	-1.5046	
449	0.000137927	0.0671935	0	-1.05e+06	0	-1.50757	
450	0.000137975	0.0673314	0	-1.05e+06	0	-1.51052	
451	0.000138025	0.0674694	0	-1.05e+06	0	-1.51346	
452	0.000138078	0.0676074	0	-1.05e+06	0	-1.51639	
453	0.000138133	0.0677455	0	-1.05e+06	0	-1.5193	
454	0.000138192	0.0678836	0	-1.05e+06	0	-1.5222	
455	0.000138254	0.0680218	0	-1.05e+06	0	-1.52509	
456	0.000138319	0.0681601	0	-1.05e+06	0	-1.52796	
457	0.000138388	0.0682984	0	-1.05e+06	0	-1.53081	
458	0.000138461	0.0684368	0	-1.05e+06	0	-1.53366	
459	0.000138538	0.0685752	0	-1.05e+06	0	-1.53648	
460	0.000138618	0.0687138	0	-1.05e+06	0	-1.5393	
461	0.000138703	0.0688524	0	-1.05e+06	0	-1.5421	
462	0.000138791	0.0689911	0	-1.05e+06	0	-1.54489	
463	0.000138883	0.0691299	0	-1.05e+06	0	-1.54766	
464	0.000138978	0.0692688	0	-1.05e+06	0	-1.55042	
465	0.000139076	0.0694077	0	-1.05e+06	0	-1.55316	
466	0.000139177	0.0695468	0	-1.05e+06	0	-1.55589	
467	0.00013928	0.069686	0	-1.05e+06	0	-1.5586	
468	0.000139385	0.0698253	0	-1.05e+06	0	-1.5613	
469	0.000139492	0.0699647	0	-1.05e+06	0	-1.56399	
470	0.000139599	0.0701042	0	-1.05e+06	0	-1.56666	
471	0.000139706	0.0702438	0	-1.05e+06	0	-1.56932	
472	0.000139807	0.0703835	0	-1.05e+06	0	-1.57196	
473	0.000139839	0.0705233	0	-1.05e+06	0	-1.57459	
474	0.000139828	0.0706631	0	-1.05e+06	0	-1.5772	
475	0.000139814	0.0708029	0	-1.05e+06	0	-1.57979	
476	0.0001398	0.0709427	0	-1.05e+06	0	-1.58237	
477	0.000139784	0.0710825	0	-1.05e+06	0	-1.58493	
478	0.000139768	0.0712223	0	-1.05e+06	0	-1.58747	
479	0.000139752	0.0713621	0	-1.05e+06	0	-1.58999	
480	0.000139737	0.0715018	0	-1.05e+06	0	-1.5925	
481	0.000139722	0.0716416	0	-1.05e+06	0	-1.59499	
482	0.000139708	0.0717813	0	-1.05e+06	0	-1.59747	
483	0.000139695	0.071921	0	-1.05e+06	0	-1.59992	
484	0.000139684	0.0720607	0	-1.05e+06	0	-1.60236	
485	0.000139674	0.0722004	0	-1.05e+06	0	-1.60479	
486	0.000139666	0.0723401	0	-1.05e+06	0	-1.60719	
487	0.000139659	0.0724797	0	-1.05e+06	0	-1.60958	
488	0.000139654	0.0726194	0	-1.05e+06	0	-1.61195	
489	0.000139651	0.072759	0	-1.05e+06	0	-1.61431	
490	0.000139649	0.0728987	0	-1.05e+06	0	-1.61665	
491	0.000139649	0.0730384	0	-1.05e+06	0	-1.61897	
492	0.00013965	0.073178	0	-1.05e+06	0	-1.62128	
493	0.000139652	0.0733176	0	-1.05e+06	0	-1.62357	
494	0.000139655	0.0734573	0	-1.05e+06	0	-1.62584	
495	0.000139658	0.073597	0	-1.05e+06	0	-1.6281	
496	0.000139662	0.0737366	0	-1.05e+06	0	-1.63034	
497	0.000139665	0.0738763	0	-1.05e+06	0	-1.63256	
498	0.000139669	0.0740159	0	-1.05e+06	0	-1.63477	
499	0.000139671	0.0741556	0	-1.05e+06	0	-1.63696	
500	0.000139667	0.0742953	0	-1.05e+06	0	-1.63913	
501	0.000139661	0.0744349	0	-1.05e+06	0	-1.64129	
502	0.000139649	0.0745746	0	-1.05e+06	0	-1.64343	
503	0.000139636	0.0747143	0	-1.05e+06	0	-1.64556	
504	0.000139622	0.0748539	0	-1.05e+06	0	-1.64767	
505	0.000139507	0.0749935	0	-1.05e+06	0	-1.64976	
506	0.00013939	0.075133	0	-1.05e+06	0	-1.65183	
507	0.000139274	0.0752724	0	-1.05e+06	0	-1.65389	
508	0.000139158	0.0754117	0	-1.05e+06	0	-1.65593	
509	0.000139045	0.0755508	0	-1.05e+06	0	-1.65795	
510	0.000138933	0.0756899	0	-1.05e+06	0	-1.65995	
511	0.000138825	0.0758288	0	-1.05e+06	0	-1.66194	
512	0.00013872	0.0759676	0	-1.05e+06	0	-1.66391	
513	0.000138618	0.0761064	0	-1.05e+06	0	-1.66586	
514	0.00013852	0.076245	0	-1.05e+06	0	-1.66779	
515	0.000138426	0.0763835	0	-1.05e+06	0	-1.66971	
516	0.000138336	0.0765219	0	-1.05e+06	0	-1.67161	
517	0.000138251	0.0766603	0	-1.05e+06	0	-1.6735	
518	0.00013817	0.0767985	0	-1.05e+06	0	-1.67537	
519	0.000138093	0.0769367	0	-1.05e+06	0	-1.67722	
520	0.000138021	0.0770748	0	-1.05e+06	0	-1.67905	
521	0.000137953	0.0772128	0	-1.05e+06	0	-1.68087	
522	0.000137889	0.0773508	0	-1.05e+06	0	-1.68268	
523	0.000137829	0.0774886	0	-1.05e+06	0	-1.68447	
524	0.000137772	0.0776265	0	-1.05e+06	0	-1.68624	
525	0.000137719	0.0777642	0	-1.05e+06	0	-1.688	
526	0.000137669	0.077902	0	-1.05e+06	0	-1.68974	
527	0.000137621	0.0780396	0	-1.05e+06	0	-1.69146	
528	0.000137576	0.0781772	0	-1.05e+06	0	-1.69318	
529	0.000137534	0.0783148	0	-1.05e+06	0	-1.69487	
530	0.000137493	0.0784524	0	-1.05e+06	0	-1.69655	
531	0.000137454	0.0785899	0	-1.05e+06	0	-1.69822	
532	0.000137416	0.0787273	0	-1.05e+06	0	-1.69987	
533	0.00013738	0.0788647	0	-1.05e+06	0	-1.7015	
534	0.000137344	0.0790021	0	-1.05e+06	0	-1.70312	
535	0.000137309	0.0791394	0	-1.05e+06	0	-1.70472	
536	0.000137275	0.0792768	0	-1.05e+06	0	-1.70631	
537	0.000137237	0.079414	0	-1.05e+06	0	-1.70789	
538	0.0001372	0.0795513	0	-1.05e+06	0	-1.70945	
539	0.000137164	0.0796885	0	-1.05e+06	0	-1.71099	
540	0.00013713	0.0798256	0	-1.05e+06	0	-1.71252	
541	0.000137097	0.0799628	0	-1.05e+06	0	-1.71404	
542	0.000137067	0.0800999	0	-1.05e+06	0	-1.71554	
543	0.000137037	0.0802369	0	-1.05e+06	0	-1.71702	
544	0.000137008	0.080374	0	-1.05e+06	0	-1.71849	
545	0.000136976	0.080511	0	-1.05e+06	0	-1.71995	
546	0.000136944	0.0806479	0	-1.05e+06	0	-1.72139	
547	0.000136914	0.0807849	0	-1.05e+06	0	-1.72282	
548	0.000136884	0.0809218	0	-1.05e+06	0	-1.72423	
549	0.000136856	0.0810587	0	-1.05e+06	0	-1.72562	
550	0.000136829	0.0811955	0	-1.05e+06	0	-1.72701	
551	0.000136803	0.0813324	0	-1.05e+06	0	-1.72837	
552	0.00013678	0.0814692	0	-1.05e+06	0	-1.72973	
553	0.000136758	0.081606	0	-1.05e+06	0	-1.73106	
554	0.000136739	0.0817427	0	-1.05e+06	0	-1.73239	
555	0.000136722	0.0818795	0	-1.05e+06	0	-1.7337	
556	0.000136707	0.0820162	0	-1.05e+06	0	-1.73499	
557	0.000136696	0.0821529	0	-1.05e+06	0	-1.73627	
558	0.000136687	0.0822896	0	-1.05e+06	0	-1.73753	
559	0.000136681	0.0824263	0	-1.05e+06	0	-1.73879	
560	0.000136679	0.0825629	0	-1.05e+06	0	-1.74002	
561	0.000136679	0.0826996	0	-1.05e+06	0	-1.74124	
562	0.000136683	0.0828363	0	-1.05e+06	0	-1.74245	
563	0.000136689	0.082973	0	-1.05e+06	0	-1.74364	
564	0.000136699	0.0831097	0	-1.05e+06	0	-1.74482	
565	0.000136711	0.0832464	0	-1.05e+06	0	-1.74599	
566	0.000136727	0.0833831	0	-1.05e+06	0	-1.74713	
567	0.000136745	0.0835198	0	-1.05e+06	0	-1.74827	
568	0.000136765	0.0836566	0	-1.05e+06	0	-1.74939	
569	0.000136788	0.0837933	0	-1.05e+06	0	-1.7505	
570	0.000136812	0.0839301	0	-1.05e+06	0	-1.75159	
571	0.000136839	0.0840669	0	-1.05e+06	0	-1.75266	
572	0.000136867	0.0842038	0	-1.05e+06	0	-1.75373	
573	0.000136895	0.0843406	0	-1.05e+06	0	-1.75477	
574	0.000136925	0.0844775	0	-1.05e+06	0	-1.75581	
575	0.000136955	0.0846144	0	-1.05e+06	0	-1.75683	
576	0.000136986	0.0847514	0	-1.05e+06	0	-1.75783	
577	0.000137016	0.0848884	0	-1.05e+06	0	-1.75882	
578	0.000137045	0.0850254	0	-1.05e+06	0	-1.7598	
579	0.000137071	0.0851624	0	-1.05e+06	0	-1.76076	
580	0.000137068	0.0852995	0	-1.05e+06	0	-1.7617	
581	0.000137065	0.0854366	0	-1.05e+06	0	-1.76263	
582	0.000137063	0.0855737	0	-1.05e+06	0	-1.76355	
583	0.000137063	0.0857107	0	-1.05e+06	0	-1.76445	
584	0.000137063	0.0858478	0	-1.05e+06	0	-1.76533	
585	0.000137065	0.0859848	0	-1.05e+06	0	-1.7662	
586	0.000137068	0.0861219	0	-1.05e+06	0	-1.76706	
587	0.000137072	0.086259	0	-1.05e+06	0	-1.7679	
588	0.000137078	0.086396	0	-1.05e+06	0	-1.76872	
589	0.000137085	0.0865331	0	-1.05e+06	0	-1.76953	
590	0.000137093	0.0866702	0	-1.05e+06	0	-1.77033	
591	0.000137103	0.0868073	0	-1.05e+06	0	-1.77111	
592	0.000137114	0.0869444	0	-1.05e+06	0	-1.77187	
593	0.000137127	0.0870815	0	-1.05e+06	0	-1.77262	
594	0.00013714	0.0872186	0	-1.05e+06	0	-1.77335	
595	0.000137154	0.0873558	0	-1.05e+06	0	-1.77407	
596	0.00013717	0.0874929	0	-1.05e+06	0	-1.77478	
597	0.000137186	0.0876301	0	-1.05e+06	0	-1.77547	
598	0.0001372	0.0877673	0	-1.05e+06	0	-1.77614	
599	0.000137202	0.0879045	0	-1.05e+06	0	-1.7768	
600	0.000137187	0.0880417	0	-1.05e+06	0	-1.77744	
601	0.000137172	0.0881789	0	-1.05e+06	0	-1.77807	
602	0.000137157	0.0883161	0	-1.05e+06	0	-1.77868	
603	0.000137141	0.0884532	0	-1.05e+06	0	-1.77927	
604	0.000137127	0.0885904	0	-1.05e+06	0	-1.77986	
605	0.000137112	0.0887275	0	-1.05e+06	0	-1.78042	
606	0.000137099	0.0888646	0	-1.05e+06	0	-1.78097	
607	0.000137087	0.0890017	0	-1.05e+06	0	-1.7815	
608	0.000137076	0.0891388	0	-1.05e+06	0	-1.78202	
609	0.000137068	0.0892759	0	-1.05e+06	0	-1.78253	
610	0.000137061	0.0894129	0	-1.05e+06	0	-1.78301	
611	0.000137056	0.08955	0	-1.05e+06	0	-1.78348	
612	0.000137054	0.089687	0	-1.05e+06	0	-1.78394	
613	0.000137054	0.0898241	0	-1.05e+06	0	-1.78438	
614	0.000137057	0.0899612	0	-1.05e+06	0	-1.78481	
615	0.000137062	0.0900982	0	-1.05e+06	0	-1.78522	
616	0.00013707	0.0902353	0	-1.05e+06	0	-1.78561	
617	0.000137081	0.0903723	0	-1.05e+06	0	-1.78599	
618	0.000137094	0.0905094	0	-1.05e+06	0	-1.78635	
619	0.00013711	0.0906465	0	-1.05e+06	0	-1.7867	
620	0.000137128	0.0907836	0	-1.05e+06	0	-1.78703	
621	0.000137149	0.0909208	0	-1.05e+06	0	-1.78734	
622	0.000137173	0.0910579	0	-1.05e+06	0	-1.78764	
623	0.000137198	0.0911951	0	-1.05e+06	0	-1.78793	
624	0.000137225	0.0913323	0	-1.05e+06	0	-1.7882	
625	0.000137254	0.0914695	0	-1.05e+06	0	-1.78845	
626	0.000137285	0.0916068	0	-1.05e+06	0	-1.78869	
627	0.000137317	0.091744	0	-1.05e+06	0	-1.78891	
628	0.00013735	0.0918814	0	-1.05e+06	0	-1.78911	
629	0.000137384	0.0920187	0	-1.05e+06	0	-1.7893	
630	0.000137418	0.0921561	0	-1.05e+06	0	-1.78947	
631	0.000137453	0.0922935	0	-1.05e+06	0	-1.78963	
632	0.000137488	0.092431	0	-1.05e+06	0	-1.78977	
633	0.000137522	0.0925684	0	-1.05e+06	0	-1.78989	
634	0.000137556	0.092706	0	-1.05e+06	0	-1.79	
635	0.00013759	0.0928435	0	-1.05e+06	0	-1.7901	
636	0.000137623	0.0929811	0	-1.05e+06	0	-1.79017	
637	0.000137653	0.0931187	0	-1.05e+06	0	-1.79023	
638	0.000137681	0.0932564	0	-1.05e+06	0	-1.79027	
639	0.000137708	0.0933941	0	-1.05e+06	0	-1.7903	
640	0.000137733	0.0935318	0	-1.05e+06	0	-1.79031	
641	0.000137758	0.0936695	0	-1.05e+06	0	-1.79031	
642	0.000137781	0.0938073	0	-1.05e+06	0	-1.79028	
643	0.000137803	0.0939451	0	-1.05e+06	0	-1.79025	
644	0.000137824	0.0940829	0	-1.05e+06	0	-1.79019	
645	0.000137843	0.0942207	0	-1.05e+06	0	-1.79012	
646	0.00013786	0.0943585	0	-1.05e+06	0	-1.79003	
647	0.000137876	0.0944964	0	-1.05e+06	0	-1.78992	
648	0.000137891	0.0946343	0	-1.05e+06	0	-1.7898	
649	0.000137904	0.0947721	0	-1.05e+06	0	-1.78966	
650	0.000137914	0.0949101	0	-1.05e+06	0	-1.78951	
651	0.000137922	0.095048	0	-1.05e+06	0	-1.78934	
652	0.000137927	0.0951859	0	-1.05e+06	0	-1.78915	
653	0.000137931	0.0953238	0	-1.05e+06	0	-1.78894	
654	0.000137934	0.0954617	0	-1.05e+06	0	-1.78872	
655	0.000137935	0.0955997	0	-1.05e+06	0	-1.78848	
656	0.000137935	0.0957376	0	-1.05e+06	0	-1.78822	
657	0.000137934	0.0958756	0	-1.05e+06	0	-1.78794	
658	0.000137932	0.0960135	0	-1.05e+06	0	-1.78765	
659	0.000137929	0.0961514	0	-1.05e+06	0	-1.78734	
660	0.000137926	0.0962893	0	-1.05e+06	0	-1.78702	
661	0.000137922	0.0964273	0	-1.05e+06	0	-1.78668	
662	0.000137917	0.0965652	0	-1.05e+06	0	-1.78631	
663	0.000137911	0.0967031	0	-1.05e+06	0	-1.78594	
664	0.000137906	0.096841	0	-1.05e+06	0	-1.78554	
665	0.000137899	0.0969789	0	-1.05e+06	0	-1.78513	
666	0.000137893	0.0971168	0	-1.05e+06	0	-1.7847	
667	0.000137886	0.0972547	0	-1.05e+06	0	-1.78425	
668	0.000137878	0.0973926	0	-1.05e+06	0	-1.78379	
669	0.00013787	0.0975305	0	-1.05e+06	0	-1.78331	
670	0.000137862	0.0976684	0	-1.05e+06	0	-1.78281	
671	0.000137853	0.0978062	0	-1.05e+06	0	-1.78229	
672	0.000137844	0.0979441	0	-1.05e+06	0	-1.78175	
673	0.000137833	0.0980819	0	-1.05e+06	0	-1.7812	
674	0.000137822	0.0982197	0	-1.05e+06	0	-1.78063	
675	0.00013781	0.0983576	0	-1.05e+06	0	-1.78004	
676	0.000137797	0.0984954	0	-1.05e+06	0	-1.77944	
677	0.000137782	0.0986332	0	-1.05e+06	0	-1.77882	
678	0.000137767	0.098771	0	-1.05e+06	0	-1.77818	
679	0.000137749	0.0989087	0	-1.05e+06	0	-1.77752	
680	0.00013773	0.0990465	0	-1.05e+06	0	-1.77684	
681	0.000137708	0.0991842	0	-1.05e+06	0	-1.77615	
682	0.000137685	0.0993219	0	-1.05e+06	0	-1.77543	
683	0.000137659	0.0994596	0	-1.05e+06	0	-1.77471	
684	0.000137631	0.0995973	0	-1.05e+06	0	-1.77396	
685	0.0001376	0.0997349	0	-1.05e+06	0	-1.77319	
686	0.000137566	0.0998725	0	-1.05e+06	0	-1.77241	
687	0.000137529	0.10001	0	-1.05e+06	0	-1.77161	
688	0.000137477	0.100148	0	-1.05e+06	0	-1.77079	
689	0.000137411	0.100285	0	-1.05e+06	0	-1.76996	
690	0.000137345	0.100422	0	-1.05e+06	0	-1.7691	
691	0.000137278	0.10056	0	-1.05e+06	0	-1.76823	
692	0.000137211	0.100697	0	-1.05e+06	0	-1.76734	
693	0.000137142	0.100834	0	-1.05e+06	0	-1.76644	
694	0.000137073	0.100971	0	-1.05e+06	0	-1.76551	
695	0.000137004	0.101109	0	-1.05e+06	0	-1.76457	
696	0.000136934	0.101246	0	-1.05e+06	0	-1.76361	
697	0.000136864	0.101382	0	-1.05e+06	0	-1.76264	
698	0.000136794	0.101519	0	-1.05e+06	0	-1.76165	
699	0.000136723	0.101656	0	-1.05e+06	0	-1.76063	
700	0.000136652	0.101793	0	-1.05e+06	0	-1.75961	
701	0.000136581	0.101929	0	-1.05e+06	0	-1.75856	
702	0.000136502	0.102066	0	-1.05e+06	0	-1.7575	
703	0.000136419	0.102203	0	-1.05e+06	0	-1.75642	
704	0.000136336	0.102339	0	-1.05e+06	0	-1.75532	
705	0.00013625	0.102475	0	-1.05e+06	0	-1.75421	
706	0.000136158	0.102612	0	-1.05e+06	0	-1.75308	
707	0.000136063	0.102748	0	-1.05e+06	0	-1.75193	
708	0.000135966	0.102884	0	-1.05e+06	0	-1.75076	
709	0.00013586	0.10302	0	-1.05e+06	0	-1.74958	
710	0.000135752	0.103156	0	-1.05e+06	0	-1.74838	
711	0.000135643	0.103291	0	-1.05e+06	0	-1.74717	
712	0.000135533	0.103427	0	-1.05e+06	0	-1.74594	
713	0.000135423	0.103563	0	-1.05e+06	0	-1.74469	
714	0.000135312	0.103698	0	-1.05e+06	0	-1.74342	
715	0.000135201	0.103833	0	-1.05e+06	0	-1.74214	
716	0.00013509	0.103968	0	-1.05e+06	0	-1.74084	
717	0.00013498	0.104104	0	-1.05e+06	0	-1.73953	
718	0.000134871	0.104239	0	-1.05e+06	0	-1.7382	
719	0.000134762	0.104373	0	-1.05e+06	0	-1.73685	
720	0.000134655	0.104508	0	-1.05e+06	0	-1.73549	
721	0.000134549	0.104643	0	-1.05e+06	0	-1.73411	
722	0.000134446	0.104777	0	-1.05e+06	0	-1.73271	
723	0.000134344	0.104912	0	-1.05e+06	0	-1.7313	
724	0.000134244	0.105046	0	-1.05e+06	0	-1.72987	
725	0.000134147	0.10518	0	-1.05e+06	0	-1.72843	
726	0.000134052	0.105315	0	-1.05e+06	0	-1.72697	
727	0.000133961	0.105449	0	-1.05e+06	0	-1.72549	
728	0.000133872	0.105583	0	-1.05e+06	0	-1.724	
729	0.000133786	0.105716	0	-1.05e+06	0	-1.72249	
730	0.000133704	0.10585	0	-1.05e+06	0	-1.72097	
731	0.000133625	0.105984	0	-1.05e+06	0	-1.71943	
732	0.000133549	0.106118	0	-1.05e+06	0	-1.71787	
733	0.000133477	0.106251	0	-1.05e+06	0	-1.7163	
734	0.000133408	0.106385	0	-1.05e+06	0	-1.71471	
735	0.000133344	0.106518	0	-1.05e+06	0	-1.71311	
736	0.000133282	0.106651	0	-1.05e+06	0	-1.71149	
737	0.000133225	0.106785	0	-1.05e+06	0	-1.70986	
738	0.000133172	0.106918	0	-1.05e+06	0	-1.7082	
739	0.000133122	0.107051	0	-1.05e+06	0	-1.70654	
740	0.000133076	0.107184	0	-1.05e+06	0	-1.70485	
741	0.000133034	0.107317	0	-1.05e+06	0	-1.70315	
742	0.000132995	0.10745	0	-1.05e+06	0	-1.70144	
743	0.00013296	0.107583	0	-1.05e+06	0	-1.69971	
744	0.000132929	0.107716	0	-1.05e+06	0	-1.69796	
745	0.000132901	0.107849	0	-1.05e+06	0	-1.6962	
746	0.000132877	0.107982	0	-1.05e+06	0	-1.69442	
747	0.000132856	0.108115	0	-1.05e+06	0	-1.69262	
748	0.000132838	0.108248	0	-1.05e+06	0	-1.69081	
749	0.000132824	0.108381	0	-1.05e+06	0	-1.68898	
750	0.000132812	0.108513	0	-1.05e+06	0	-1.68714	
751	0.000132804	0.108646	0	-1.05e+06	0	-1.68528	
752	0.000132799	0.108779	0	-1.05e+06	0	-1.6834	
753	0.000132796	0.108912	0	-1.05e+06	0	-1.68151	
754	0.000132796	0.109045	0	-1.05e+06	0	-1.6796	
755	0.000132798	0.109177	0	-1.05e+06	0	-1.67768	
756	0.000132803	0.10931	0	-1.05e+06	0	-1.67574	
757	0.00013281	0.109443	0	-1.05e+06	0	-1.67378	
758	0.000132819	0.109576	0	-1.05e+06	0	-1.67181	
759	0.000132831	0.109709	0	-1.05e+06	0	-1.66982	
760	0.000132844	0.109842	0	-1.05e+06	0	-1.66782	
761	0.000132859	0.109974	0	-1.05e+06	0	-1.6658	
762	0.000132876	0.110107	0	-1.05e+06	0	-1.66376	
763	0.000132894	0.11024	0	-1.05e+06	0	-1.66171	
764	0.000132914	0.110373	0	-1.05e+06	0	-1.65964	
765	0.000132935	0.110506	0	-1.05e+06	0	-1.65755	
766	0.000132958	0.110639	0	-1.05e+06	0	-1.65545	
767	0.000132981	0.110772	0	-1.05e+06	0	-1.65334	
768	0.000133006	0.110905	0	-1.05e+06	0	-1.6512	
769	0.000133032	0.111038	0	-1.05e+06	0	-1.64905	
770	0.000133058	0.111171	0	-1.05e+06	0	-1.64689	
771	0.000133086	0.111304	0	-1.05e+06	0	-1.64471	
772	0.000133114	0.111437	0	-1.05e+06	0	-1.64251	
773	0.000133143	0.11157	0	-1.05e+06	0	-1.6403	
774	0.000133172	0.111703	0	-1.05e+06	0	-1.63807	
775	0.000133203	0.111836	0	-1.05e+06	0	-1.63582	
776	0.000133233	0.11197	0	-1.05e+06	0	-1.63356	
777	0.000133265	0.112103	0	-1.05e+06	0	-1.63129	
778	0.000133296	0.112236	0	-1.05e+06	0	-1.62899	
779	0.000133328	0.112369	0	-1.05e+06	0	-1.62668	
780	0.000133361	0.112503	0	-1.05e+06	0	-1.62436	
781	0.000133394	0.112636	0	-1.05e+06	0	-1.62202	
782	0.000133427	0.112769	0	-1.05e+06	0	-1.61966	
783	0.00013346	0.112903	0	-1.05e+06	0	-1.61729	
784	0.000133494	0.113036	0	-1.05e+06	0	-1.61491	
785	0.000133528	0.11317	0	-1.05e+06	0	-1.6125	
786	0.000133563	0.113303	0	-1.05e+06	0	-1.61008	
787	0.000133598	0.113437	0	-1.05e+06	0	-1.60765	
788	0.000133633	0.113571	0	-1.05e+06	0	-1.6052	
789	0.000133668	0.113704	0	-1.05e+06	0	-1.60274	
790	0.000133704	0.113838	0	-1.05e+06	0	-1.60026	
791	0.00013374	0.113972	0	-1.05e+06	0	-1.59776	
792	0.000133777	0.114105	0	-1.05e+06	0	-1.59525	
793	0.000133814	0.114239	0	-1.05e+06	0	-1.59272	
794	0.000133852	0.114373	0	-1.05e+06	0	-1.59018	
795	0.000133889	0.114507	0	-1.05e+06	0	-1.58762	
796	0.000133928	0.114641	0	-1.05e+06	0	-1.58505	
797	0.000133967	0.114775	0	-1.05e+06	0	-1.58246	
798	0.000134007	0.114909	0	-1.05e+06	0	-1.57986	
799	0.000134047	0.115043	0	-1.05e+06	0	-1.57724	
800	0.000134088	0.115177	0	-1.05e+06	0	-1.5746	
801	0.00013413	0.115311	0	-1.05e+06	0	-1.57195	
802	0.000134172	0.115445	0	-1.05e+06	0	-1.56929	
803	0.000134215	0.115579	0	-1.05e+06	0	-1.56661	
804	0.000134259	0.115713	0	-1.05e+06	0	-1.56392	
805	0.000134305	0.115847	0	-1.05e+06	0	-1.56121	
806	0.000134351	0.115982	0	-1.05e+06	0	-1.55848	
807	0.000134398	0.116116	0	-1.05e+06	0	-1.55574	
808	0.000134446	0.11625	0	-1.05e+06	0	-1.55299	
809	0.000134496	0.116385	0	-1.05e+06	0	-1.55022	
810	0.000134546	0.116519	0	-1.05e+06	0	-1.54743	
811	0.000134598	0.116654	0	-1.05e+06	0	-1.54463	
812	0.000134651	0.116789	0	-1.05e+06	0	-1.54182	
813	0.000134706	0.116923	0	-1.05e+06	0	-1.53899	
814	0.000134762	0.117058	0	-1.05e+06	0	-1.53614	
815	0.00013482	0.117193	0	-1.05e+06	0	-1.53329	
816	0.000134879	0.117328	0	-1.05e+06	0	-1.53041	
817	0.00013494	0.117462	0	-1.05e+06	0	-1.52752	
818	0.000135003	0.117597	0	-1.05e+06	0	-1.52462	
819	0.000135067	0.117732	0	-1.05e+06	0	-1.5217	
820	0.000135133	0.117867	0	-1.05e+06	0	-1.51877	
821	0.0001352	0.118003	0	-1.05e+06	0	-1.51582	
822	0.00013527	0.118138	0	-1.05e+06	0	-1.51285	
823	0.000135341	0.118273	0	-1.05e+06	0	-1.50987	
824	0.000135414	0.118408	0	-1.05e+06	0	-1.50688	
825	0.00013549	0.118544	0	-1.05e+06	0	-1.50387	
826	0.000135566	0.118679	0	-1.05e+06	0	-1.50085	
827	0.000135645	0.118815	0	-1.05e+06	0	-1.49781	
828	0.000135726	0.11895	0	-1.05e+06	0	-1.49476	
829	0.000135809	0.119086	0	-1.05e+06	0	-1.49169	
830	0.000135893	0.119222	0	-1.05e+06	0	-1.48861	
831	0.000135979	0.119358	0	-1.05e+06	0	-1.48551	
832	0.000136068	0.119494	0	-1.05e+06	0	-1.4824	
833	0.000136157	0.11963	0	-1.05e+06	0	-1.47927	
834	0.000136249	0.119766	0	-1.05e+06	0	-1.47613	
835	0.000136343	0.119902	0	-1.05e+06	0	-1.47297	
836	0.000136438	0.120039	0	-1.05e+06	0	-1.4698	
837	0.000136534	0.120175	0	-1.05e+06	0	-1.46662	
838	0.000136633	0.120312	0	-1.05e+06	0	-1.46341	
839	0.000136732	0.120448	0	-1.05e+06	0	-1.4602	
840	0.000136833	0.120585	0	-1.05e+06	0	-1.45697	
841	0.000136936	0.120722	0	-1.05e+06	0	-1.45372	
842	0.00013704	0.120859	0	-1.05e+06	0	-1.45046	
843	0.000137145	0.120996	0	-1.05e+06	0	-1.44718	
844	0.000137251	0.121133	0	-1.05e+06	0	-1.44389	
845	0.000137358	0.12127	0	-1.05e+06	0	-1.44059	
846	0.000137466	0.121408	0	-1.05e+06	0	-1.43727	
847	0.000137575	0.121545	0	-1.05e+06	0	-1.43393	
848	0.000137685	0.121683	0	-1.05e+06	0	-1.43058	
849	0.000137796	0.12182	0	-1.05e+06	0	-1.42722	
850	0.000137907	0.121958	0	-1.05e+06	0	-1.42384	
851	0.000138019	0.122096	0	-1.05e+06	0	-1.42045	
852	0.000138132	0.122234	0	-1.05e+06	0	-1.41704	
853	0.000138245	0.122372	0	-1.05e+06	0	-1.41362	
854	0.000138358	0.12251	0	-1.05e+06	0	-1.41018	
855	0.000138472	0.122649	0	-1.05e+06	0	-1.40673	
856	0.000138587	0.122787	0	-1.05e+06	0	-1.40326	
857	0.000138701	0.122926	0	-1.05e+06	0	-1.39978	
858	0.000138816	0.123065	0	-1.05e+06	0	-1.39629	
859	0.000138932	0.123203	0	-1.05e+06	0	-1.39278	
860	0.000139047	0.123342	0	-1.05e+06	0	-1.38925	
861	0.000139163	0.123481	0	-1.05e+06	0	-1.38571	
862	0.000139279	0.12362	0	-1.05e+06	0	-1.38216	
863	0.000139395	0.12376	0	-1.05e+06	0	-1.3786	
864	0.000139511	0.123899	0	-1.05e+06	0	-1.37502	
865	0.000139628	0.124039	0	-1.05e+06	0	-1.37142	
866	0.000139745	0.124178	0	-1.05e+06	0	-1.36781	
867	0.000139861	0.124318	0	-1.05e+06	0	-1.36419	
868	0.000139978	0.124458	0	-1.05e+06	0	-1.36055	
869	0.000140096	0.124598	0	-1.05e+06	0	-1.3569	
870	0.000140213	0.124738	0	-1.05e+06	0	-1.35324	
871	0.00014033	0.124878	0	-1.05e+06	0	-1.34956	
872	0.000140448	0.125019	0	-1.05e+06	0	-1.34587	
873	0.000140566	0.125159	0	-1.05e+06	0	-1.34217	
874	0.000140683	0.1253	0	-1.05e+06	0	-1.33845	
875	0.000140801	0.12544	0	-1.05e+06	0	-1.33472	
876	0.000140918	0.125581	0	-1.05e+06	0	-1.33097	
877	0.000141036	0.125722	0	-1.05e+06	0	-1.32721	
878	0.000141153	0.125863	0	-1.05e+06	0	-1.32344	
879	0.00014127	0.126004	0	-1.05e+06	0	-1.31966	
880	0.000141387	0.126145	0	-1.05e+06	0	-1.31586	
881	0.000141503	0.126287	0	-1.05e+06	0	-1.31205	
882	0.000141618	0.126428	0	-1.05e+06	0	-1.30822	
883	0.000141733	0.12657	0	-1.05e+06	0	-1.30439	
884	0.000141847	0.126712	0	-1.05e+06	0	-1.30054	
885	0.00014196	0.126853	0	-1.05e+06	0	-1.29668	
886	0.000142071	0.126995	0	-1.05e+06	0	-1.2928	
887	0.000142181	0.127138	0	-1.05e+06	0	-1.28892	
888	0.00014229	0.12728	0	-1.05e+06	0	-1.28502	
889	0.000142396	0.127422	0	-1.05e+06	0	-1.28111	
890	0.000142494	0.127564	0	-1.05e+06	0	-1.27718	
891	0.00014257	0.127707	0	-1.05e+06	0	-1.27325	
892	0.000142642	0.127849	0	-1.05e+06	0	-1.2693	
893	0.000142711	0.127992	0	-1.05e+06	0	-1.26535	
894	0.000142779	0.128135	0	-1.05e+06	0	-1.26138	
895	0.000142846	0.128278	0	-1.05e+06	0	-1.25741	
896	0.000142908	0.12842	0	-1.05e+06	0	-1.25342	
897	0.000142968	0.128563	0	-1.05e+06	0	-1.24942	
898	0.000143026	0.128706	0	-1.05e+06	0	-1.24542	
899	0.00014308	0.128849	0	-1.05e+06	0	-1.2414	
900	0.000143134	0.128992	0	-1.05e+06	0	-1.23737	
901	0.000143186	0.129136	0	-1.05e+06	0	-1.23334	
902	0.000143237	0.129279	0	-1.05e+06	0	-1.22929	
903	0.000143286	0.129422	0	-1.05e+06	0	-1.22524	
904	0.000143334	0.129565	0	-1.05e+06	0	-1.22117	
905	0.00014338	0.129709	0	-1.05e+06	0	-1.2171	
906	0.000143425	0.129852	0	-1.05e+06	0	-1.21302	
907	0.000143468	0.129995	0	-1.05e+06	0	-1.20893	
908	0.000143509	0.130139	0	-1.05e+06	0	-1.20483	
909	0.000143549	0.130282	0	-1.05e+06	0	-1.20073	
910	0.000143587	0.130426	0	-1.05e+06	0	-1.19661	
911	0.000143623	0.130569	0	-1.05e+06	0	-1.19249	
912	0.000143658	0.130713	0	-1.05e+06	0	-1.18836	
913	0.000143686	0.130857	0	-1.05e+06	0	-1.18422	
914	0.000143712	0.131	0	-1.05e+06	0	-1.18008	
915	0.000143735	0.131144	0	-1.05e+06	0	-1.17593	
916	0.000143756	0.131288	0	-1.05e+06	0	-1.17177	
917	0.000143773	0.131432	0	-1.05e+06	0	-1.1676	
918	0.000143788	0.131575	0	-1.05e+06	0	-1.16343	
919	0.0001438	0.131719	0	-1.05e+06	0	-1.15925	
920	0.00014381	0.131863	0	-1.05e+06	0	-1.15506	
921	0.000143815	0.132007	0	-1.05e+06	0	-1.15087	
922	0.000143815	0.132151	0	-1.05e+06	0	-1.14667	
923	0.000143813	0.132294	0	-1.05e+06	0	-1.14247	
924	0.000143797	0.132438	0	-1.05e+06	0	-1.13826	
925	0.000143767	0.132582	0	-1.05e+06	0	-1.13404	
926	0.000143734	0.132726	0	-1.05e+06	0	-1.12983	
927	0.000143699	0.13287	0	-1.05e+06	0	-1.1256	
928	0.000143663	0.133013	0	-1.05e+06	0	-1.12138	
929	0.000143624	0.133157	0	-1.05e+06	0	-1.11715	
930	0.000143584	0.133301	0	-1.05e+06	0	-1.11291	
931	0.000143542	0.133444	0	-1.05e+06	0	-1.10868	
932	0.000143498	0.133588	0	-1.05e+06	0	-1.10444	
933	0.000143454	0.133731	0	-1.05e+06	0	-1.10019	
934	0.000143408	0.133875	0	-1.05e+06	0	-1.09594	
935	0.000143361	0.134018	0	-1.05e+06	0	-1.09169	
936	0.000143313	0.134161	0	-1.05e+06	0	-1.08744	
937	0.000143264	0.134305	0	-1.05e+06	0	-1.08318	
938	0.000143215	0.134448	0	-1.05e+06	0	-1.07892	
939	0.000143164	0.134591	0	-1.05e+06	0	-1.07466	
940	0.000143113	0.134734	0	-1.05e+06	0	-1.07039	
941	0.000143061	0.134877	0	-1.05e+06	0	-1.06612	
942	0.000143009	0.135021	0	-1.05e+06	0	-1.06186	
943	0.000142956	0.135164	0	-1.05e+06	0	-1.05758	
944	0.000142902	0.135307	0	-1.05e+06	0	-1.05331	
945	0.000142848	0.135449	0	-1.05e+06	0	-1.04903	
946	0.000142793	0.135592	0	-1.05e+06	0	-1.04475	
947	0.000142738	0.135735	0	-1.05e+06	0	-1.04047	
948	0.000142682	0.135878	0	-1.05e+06	0	-1.03619	
949	0.000142625	0.13602	0	-1.05e+06	0	-1.03191	
950	0.000142568	0.136163	0	-1.05e+06	0	-1.02762	
951	0.000142511	0.136306	0	-1.05e+06	0	-1.02334	
952	0.000142453	0.136448	0	-1.05e+06	0	-1.01905	
953	0.000142394	0.136591	0	-1.05e+06	0	-1.01476	
954	0.000142335	0.136733	0	-1.05e+06	0	-1.01047	
955	0.000142276	0.136875	0	-1.05e+06	0	-1.00618	
956	0.000142216	0.137018	0	-1.05e+06	0	-1.00189	
957	0.000142156	0.13716	0	-1.05e+06	0	-0.997598	
958	0.000142095	0.137302	0	-1.05e+06	0	-0.993305	
959	0.000142034	0.137444	0	-1.05e+06	0	-0.989011	
960	0.000141973	0.137586	0	-1.05e+06	0	-0.984716	
961	0.000141912	0.137728	0	-1.05e+06	0	-0.980421	
962	0.00014185	0.13787	0	-1.05e+06	0	-0.976126	
963	0.000141788	0.138012	0	-1.05e+06	0	-0.971831	
964	0.000141727	0.138154	0	-1.05e+06	0	-0.967535	
965	0.000141665	0.138295	0	-1.05e+06	0	-0.963239	
966	0.000141603	0.138437	0	-1.05e+06	0	-0.958943	
967	0.000141542	0.138579	0	-1.05e+06	0	-0.954647	
968	0.000141481	0.13872	0	-1.05e+06	0	-0.950351	
969	0.00014142	0.138862	0	-1.05e+06	0	-0.946055	
970	0.00014136	0.139003	0	-1.05e+06	0	-0.941759	
971	0.0001413	0.139144	0	-1.05e+06	0	-0.937464	
972	0.000141241	0.139286	0	-1.05e+06	0	-0.933169	
973	0.000141182	0.139427	0	-1.05e+06	0	-0.928875	
974	0.000141125	0.139568	0	-1.05e+06	0	-0.924581	
975	0.000141068	0.139709	0	-1.05e+06	0	-0.920287	
976	0.000141012	0.13985	0	-1.05e+06	0	-0.915994	
977	0.000140957	0.139991	0	-1.05e+06	0	-0.911702	
978	0.000140904	0.140132	0	-1.05e+06	0	-0.90741	
979	0.000140851	0.140273	0	-1.05e+06	0	-0.903119	
980	0.0001408	0.140414	0	-1.05e+06	0	-0.898829	
981	0.000140751	0.140555	0	-1.05e+06	0	-0.894539	
982	0.000140703	0.140696	0	-1.05e+06	0	-0.89025	
983	0.000140656	0.140836	0	-1.05e+06	0	-0.885963	
984	0.000140611	0.140977	0	-1.05e+06	0	-0.881676	
985	0.000140568	0.141118	0	-1.05e+06	0	-0.87739	
986	0.000140526	0.141258	0	-1.05e+06	0	-0.873105	
987	0.000140487	0.141399	0	-1.05e+06	0	-0.868821	
988	0.000140449	0.141539	0	-1.05e+06	0	-0.864538	
989	0.000140413	0.14168	0	-1.05e+06	0	-0.860256	
990	0.000140379	0.14182	0	-1.05e+06	0	-0.855975	
991	0.000140347	0.14196	0	-1.05e+06	0	-0.851696	
992	0.000140317	0.142101	0	-1.05e+06	0	-0.847417	
993	0.00014029	0.142241	0	-1.05e+06	0	-0.84314	
994	0.000140264	0.142381	0	-1.05e+06	0	-0.838864	
995	0.00014024	0.142522	0	-1.05e+06	0	-0.83459	
996	0.000140219	0.142662	0	-1.05e+06	0	-0.830316	
997	0.0001402	0.142802	0	-1.05e+06	0	-0.826044	
998	0.000140183	0.142942	0	-1.05e+06	0	-0.821773	
999	0.000140168	0.143083	0	-1.05e+06	0	-0.817504	
1000	0.000140156	0.143223	0	-1.05e+06	0	-0.813236	
1001	0.000140146	0.143363	0	-1.05e+06	0	-0.80897	
1002	0.000140138	0.143503	0	-1.05e+06	0	-0.804705	
1003	0.000140132	0.143643	0	-1.05e+06	0	-0.800441	
1004	0.000140128	0.143783	0	-1.05e+06	0	-0.796179	
1005	0.000140127	0.143923	0	-1.05e+06	0	-0.791919	
1006	0.000140128	0.144063	0	-1.05e+06	0	-0.78766	
1007	0.000140131	0.144204	0	-1.05e+06	0	-0.783403	
1008	0.000140137	0.144344	0	-1.05e+06	0	-0.779148	
1009	0.000140145	0.144484	0	-1.05e+06	0	-0.774895	
1010	0.000140154	0.144624	0	-1.05e+06	0	-0.770643	
1011	0.000140166	0.144764	0	-1.05e+06	0	-0.766393	
1012	0.000140181	0.144904	0	-1.05e+06	0	-0.762145	
1013	0.000140197	0.145045	0	-1.05e+06	0	-0.757899	
1014	0.000140215	0.145185	0	-1.05e+06	0	-0.753656	
1015	0.000140236	0.145325	0	-1.05e+06	0	-0.749414	
1016	0.000140258	0.145465	0	-1.05e+06	0	-0.745174	
1017	0.000140283	0.145605	0	-1.05e+06	0	-0.740937	
1018	0.000140309	0.145746	0	-1.05e+06	0	-0.736702	
1019	0.000140337	0.145886	0	-1.05e+06	0	-0.732469	
1020	0.000140367	0.146026	0	-1.05e+06	0	-0.728238	
1021	0.000140399	0.146167	0	-1.05e+06	0	-0.724011	
1022	0.000140433	0.146307	0	-1.05e+06	0	-0.719785	
1023	0.000140468	0.146448	0	-1.05e+06	0	-0.715562	
1024	0.000140505	0.146588	0	-1.05e+06	0	-0.711342	
1025	0.000140544	0.146729	0	-1.05e+06	0	-0.707125	
1026	0.000140584	0.146869	0	-1.05e+06	0	-0.702911	
1027	0.000140626	0.14701	0	-1.05e+06	0	-0.6987	
1028	0.000140669	0.14715	0	-1.05e+06	0	-0.694491	
1029	0.000140713	0.147291	0	-1.05e+06	0	-0.690286	
1030	0.000140758	0.147432	0	-1.05e+06	0	-0.686084	
1031	0.000140805	0.147572	0	-1.05e+06	0	-0.681886	
1032	0.000140852	0.147713	0	-1.05e+06	0	-0.677691	
1033	0.000140901	0.147854	0	-1.05e+06	0	-0.673499	
1034	0.000140951	0.147995	0	-1.05e+06	0	-0.669312	
1035	0.000141001	0.148136	0	-1.05e+06	0	-0.665128	
1036	0.000141052	0.148277	0	-1.05e+06	0	-0.660948	
1037	0.000141104	0.148418	0	-1.05e+06	0	-0.656772	
1038	0.000141156	0.148559	0	-1.05e+06	0	-0.6526	
1039	0.000141209	0.1487	0	-1.05e+06	0	-0.648432	
1040	0.000141263	0.148841	0	-1.05e+06	0	-0.644269	
1041	0.000141316	0.148983	0	-1.05e+06	0	-0.640111	
1042	0.000141371	0.149124	0	-1.05e+06	0	-0.635957	
1043	0.000141425	0.149265	0	-1.05e+06	0	-0.631808	
1044	0.000141479	0.149407	0	-1.05e+06	0	-0.627664	
1045	0.000141534	0.149548	0	-1.05e+06	0	-0.623525	
1046	0.000141589	0.14969	0	-1.05e+06	0	-0.619391	
1047	0.000141643	0.149831	0	-1.05e+06	0	-0.615263	
1048	0.000141698	0.149973	0	-1.05e+06	0	-0.61114	
1049	0.000141753	0.150115	0	-1.05e+06	0	-0.607023	
1050	0.000141807	0.150257	0	-1.05e+06	0	-0.602911	
1051	0.000141862	0.150398	0	-1.05e+06	0	-0.598806	
1052	0.000141916	0.15054	0	-1.05e+06	0	-0.594706	
1053	0.00014197	0.150682	0	-1.05e+06	0	-0.590613	
1054	0.000142024	0.150824	0	-1.05e+06	0	-0.586527	
1055	0.000142078	0.150966	0	-1.05e+06	0	-0.582446	
1056	0.000142131	0.151108	0	-1.05e+06	0	-0.578373	
1057	0.000142185	0.15125	0	-1.05e+06	0	-0.574306	
1058	0.000142238	0.151393	0	-1.05e+06	0	-0.570247	
1059	0.000142292	0.151535	0	-1.05e+06	0	-0.566194	
1060	0.000142345	0.151677	0	-1.05e+06	0	-0.562148	
1061	0.000142398	0.151819	0	-1.05e+06	0	-0.55811	
1062	0.000142452	0.151962	0	-1.05e+06	0	-0.55408	
1063	0.000142505	0.152104	0	-1.05e+06	0	-0.550057	
1064	0.000142559	0.152247	0	-1.05e+06	0	-0.546042	
1065	0.000142613	0.152389	0	-1.05e+06	0	-0.542035	
1066	0.000142667	0.152532	0	-1.05e+06	0	-0.538035	
1067	0.000142722	0.152675	0	-1.05e+06	0	-0.534044	
1068	0.000142777	0.152817	0	-1.05e+06	0	-0.530061	
1069	0.000142833	0.15296	0	-1.05e+06	0	-0.526087	
1070	0.000142889	0.153103	0	-1.05e+06	0	-0.522121	
1071	0.000142947	0.153246	0	-1.05e+06	0	-0.518163	
1072	0.000143005	0.153389	0	-1.05e+06	0	-0.514214	
1073	0.000143064	0.153532	0	-1.05e+06	0	-0.510274	
1074	0.000143124	0.153675	0	-1.05e+06	0	-0.506343	
1075	0.000143185	0.153818	0	-1.05e+06	0	-0.50242	
1076	0.000143248	0.153961	0	-1.05e+06	0	-0.498507	
1077	0.000143311	0.154104	0	-1.05e+06	0	-0.494603	
1078	0.000143376	0.154248	0	-1.05e+06	0	-0.490708	
1079	0.000143443	0.154391	0	-1.05e+06	0	-0.486822	
1080	0.000143511	0.154535	0	-1.05e+06	0	-0.482946	
1081	0.000143581	0.154678	0	-1.05e+06	0	-0.479079	
1082	0.000143652	0.154822	0	-1.05e+06	0	-0.475222	
1083	0.000143725	0.154965	0	-1.05e+06	0	-0.471374	
1084	0.0001438	0.155109	0	-1.05e+06	0	-0.467536	
1085	0.000143877	0.155253	0	-1.05e+06	0	-0.463707	
1086	0.000143956	0.155397	0	-1.05e+06	0	-0.459888	
1087	0.000144036	0.155541	0	-1.05e+06	0	-0.45608	
1088	0.000144119	0.155685	0	-1.05e+06	0	-0.452281	
1089	0.000144203	0.155829	0	-1.05e+06	0	-0.448492	
1090	0.000144289	0.155973	0	-1.05e+06	0	-0.444713	
1091	0.000144378	0.156117	0	-1.05e+06	0	-0.440944	
1092	0.000144468	0.156262	0	-1.05e+06	0	-0.437185	
1093	0.00014456	0.156406	0	-1.05e+06	0	-0.433436	
1094	0.000144654	0.156551	0	-1.05e+06	0	-0.429698	
1095	0.00014475	0.156695	0	-1.05e+06	0	-0.42597	
1096	0.000144848	0.15684	0	-1.05e+06	0	-0.422253	
1097	0.000144948	0.156985	0	-1.05e+06	0	-0.418545	
1098	0.000145049	0.15713	0	-1.05e+06	0	-0.414849	
1099	0.000145152	0.157275	0	-1.05e+06	0	-0.411163	
1100	0.000145257	0.15742	0	-1.05e+06	0	-0.407487	
1101	0.000145363	0.157565	0	-1.05e+06	0	-0.403823	
1102	0.000145471	0.157711	0	-1.05e+06	0	-0.400169	
1103	0.000145581	0.157856	0	-1.05e+06	0	-0.396526	
1104	0.000145691	0.158002	0	-1.05e+06	0	-0.392894	
1105	0.000145803	0.158147	0	-1.05e+06	0	-0.389273	
1106	0.000145916	0.158293	0	-1.05e+06	0	-0.385663	
1107	0.000146031	0.158439	0	-1.05e+06	0	-0.382064	
1108	0.000146146	0.158585	0	-1.05e+06	0	-0.378477	
1109	0.000146262	0.158731	0	-1.05e+06	0	-0.374901	
1110	0.00014638	0.158878	0	-1.05e+06	0	-0.371336	
1111	0.000146498	0.159024	0	-1.05e+06	0	-0.367783	
1112	0.000146617	0.15917	0	-1.05e+06	0	-0.364241	
1113	0.000146736	0.159317	0	-1.05e+06	0	-0.360712	
1114	0.000146856	0.159464	0	-1.05e+06	0	-0.357194	
1115	0.000146977	0.159611	0	-1.05e+06	0	-0.353687	
1116	0.000147099	0.159758	0	-1.05e+06	0	-0.350193	
1117	0.000147221	0.159905	0	-1.05e+06	0	-0.346711	
1118	0.000147343	0.160052	0	-1.05e+06	0	-0.343241	
1119	0.000147467	0.160199	0	-1.05e+06	0	-0.339783	
1120	0.00014759	0.160347	0	-1.05e+06	0	-0.336338	
1121	0.000147714	0.160494	0	-1.05e+06	0	-0.332905	
1122	0.000147839	0.160642	0	-1.05e+06	0	-0.329485	
1123	0.000147964	0.16079	0	-1.05e+06	0	-0.326077	
1124	0.00014809	0.160938	0	-1.05e+06	0	-0.322682	
1125	0.000148216	0.161086	0	-1.05e+06	0	-0.3193	
1126	0.000148343	0.161234	0	-1.05e+06	0	-0.315931	
1127	0.000148471	0.161383	0	-1.05e+06	0	-0.312575	
1128	0.000148599	0.161531	0	-1.05e+06	0	-0.309232	
1129	0.000148729	0.16168	0	-1.05e+06	0	-0.305902	
1130	0.000148859	0.161828	0	-1.05e+06	0	-0.302585	
1131	0.000148991	0.161977	0	-1.05e+06	0	-0.299281	
1132	0.000149123	0.162126	0	-1.05e+06	0	-0.295991	
1133	0.000149257	0.162275	0	-1.05e+06	0	-0.292715	
1134	0.000149393	0.162425	0	-1.05e+06	0	-0.289452	
1135	0.00014953	0.162574	0	-1.05e+06	0	-0.286203	
1136	0.000149668	0.162723	0	-1.05e+06	0	-0.282967	
1137	0.000149809	0.162873	0	-1.05e+06	0	-0.279745	
1138	0.000149951	0.163023	0	-1.05e+06	0	-0.276537	
1139	0.000150096	0.163173	0	-1.05e+06	0	-0.273343	
1140	0.000150242	0.163323	0	-1.05e+06	0	-0.270163	
1141	0.000150392	0.163473	0	-1.05e+06	0	-0.266996	
1142	0.000150543	0.163624	0	-1.05e+06	0	-0.263844	
1143	0.000150698	0.163774	0	-1.05e+06	0	-0.260706	
1144	0.000150855	0.163925	0	-1.05e+06	0	-0.257581	
1145	0.000151015	0.164076	0	-1.05e+06	0	-0.254471	
1146	0.000151179	0.164227	0	-1.05e+06	0	-0.251375	
1147	0.000151345	0.164378	0	-1.05e+06	0	-0.248294	
1148	0.000151515	0.164529	0	-1.05e+06	0	-0.245226	
1149	0.000151689	0.164681	0	-1.05e+06	0	-0.242173	
1150	0.000151866	0.164832	0	-1.05e+06	0	-0.239134	
1151	0.000152046	0.164984	0	-1.05e+06	0	-0.236109	
1152	0.000152231	0.165136	0	-1.05e+06	0	-0.233099	
1153	0.00015242	0.165289	0	-1.05e+06	0	-0.230103	
1154	0.000152612	0.165441	0	-1.05e+06	0	-0.227121	
1155	0.000152809	0.165594	0	-1.05e+06	0	-0.224154	
1156	0.000153009	0.165746	0	-1.05e+06	0	-0.221201	
1157	0.000153214	0.165899	0	-1.05e+06	0	-0.218262	
1158	0.000153423	0.166053	0	-1.05e+06	0	-0.215338	
1159	0.000153637	0.166206	0	-1.05e+06	0	-0.212428	
1160	0.000153854	0.16636	0	-1.05e+06	0	-0.209533	
1161	0.000154076	0.166514	0	-1.05e+06	0	-0.206652	
1162	0.000154302	0.166668	0	-1.05e+06	0	-0.203786	
1163	0.000154533	0.166822	0	-1.05e+06	0	-0.200934	
1164	0.000154767	0.166977	0	-1.05e+06	0	-0.198097	
1165	0.000155006	0.167131	0	-1.05e+06	0	-0.195274	
1166	0.000155249	0.167286	0	-1.05e+06	0	-0.192466	
1167	0.000155495	0.167442	0	-1.05e+06	0	-0.189673	
1168	0.000155746	0.167597	0	-1.05e+06	0	-0.186894	
1169	0.000156001	0.167753	0	-1.05e+06	0	-0.18413	
1170	0.000156259	0.167909	0	-1.05e+06	0	-0.18138	
1171	0.000156521	0.168065	0	-1.05e+06	0	-0.178646	
1172	0.000156787	0.168222	0	-1.05e+06	0	-0.175926	
1173	0.000157056	0.168378	0	-1.05e+06	0	-0.17322	
1174	0.000157329	0.168535	0	-1.05e+06	0	-0.17053	
1175	0.000157604	0.168693	0	-1.05e+06	0	-0.167855	
1176	0.000157883	0.16885	0	-1.05e+06	0	-0.165195	
1177	0.000158164	0.169008	0	-1.05e+06	0	-0.162549	
1178	0.000158448	0.169166	0	-1.05e+06	0	-0.159919	
1179	0.000158735	0.169325	0	-1.05e+06	0	-0.157304	
1180	0.000159024	0.169484	0	-1.05e+06	0	-0.154704	
1181	0.000159316	0.169643	0	-1.05e+06	0	-0.15212	
1182	0.000159609	0.169802	0	-1.05e+06	0	-0.149551	
1183	0.000159904	0.169962	0	-1.05e+06	0	-0.146997	
1184	0.000160201	0.170121	0	-1.05e+06	0	-0.14446	
1185	0.0001605	0.170282	0	-1.05e+06	0	-0.141937	
1186	0.0001608	0.170442	0	-1.05e+06	0	-0.139431	
1187	0.000161101	0.170603	0	-1.05e+06	0	-0.13694	
1188	0.000161403	0.170764	0	-1.05e+06	0	-0.134465	
1189	0.000161706	0.170925	0	-1.05e+06	0	-0.132007	
1190	0.000162009	0.171087	0	-1.05e+06	0	-0.129565	
1191	0.000162313	0.171249	0	-1.05e+06	0	-0.127139	
1192	0.000162618	0.171411	0	-1.05e+06	0	-0.124729	
1193	0.000162922	0.171574	0	-1.05e+06	0	-0.122336	
1194	0.000163226	0.171737	0	-1.05e+06	0	-0.11996	
1195	0.000163531	0.1719	0	-1.05e+06	0	-0.1176	
1196	0.000163834	0.172064	0	-1.05e+06	0	-0.115258	
1197	0.000164138	0.172228	0	-1.05e+06	0	-0.112932	
1198	0.00016444	0.172392	0	-1.05e+06	0	-0.110624	
1199	0.000164742	0.172556	0	-1.05e+06	0	-0.108334	
1200	0.000165043	0.172721	0	-1.05e+06	0	-0.106061	
1201	0.000165342	0.172886	0	-1.05e+06	0	-0.103805	
1202	0.00016564	0.173051	0	-1.05e+06	0	-0.101568	
1203	0.000165936	0.173217	0	-1.05e+06	0	-0.0993487	
1204	0.000166231	0.173383	0	-1.05e+06	0	-0.0971476	
1205	0.000166524	0.173549	0	-1.05e+06	0	-0.094965	
1206	0.000166814	0.173716	0	-1.05e+06	0	-0.092801	
1207	0.000167103	0.173882	0	-1.05e+06	0	-0.0906558	
1208	0.000167389	0.17405	0	-1.05e+06	0	-0.0885296	
1209	0.000167672	0.174217	0	-1.05e+06	0	-0.0864225	
1210	0.000167952	0.174385	0	-1.05e+06	0	-0.0843347	
1211	0.00016823	0.174553	0	-1.05e+06	0	-0.0822665	
1212	0.000168504	0.174721	0	-1.05e+06	0	-0.0802181	
1213	0.000168774	0.174889	0	-1.05e+06	0	-0.0781896	
1214	0.000169041	0.175058	0	-1.05e+06	0	-0.0761813	
1215	0.000169304	0.175227	0	-1.05e+06	0	-0.0741933	
1216	0.000169563	0.175396	0	-1.05e+06	0	-0.0722258	
1217	0.000169817	0.175566	0	-1.05e+06	0	-0.0702792	
1218	0.000170067	0.175736	0	-1.05e+06	0	-0.0683536	
1219	0.000170311	0.175906	0	-1.05e+06	0	-0.0664492	
1220	0.000170551	0.176076	0	-1.05e+06	0	-0.0645662	
1221	0.000170785	0.176247	0	-1.05e+06	0	-0.0627048	
1222	0.000171014	0.176417	0	-1.05e+06	0	-0.0608654	
1223	0.000171237	0.176589	0	-1.05e+06	0	-0.0590481	
1224	0.000171454	0.17676	0	-1.05e+06	0	-0.0572531	
1225	0.000171664	0.176931	0	-1.05e+06	0	-0.0554807	
1226	0.000171868	0.177103	0	-1.05e+06	0	-0.0537311	
1227	0.000172065	0.177275	0	-1.05e+06	0	-0.0520046	
1228	0.000172255	0.177447	0	-1.05e+06	0	-0.0503013	
1229	0.000172437	0.177619	0	-1.05e+06	0	-0.0486216	
1230	0.000172612	0.177791	0	-1.05e+06	0	-0.0469657	
1231	0.000172777	0.177964	0	-1.05e+06	0	-0.0453338	
1232	0.000172932	0.178137	0	-1.05e+06	0	-0.0437262	
1233	0.000173079	0.17831	0	-1.05e+06	0	-0.0421431	
1234	0.000173217	0.178483	0	-1.05e+06	0	-0.0405848	
1235	0.000173347	0.178656	0	-1.05e+06	0	-0.0390515	
1236	0.000173468	0.178829	0	-1.05e+06	0	-0.0375436	
1237	0.000173581	0.179003	0	-1.05e+06	0	-0.0360611	
1238	0.000173685	0.179177	0	-1.05e+06	0	-0.0346044	
1239	0.000173773	0.17935	0	-1.05e+06	0	-0.0331738	
1240	0.000173853	0.179524	0	-1.05e+06	0	-0.0317695	
1241	0.000173924	0.179698	0	-1.05e+06	0	-0.0303918	
1242	0.000173987	0.179872	0	-1.05e+06	0	-0.0290409	
1243	0.000174042	0.180046	0	-1.05e+06	0	-0.027717	
1244	0.000174088	0.18022	0	-1.05e+06	0	-0.0264204	
1245	0.000174125	0.180394	0	-1.05e+06	0	-0.0251514	
1246	0.000174155	0.180568	0	-1.05e+06	0	-0.0239101	
1247	0.000174175	0.180742	0	-1.05e+06	0	-0.0226969	
1248	0.000174187	0.180916	0	-1.05e+06	0	-0.0215119	
1249	0.00017419	0.18109	0	-1.05e+06	0	-0.0203555	
1250	0.000174184	0.181265	0	-1.05e+06	0	-0.0192279	
1251	0.00017417	0.181439	0	-1.05e+06	0	-0.0181293	
1252	0.000174147	0.181613	0	-1.05e+06	0	-0.01706	
1253	0.000174115	0.181787	0	-1.05e+06	0	-0.0160203	
1254	0.000174074	0.181961	0	-1.05e+06	0	-0.0150104	
1255	0.000174025	0.182135	0	-1.05e+06	0	-0.0140306	
1256	0.000173965	0.182309	0	-1.05e+06	0	-0.0130811	
1257	0.000173891	0.182483	0	-1.05e+06	0	-0.0121623	
1258	0.000173808	0.182657	0	-1.05e+06	0	-0.0112743	
1259	0.000173716	0.182831	0	-1.05e+06	0	-0.0104175	
1260	0.000173615	0.183005	0	-1.05e+06	0	-0.00959216	
1261	0.000173506	0.183178	0	-1.05e+06	0	-0.00879845	
1262	0.000173388	0.183352	0	-1.05e+06	0	-0.00803667	
1263	0.000173262	0.183525	0	-1.05e+06	0	-0.00730707	
1264	0.000173128	0.183699	0	-1.05e+06	0	-0.00660991	
1265	0.000172986	0.183872	0	-1.05e+06	0	-0.00594544	
1266	0.000172836	0.184045	0	-1.05e+06	0	-0.00531391	
1267	0.000172679	0.184218	0	-1.05e+06	0	-0.00471557	
1268	0.000172515	0.18439	0	-1.05e+06	0	-0.00415067	
1269	0.000172344	0.184563	0	-1.05e+06	0	-0.00361945	
1270	0.000172164	0.184735	0	-1.05e+06	0	-0.00312215	
1271	0.000171978	0.184907	0	-1.05e+06	0	-0.00265902	
1272	0.000171785	0.185079	0	-1.05e+06	0	-0.00223027	
1273	0.000171587	0.185251	0	-1.05e+06	0	-0.00183615	
1274	0.000171383	0.185423	0	-1.05e+06	0	-0.00147687	
1275	0.000171174	0.185594	0	-1.05e+06	0	-0.00115265	
1276	0.00017096	0.185765	0	-1.05e+06	0	-0.000863707	
1277	0.000170741	0.185936	0	-1.05e+06	0	-0.000610248	
1278	0.000170518	0.186107	0	-1.05e+06	0	-0.000392476	
1279	0.00017029	0.186277	0	-1.05e+06	0	-0.000210587	
1280	0.000170059	0.186448	0	-1.05e+06	0	-6.47701e-05	
1281	0.000169824	0.186618	0	-1.05e+06	0	4.47905e-05	
1282	0.000169585	0.186788	0	-1.05e+06	0	0.000117919	
1283	0.000169344	0.186957	0	-1.05e+06	0	0.000154448	
1284	0.0001691	0.187126	0	-1.05e+06	0	0.000154217	
1285	0.000168853	0.187296	0	-1.05e+06	0	0.000117073	
1286	0.000168603	0.187464	0	-1.05e+06	0	4.2875e-05	
1287	0.000168352	0.187633	0	-1.05e+06	0	-6.85121e-05	
1288	0.000168098	0.187801	0	-1.05e+06	0	-0.000217212	
1289	0.000167843	0.187969	0	-1.05e+06	0	-0.00040334	
1290	0.000167587	0.188137	0	-1.05e+06	0	-0.000626999	
1291	0.000167329	0.188305	0	-1.05e+06	0	-0.000888284	
1292	0.000167071	0.188472	0	-1.05e+06	0	-0.00118728	
1293	0.000166811	0.188639	0	-1.05e+06	0	-0.00152405	
1294	0.000166551	0.188806	0	-1.05e+06	0	-0.00189865	
1295	0.00016629	0.188973	0	-1.05e+06	0	-0.00231115	
1296	0.000166028	0.189139	0	-1.05e+06	0	-0.00276156	
1297	0.000165767	0.189305	0	-1.05e+06	0	-0.00324992	
1298	0.000165505	0.189471	0	-1.05e+06	0	-0.00377623	
1299	0.000165244	0.189636	0	-1.05e+06	0	-0.00434049	
1300	0.000164982	0.189801	0	-1.05e+06	0	-0.00494268	
1301	0.000164721	0.189966	0	-1.05e+06	0	-0.00558277	
1302	0.00016446	0.190131	0	-1.05e+06	0	-0.00626072	
1303	0.000164199	0.190296	0	-1.05e+06	0	-0.00697647	
1304	0.000163939	0.19046	0	-1.05e+06	0	-0.00772995	
1305	0.00016368	0.190624	0	-1.05e+06	0	-0.00852108	
1306	0.000163421	0.190787	0	-1.05e+06	0	-0.00934974	
1307	0.000163163	0.190951	0	-1.05e+06	0	-0.0102158	
1308	0.000162905	0.191114	0	-1.05e+06	0	-0.0111192	
1309	0.000162648	0.191277	0	-1.05e+06	0	-0.0120598	
1310	0.000162392	0.19144	0	-1.05e+06	0	-0.0130374	
1311	0.000162137	0.191602	0	-1.05e+06	0	-0.0140517	
1312	0.000161883	0.191764	0	-1.05e+06	0	-0.0151028	
1313	0.000161629	0.191926	0	-1.05e+06	0	-0.0161903	
1314	0.000161377	0.192088	0	-1.05e+06	0	-0.0173141	
1315	0.000161125	0.192249	0	-1.05e+06	0	-0.0184738	
1316	0.000160874	0.19241	0	-1.05e+06	0	-0.0196694	
1317	0.000160625	0.192571	0	-1.05e+06	0	-0.0209005	
1318	0.000160376	0.192732	0	-1.05e+06	0	-0.0221669	
1319	0.000160128	0.192892	0	-1.05e+06	0	-0.0234683	
1320	0.000159881	0.193052	0	-1.05e+06	0	-0.0248044	
1321	0.000159635	0.193212	0	-1.05e+06	0	-0.026175	
1322	0.00015939	0.193372	0	-1.05e+06	0	-0.0275798	
1323	0.000159146	0.193531	0	-1.05e+06	0	-0.0290183	
1324	0.000158903	0.19369	0	-1.05e+06	0	-0.0304904	
1325	0.000158661	0.193849	0	-1.05e+06	0	-0.0319957	
1326	0.00015842	0.194008	0	-1.05e+06	0	-0.0335338	
1327	0.00015818	0.194166	0	-1.05e+06	0	-0.0351044	
1328	0.000157941	0.194324	0	-1.05e+06	0	-0.0367072	
1329	0.000157703	0.194482	0	-1.05e+06	0	-0.0383418	
1330	0.000157467	0.19464	0	-1.05e+06	0	-0.0400079	
1331	0.000157231	0.194797	0	-1.05e+06	0	-0.041705	
1332	0.000156997	0.194955	0	-1.05e+06	0	-0.0434329	
1333	0.000156764	0.195112	0	-1.05e+06	0	-0.0451911	
1334	0.000156532	0.195268	0	-1.05e+06	0	-0.0469792	
1335	0.000156301	0.195425	0	-1.05e+06	0	-0.048797	
1336	0.000156072	0.195581	0	-1.05e+06	0	-0.050644	
1337	0.000155844	0.195737	0	-1.05e+06	0	-0.0525198	
1338	0.000155618	0.195893	0	-1.05e+06	0	-0.0544241	
1339	0.000155393	0.196049	0	-1.05e+06	0	-0.0563564	
1340	0.00015517	0.196204	0	-1.05e+06	0	-0.0583165	
1341	0.000154948	0.196359	0	-1.05e+06	0	-0.0603039	
1342	0.000154728	0.196514	0	-1.05e+06	0	-0.0623182	
1343	0.00015451	0.196669	0	-1.05e+06	0	-0.064359	
1344	0.000154294	0.196824	0	-1.05e+06	0	-0.0664261	
1345	0.000154079	0.196978	0	-1.05e+06	0	-0.068519	
1346	0.000153867	0.197132	0	-1.05e+06	0	-0.0706373	
1347	0.000153657	0.197286	0	-1.05e+06	0	-0.0727807	
1348	0.000153448	0.197439	0	-1.05e+06	0	-0.0749488	
1349	0.000153242	0.197593	0	-1.05e+06	0	-0.0771413	
1350	0.000153039	0.197746	0	-1.05e+06	0	-0.0793578	
1351	0.000152837	0.197899	0	-1.05e+06	0	-0.081598	
1352	0.000152638	0.198052	0	-1.05e+06	0	-0.0838615	
1353	0.000152442	0.198205	0	-1.05e+06	0	-0.0861479	
1354	0.000152249	0.198357	0	-1.05e+06	0	-0.0884571	
1355	0.000152058	0.198509	0	-1.05e+06	0	-0.0907885	
1356	0.00015187	0.198661	0	-1.05e+06	0	-0.0931419	
1357	0.000151685	0.198813	0	-1.05e+06	0	-0.095517	
1358	0.000151502	0.198965	0	-1.05e+06	0	-0.0979135	
1359	0.000151323	0.199116	0	-1.05e+06	0	-0.100331	
1360	0.000151148	0.199268	0	-1.05e+06	0	-0.102769	
1361	0.000150975	0.199419	0	-1.05e+06	0	-0.105228	
1362	0.000150806	0.19957	0	-1.05e+06	0	-0.107707	
1363	0.00015064	0.199721	0	-1.05e+06	0	-0.110206	
1364	0.000150478	0.199871	0	-1.05e+06	0	-0.112724	
1365	0.00015032	0.200022	0	-1.05e+06	0	-0.115262	
1366	0.000150165	0.200172	0	-1.05e+06	0	-0.117819	
1367	0.000150014	0.200322	0	-1.05e+06	0	-0.120395	
1368	0.000149866	0.200472	0	-1.05e+06	0	-0.122989	
1369	0.000149723	0.200622	0	-1.05e+06	0	-0.125602	
1370	0.000149584	0.200772	0	-1.05e+06	0	-0.128233	
1371	0.000149449	0.200922	0	-1.05e+06	0	-0.130882	
1372	0.000149318	0.201071	0	-1.05e+06	0	-0.133549	
1373	0.000149191	0.20122	0	-1.05e+06	0	-0.136233	
1374	0.000149069	0.201369	0	-1.05e+06	0	-0.138934	
1375	0.000148951	0.201519	0	-1.05e+06	0	-0.141652	
1376	0.000148837	0.201667	0	-1.05e+06	0	-0.144388	
1377	0.000148728	0.201816	0	-1.05e+06	0	-0.14714	
1378	0.000148623	0.201965	0	-1.05e+06	0	-0.149908	
1379	0.000148523	0.202114	0	-1.05e+06	0	-0.152693	
1380	0.000148428	0.202262	0	-1.05e+06	0	-0.155494	
1381	0.000148337	0.202411	0	-1.05e+06	0	-0.158311	
1382	0.000148252	0.202559	0	-1.05e+06	0	-0.161144	
1383	0.000148171	0.202707	0	-1.05e+06	0	-0.163993	
1384	0.000148094	0.202855	0	-1.05e+06	0	-0.166858	
1385	0.000148023	0.203003	0	-1.05e+06	0	-0.169738	
1386	0.000147957	0.203152	0	-1.05e+06	0	-0.172633	
1387	0.000147895	0.203299	0	-1.05e+06	0	-0.175544	
1388	0.000147839	0.203447	0	-1.05e+06	0	-0.17847	
1389	0.000147787	0.203595	0	-1.05e+06	0	-0.181411	
1390	0.000147741	0.203743	0	-1.05e+06	0	-0.184367	
1391	0.000147699	0.203891	0	-1.05e+06	0	-0.187338	
1392	0.000147663	0.204038	0	-1.05e+06	0	-0.190324	
1393	0.000147631	0.204186	0	-1.05e+06	0	-0.193324	
1394	0.000147605	0.204334	0	-1.05e+06	0	-0.19634	
1395	0.000147583	0.204481	0	-1.05e+06	0	-0.199369	
1396	0.000147567	0.204629	0	-1.05e+06	0	-0.202414	
1397	0.000147556	0.204776	0	-1.05e+06	0	-0.205473	
1398	0.00014755	0.204924	0	-1.05e+06	0	-0.208546	
1399	0.000147549	0.205072	0	-1.05e+06	0	-0.211634	
1400	0.000147553	0.205219	0	-1.05e+06	0	-0.214736	
1401	0.000147561	0.205367	0	-1.05e+06	0	-0.217853	
1402	0.000147575	0.205514	0	-1.05e+06	0	-0.220984	
1403	0.000147594	0.205662	0	-1.05e+06	0	-0.22413	
1404	0.000147618	0.205809	0	-1.05e+06	0	-0.227289	
1405	0.000147646	0.205957	0	-1.05e+06	0	-0.230463	
1406	0.00014768	0.206105	0	-1.05e+06	0	-0.233652	
1407	0.000147718	0.206252	0	-1.05e+06	0	-0.236854	
1408	0.000147761	0.2064	0	-1.05e+06	0	-0.240071	
1409	0.000147809	0.206548	0	-1.05e+06	0	-0.243302	
1410	0.000147861	0.206696	0	-1.05e+06	0	-0.246548	
1411	0.000147918	0.206844	0	-1.05e+06	0	-0.249808	
1412	0.000147979	0.206991	0	-1.05e+06	0	-0.253082	
1413	0.000148045	0.207139	0	-1.05e+06	0	-0.256371	
1414	0.000148115	0.207287	0	-1.05e+06	0	-0.259674	
1415	0.00014819	0.207436	0	-1.05e+06	0	-0.262991	
1416	0.000148269	0.207584	0	-1.05e+06	0	-0.266323	
1417	0.000148352	0.207732	0	-1.05e+06	0	-0.269669	
1418	0.000148439	0.20788	0	-1.05e+06	0	-0.273029	
1419	0.00014853	0.208029	0	-1.05e+06	0	-0.276404	
1420	0.000148625	0.208177	0	-1.05e+06	0	-0.279794	
1421	0.000148724	0.208326	0	-1.05e+06	0	-0.283198	
1422	0.000148827	0.208475	0	-1.05e+06	0	-0.286616	
1423	0.000148934	0.208624	0	-1.05e+06	0	-0.290049	
1424	0.000149044	0.208772	0	-1.05e+06	0	-0.293497	
1425	0.000149157	0.208921	0	-1.05e+06	0	-0.29696	
1426	0.000149274	0.209071	0	-1.05e+06	0	-0.300437	
1427	0.000149394	0.20922	0	-1.05e+06	0	-0.303928	
1428	0.000149518	0.209369	0	-1.05e+06	0	-0.307435	
1429	0.000149644	0.209519	0	-1.05e+06	0	-0.310956	
1430	0.000149774	0.209668	0	-1.05e+06	0	-0.314491	
1431	0.000149906	0.209818	0	-1.05e+06	0	-0.318042	
1432	0.000150041	0.209968	0	-1.05e+06	0	-0.321607	
1433	0.000150179	0.210118	0	-1.05e+06	0	-0.325188	
1434	0.00015032	0.210268	0	-1.05e+06	0	-0.328783	
1435	0.000150463	0.210419	0	-1.05e+06	0	-0.332392	
1436	0.000150609	0.210569	0	-1.05e+06	0	-0.336017	
1437	0.000150757	0.21072	0	-1.05e+06	0	-0.339657	
1438	0.000150907	0.210871	0	-1.05e+06	0	-0.343311	
1439	0.000151059	0.211021	0	-1.05e+06	0	-0.346981	
1440	0.000151213	0.211172	0	-1.05e+06	0	-0.350665	
1441	0.000151369	0.211324	0	-1.05e+06	0	-0.354364	
1442	0.000151527	0.211475	0	-1.05e+06	0	-0.358078	
1443	0.000151687	0.211627	0	-1.05e+06	0	-0.361807	
1444	0.000151848	0.211778	0	-1.05e+06	0	-0.365551	
1445	0.000152011	0.21193	0	-1.05e+06	0	-0.36931	
1446	0.000152174	0.212082	0	-1.05e+06	0	-0.373084	
1447	0.000152335	0.212234	0	-1.05e+06	0	-0.376873	
1448	0.000152495	0.212387	0	-1.05e+06	0	-0.380676	
1449	0.000152655	0.212539	0	-1.05e+06	0	-0.384494	
1450	0.000152817	0.212692	0	-1.05e+06	0	-0.388327	
1451	0.000152981	0.212845	0	-1.05e+06	0	-0.392175	
1452	0.000153146	0.212998	0	-1.05e+06	0	-0.396037	
1453	0.000153311	0.213151	0	-1.05e+06	0	-0.399914	
1454	0.000153478	0.213304	0	-1.05e+06	0	-0.403806	
1455	0.000153646	0.213458	0	-1.05e+06	0	-0.407712	
1456	0.000153815	0.213611	0	-1.05e+06	0	-0.411633	
1457	0.000153984	0.213765	0	-1.05e+06	0	-0.415569	
1458	0.000154154	0.213919	0	-1.05e+06	0	-0.419519	
1459	0.000154325	0.214073	0	-1.05e+06	0	-0.423484	
1460	0.000154496	0.214227	0	-1.05e+06	0	-0.427464	
1461	0.000154665	0.214382	0	-1.05e+06	0	-0.431458	
1462	0.000154829	0.214537	0	-1.05e+06	0	-0.435466	
1463	0.000154984	0.214691	0	-1.05e+06	0	-0.439488	
1464	0.000155139	0.214846	0	-1.05e+06	0	-0.443525	
1465	0.000155294	0.215002	0	-1.05e+06	0	-0.447575	
1466	0.000155449	0.215157	0	-1.05e+06	0	-0.451639	
1467	0.000155604	0.215312	0	-1.05e+06	0	-0.455717	
1468	0.000155759	0.215468	0	-1.05e+06	0	-0.459808	
1469	0.000155913	0.215624	0	-1.05e+06	0	-0.463914	
1470	0.000156066	0.21578	0	-1.05e+06	0	-0.468032	
1471	0.00015621	0.215936	0	-1.05e+06	0	-0.472164	
1472	0.000156335	0.216092	0	-1.05e+06	0	-0.476309	
1473	0.000156456	0.216248	0	-1.05e+06	0	-0.480467	
1474	0.000156577	0.216405	0	-1.05e+06	0	-0.484636	
1475	0.000156697	0.216561	0	-1.05e+06	0	-0.488819	
1476	0.000156816	0.216718	0	-1.05e+06	0	-0.493013	
1477	0.000156933	0.216875	0	-1.05e+06	0	-0.49722	
1478	0.000157049	0.217032	0	-1.05e+06	0	-0.501438	
1479	0.000157151	0.217189	0	-1.05e+06	0	-0.505668	
1480	0.00015722	0.217346	0	-1.05e+06	0	-0.509909	
1481	0.000157287	0.217503	0	-1.05e+06	0	-0.51416	
1482	0.000157353	0.21766	0	-1.05e+06	0	-0.518422	
1483	0.000157418	0.217818	0	-1.05e+06	0	-0.522693	
1484	0.000157481	0.217975	0	-1.05e+06	0	-0.526975	
1485	0.000157542	0.218133	0	-1.05e+06	0	-0.531266	
1486	0.000157602	0.21829	0	-1.05e+06	0	-0.535567	
1487	0.00015766	0.218448	0	-1.05e+06	0	-0.539878	
1488	0.000157716	0.218605	0	-1.05e+06	0	-0.544198	
1489	0.00015777	0.218763	0	-1.05e+06	0	-0.548528	
1490	0.000157822	0.218921	0	-1.05e+06	0	-0.552866	
1491	0.000157833	0.219079	0	-1.05e+06	0	-0.557212	
1492	0.000157833	0.219237	0	-1.05e+06	0	-0.561565	
1493	0.000157832	0.219394	0	-1.05e+06	0	-0.565926	
1494	0.000157829	0.219552	0	-1.05e+06	0	-0.570294	
1495	0.000157825	0.21971	0	-1.05e+06	0	-0.574668	
1496	0.000157819	0.219868	0	-1.05e+06	0	-0.579049	
1497	0.000157812	0.220026	0	-1.05e+06	0	-0.583437	
1498	0.000157803	0.220184	0	-1.05e+06	0	-0.587831	
1499	0.000157793	0.220341	0	-1.05e+06	0	-0.592231	
1500	0.00015778	0.220499	0	-1.05e+06	0	-0.596637	
