Step	dt	Time	fbody_x	fbody_y	fbody_z	dy_tip	
0	1e-16	0	0	0	0	-3.41733e-07	
1	1e-16	0	0	-1.05e+06	0	-3.41733e-07	
2	0.00018619	1e-16	0	-1.05e+06	0	-3.50084e-05	
3	0.000186117	0.00018619	0	-1.05e+06	0	-0.000104301	
4	0.000185986	0.000372307	0	-1.05e+06	0	-0.000208136	
5	0.000185804	0.000558293	0	-1.05e+06	0	-0.000346391	
6	0.000185576	0.000744096	0	-1.05e+06	0	-0.000518917	
7	0.000185309	0.000929673	0	-1.05e+06	0	-0.000725533	
8	0.000185005	0.00111498	0	-1.05e+06	0	-0.000966038	
9	0.00018467	0.00129999	0	-1.05e+06	0	-0.00124021	
10	0.000184305	0.00148466	0	-1.05e+06	0	-0.00154781	
11	0.000183916	0.00166896	0	-1.05e+06	0	-0.00188858	
12	0.000183506	0.00185288	0	-1.05e+06	0	-0.00226227	
13	0.000183079	0.00203638	0	-1.05e+06	0	-0.00266861	
14	0.000182637	0.00221946	0	-1.05e+06	0	-0.00310732	
15	0.000182185	0.0024021	0	-1.05e+06	0	-0.00357814	
16	0.000181725	0.00258429	0	-1.05e+06	0	-0.00408079	
17	0.00018126	0.00276601	0	-1.05e+06	0	-0.00461501	
18	0.000180792	0.00294727	0	-1.05e+06	0	-0.00518054	
19	0.000180323	0.00312806	0	-1.05e+06	0	-0.00577712	
20	0.000179856	0.00330839	0	-1.05e+06	0	-0.0064045	
21	0.000179391	0.00348824	0	-1.05e+06	0	-0.00706244	
22	0.00017893	0.00366763	0	-1.05e+06	0	-0.00775071	
23	0.000178473	0.00384656	0	-1.05e+06	0	-0.00846907	
24	0.000178022	0.00402504	0	-1.05e+06	0	-0.0092173	
25	0.000177576	0.00420306	0	-1.05e+06	0	-0.0099952	
26	0.000177137	0.00438063	0	-1.05e+06	0	-0.0108025	
27	0.000176703	0.00455777	0	-1.05e+06	0	-0.0116391	
28	0.000176276	0.00473447	0	-1.05e+06	0	-0.0125048	
29	0.000175854	0.00491075	0	-1.05e+06	0	-0.0133993	
30	0.000175438	0.0050866	0	-1.05e+06	0	-0.0143225	
31	0.000175028	0.00526204	0	-1.05e+06	0	-0.0152741	
32	0.000174622	0.00543707	0	-1.05e+06	0	-0.016254	
33	0.00017422	0.00561169	0	-1.05e+06	0	-0.017262	
34	0.000173823	0.00578591	0	-1.05e+06	0	-0.018298	
35	0.000173429	0.00595973	0	-1.05e+06	0	-0.0193616	
36	0.000173039	0.00613316	0	-1.05e+06	0	-0.0204529	
37	0.000172651	0.0063062	0	-1.05e+06	0	-0.0215714	
38	0.000172265	0.00647885	0	-1.05e+06	0	-0.0227172	
39	0.000171882	0.00665112	0	-1.05e+06	0	-0.0238899	
40	0.0001715	0.006823	0	-1.05e+06	0	-0.0250895	
41	0.00017112	0.0069945	0	-1.05e+06	0	-0.0263157	
42	0.000170742	0.00716562	0	-1.05e+06	0	-0.0275683	
43	0.000170364	0.00733636	0	-1.05e+06	0	-0.0288472	
44	0.000169988	0.00750673	0	-1.05e+06	0	-0.0301521	
45	0.000169612	0.00767671	0	-1.05e+06	0	-0.031483	
46	0.000169238	0.00784633	0	-1.05e+06	0	-0.0328395	
47	0.000168864	0.00801556	0	-1.05e+06	0	-0.0342216	
48	0.000168491	0.00818443	0	-1.05e+06	0	-0.035629	
49	0.00016812	0.00835292	0	-1.05e+06	0	-0.0370615	
50	0.000167749	0.00852104	0	-1.05e+06	0	-0.038519	
51	0.00016738	0.00868879	0	-1.05e+06	0	-0.0400014	
52	0.000167012	0.00885617	0	-1.05e+06	0	-0.0415084	
53	0.000166645	0.00902318	0	-1.05e+06	0	-0.0430398	
54	0.00016628	0.00918982	0	-1.05e+06	0	-0.0445955	
55	0.000165916	0.0093561	0	-1.05e+06	0	-0.0461754	
56	0.000165554	0.00952202	0	-1.05e+06	0	-0.0477792	
57	0.000165194	0.00968757	0	-1.05e+06	0	-0.0494068	
58	0.000164835	0.00985277	0	-1.05e+06	0	-0.0510581	
59	0.000164479	0.0100176	0	-1.05e+06	0	-0.0527328	
60	0.000164125	0.0101821	0	-1.05e+06	0	-0.0544309	
61	0.000163773	0.0103462	0	-1.05e+06	0	-0.0561521	
62	0.000163423	0.01051	0	-1.05e+06	0	-0.0578964	
63	0.000163076	0.0106734	0	-1.05e+06	0	-0.0596636	
64	0.000162731	0.0108365	0	-1.05e+06	0	-0.0614535	
65	0.000162389	0.0109992	0	-1.05e+06	0	-0.063266	
66	0.000162049	0.0111616	0	-1.05e+06	0	-0.065101	
67	0.000161712	0.0113236	0	-1.05e+06	0	-0.0669583	
68	0.000161378	0.0114854	0	-1.05e+06	0	-0.0688379	
69	0.000161047	0.0116467	0	-1.05e+06	0	-0.0707395	
70	0.000160718	0.0118078	0	-1.05e+06	0	-0.072663	
71	0.000160392	0.0119685	0	-1.05e+06	0	-0.0746084	
72	0.00016007	0.0121289	0	-1.05e+06	0	-0.0765755	
73	0.00015975	0.012289	0	-1.05e+06	0	-0.0785642	
74	0.000159434	0.0124487	0	-1.05e+06	0	-0.0805744	
75	0.000159121	0.0126082	0	-1.05e+06	0	-0.0826059	
76	0.000158812	0.0127673	0	-1.05e+06	0	-0.0846587	
77	0.000158506	0.0129261	0	-1.05e+06	0	-0.0867327	
78	0.000158204	0.0130846	0	-1.05e+06	0	-0.0888278	
79	0.000157906	0.0132428	0	-1.05e+06	0	-0.0909438	
80	0.000157612	0.0134007	0	-1.05e+06	0	-0.0930808	
81	0.000157323	0.0135583	0	-1.05e+06	0	-0.0952386	
82	0.000157038	0.0137156	0	-1.05e+06	0	-0.0974171	
83	0.000156757	0.0138727	0	-1.05e+06	0	-0.0996163	
84	0.000156482	0.0140294	0	-1.05e+06	0	-0.101836	
85	0.000156212	0.0141859	0	-1.05e+06	0	-0.104077	
86	0.000155948	0.0143421	0	-1.05e+06	0	-0.106338	
87	0.00015569	0.0144981	0	-1.05e+06	0	-0.108619	
88	0.000155438	0.0146538	0	-1.05e+06	0	-0.110921	
89	0.000155193	0.0148092	0	-1.05e+06	0	-0.113243	
90	0.000154954	0.0149644	0	-1.05e+06	0	-0.115586	
91	0.000154724	0.0151193	0	-1.05e+06	0	-0.117949	
92	0.0001545	0.0152741	0	-1.05e+06	0	-0.120333	
93	0.000154286	0.0154286	0	-1.05e+06	0	-0.122737	
94	0.000154079	0.0155829	0	-1.05e+06	0	-0.125162	
95	0.000153882	0.0157369	0	-1.05e+06	0	-0.127607	
96	0.000153694	0.0158908	0	-1.05e+06	0	-0.130073	
97	0.00015351	0.0160445	0	-1.05e+06	0	-0.13256	
98	0.00015333	0.016198	0	-1.05e+06	0	-0.135067	
99	0.00015316	0.0163514	0	-1.05e+06	0	-0.137595	
100	0.000153001	0.0165045	0	-1.05e+06	0	-0.140143	
101	0.000152854	0.0166575	0	-1.05e+06	0	-0.142713	
102	0.000152717	0.0168104	0	-1.05e+06	0	-0.145303	
103	0.000152592	0.0169631	0	-1.05e+06	0	-0.147915	
104	0.00015248	0.0171157	0	-1.05e+06	0	-0.150548	
105	0.00015238	0.0172682	0	-1.05e+06	0	-0.153203	
106	0.000152292	0.0174205	0	-1.05e+06	0	-0.155879	
107	0.000152218	0.0175728	0	-1.05e+06	0	-0.158577	
108	0.000152156	0.017725	0	-1.05e+06	0	-0.161297	
109	0.000152108	0.0178772	0	-1.05e+06	0	-0.164039	
110	0.000152074	0.0180293	0	-1.05e+06	0	-0.166804	
111	0.000152053	0.0181814	0	-1.05e+06	0	-0.169592	
112	0.000152047	0.0183334	0	-1.05e+06	0	-0.172403	
113	0.000152053	0.0184855	0	-1.05e+06	0	-0.175236	
114	0.000152074	0.0186375	0	-1.05e+06	0	-0.178094	
115	0.000152109	0.0187896	0	-1.05e+06	0	-0.180975	
116	0.000152157	0.0189417	0	-1.05e+06	0	-0.18388	
117	0.000152218	0.0190939	0	-1.05e+06	0	-0.18681	
118	0.000152292	0.0192461	0	-1.05e+06	0	-0.189764	
119	0.000152379	0.0193984	0	-1.05e+06	0	-0.192743	
120	0.000152479	0.0195508	0	-1.05e+06	0	-0.195747	
121	0.00015259	0.0197032	0	-1.05e+06	0	-0.198777	
122	0.000152712	0.0198558	0	-1.05e+06	0	-0.201832	
123	0.000152845	0.0200085	0	-1.05e+06	0	-0.204913	
124	0.000152988	0.0201614	0	-1.05e+06	0	-0.208021	
125	0.000153141	0.0203144	0	-1.05e+06	0	-0.211155	
126	0.000153301	0.0204675	0	-1.05e+06	0	-0.214315	
127	0.000153469	0.0206208	0	-1.05e+06	0	-0.217503	
128	0.000153643	0.0207743	0	-1.05e+06	0	-0.220718	
129	0.000153822	0.0209279	0	-1.05e+06	0	-0.22396	
130	0.000154006	0.0210818	0	-1.05e+06	0	-0.227229	
131	0.000154193	0.0212358	0	-1.05e+06	0	-0.230527	
132	0.00015433	0.02139	0	-1.05e+06	0	-0.23385	
133	0.000154454	0.0215443	0	-1.05e+06	0	-0.2372	
134	0.000154583	0.0216987	0	-1.05e+06	0	-0.240577	
135	0.000154715	0.0218533	0	-1.05e+06	0	-0.24398	
136	0.000154851	0.022008	0	-1.05e+06	0	-0.24741	
137	0.000154968	0.0221629	0	-1.05e+06	0	-0.250866	
138	0.000155057	0.0223179	0	-1.05e+06	0	-0.254348	
139	0.00015515	0.0224729	0	-1.05e+06	0	-0.257855	
140	0.000155246	0.0226281	0	-1.05e+06	0	-0.261388	
141	0.000155345	0.0227833	0	-1.05e+06	0	-0.264947	
142	0.000155434	0.0229387	0	-1.05e+06	0	-0.268532	
143	0.000155525	0.0230941	0	-1.05e+06	0	-0.272142	
144	0.000155622	0.0232496	0	-1.05e+06	0	-0.275778	
145	0.000155723	0.0234052	0	-1.05e+06	0	-0.27944	
146	0.00015583	0.023561	0	-1.05e+06	0	-0.283128	
147	0.000155942	0.0237168	0	-1.05e+06	0	-0.286841	
148	0.000156058	0.0238727	0	-1.05e+06	0	-0.290581	
149	0.000156143	0.0240288	0	-1.05e+06	0	-0.294345	
150	0.00015621	0.0241849	0	-1.05e+06	0	-0.298134	
151	0.000156286	0.0243411	0	-1.05e+06	0	-0.301948	
152	0.000156371	0.0244974	0	-1.05e+06	0	-0.305787	
153	0.000156465	0.0246538	0	-1.05e+06	0	-0.30965	
154	0.000156568	0.0248103	0	-1.05e+06	0	-0.313538	
155	0.00015668	0.0249668	0	-1.05e+06	0	-0.317452	
156	0.0001568	0.0251235	0	-1.05e+06	0	-0.32139	
157	0.000156887	0.0252803	0	-1.05e+06	0	-0.325352	
158	0.000156979	0.0254372	0	-1.05e+06	0	-0.329339	
159	0.000157081	0.0255942	0	-1.05e+06	0	-0.333349	
160	0.000157193	0.0257513	0	-1.05e+06	0	-0.337383	
161	0.000157314	0.0259085	0	-1.05e+06	0	-0.341441	
162	0.000157445	0.0260658	0	-1.05e+06	0	-0.345523	
163	0.000157584	0.0262232	0	-1.05e+06	0	-0.34963	
164	0.000157714	0.0263808	0	-1.05e+06	0	-0.353759	
165	0.000157831	0.0265385	0	-1.05e+06	0	-0.357911	
166	0.000157955	0.0266963	0	-1.05e+06	0	-0.362086	
167	0.000158088	0.0268543	0	-1.05e+06	0	-0.366283	
168	0.000158227	0.0270124	0	-1.05e+06	0	-0.370503	
169	0.000158372	0.0271706	0	-1.05e+06	0	-0.374744	
170	0.000158521	0.027329	0	-1.05e+06	0	-0.379008	
171	0.000158575	0.0274875	0	-1.05e+06	0	-0.38329	
172	0.000158608	0.0276461	0	-1.05e+06	0	-0.38759	
173	0.000158643	0.0278047	0	-1.05e+06	0	-0.391907	
174	0.000158682	0.0279633	0	-1.05e+06	0	-0.396241	
175	0.000158725	0.028122	0	-1.05e+06	0	-0.400593	
176	0.000158775	0.0282807	0	-1.05e+06	0	-0.40496	
177	0.000158831	0.0284395	0	-1.05e+06	0	-0.409344	
178	0.000158894	0.0285983	0	-1.05e+06	0	-0.413743	
179	0.000158966	0.0287572	0	-1.05e+06	0	-0.418158	
180	0.000159046	0.0289162	0	-1.05e+06	0	-0.422588	
181	0.000159136	0.0290752	0	-1.05e+06	0	-0.427033	
182	0.000159234	0.0292344	0	-1.05e+06	0	-0.431493	
183	0.000159342	0.0293936	0	-1.05e+06	0	-0.435967	
184	0.000159458	0.029553	0	-1.05e+06	0	-0.440455	
185	0.000159583	0.0297124	0	-1.05e+06	0	-0.444958	
186	0.000159715	0.029872	0	-1.05e+06	0	-0.449474	
187	0.000159853	0.0300317	0	-1.05e+06	0	-0.454004	
188	0.000159913	0.0301916	0	-1.05e+06	0	-0.458545	
189	0.000159949	0.0303515	0	-1.05e+06	0	-0.463095	
190	0.000159988	0.0305114	0	-1.05e+06	0	-0.467655	
191	0.000160032	0.0306714	0	-1.05e+06	0	-0.472223	
192	0.000160079	0.0308314	0	-1.05e+06	0	-0.4768	
193	0.000160114	0.0309915	0	-1.05e+06	0	-0.481385	
194	0.000160133	0.0311516	0	-1.05e+06	0	-0.485977	
195	0.000160159	0.0313118	0	-1.05e+06	0	-0.490575	
196	0.000160192	0.0314719	0	-1.05e+06	0	-0.495181	
197	0.000160232	0.0316321	0	-1.05e+06	0	-0.499792	
198	0.00016028	0.0317924	0	-1.05e+06	0	-0.50441	
199	0.000160336	0.0319526	0	-1.05e+06	0	-0.509035	
200	0.000160401	0.032113	0	-1.05e+06	0	-0.513666	
201	0.000160472	0.0322734	0	-1.05e+06	0	-0.518303	
202	0.000160551	0.0324338	0	-1.05e+06	0	-0.522946	
203	0.000160563	0.0325944	0	-1.05e+06	0	-0.527593	
204	0.000160547	0.032755	0	-1.05e+06	0	-0.532243	
205	0.000160532	0.0329155	0	-1.05e+06	0	-0.536896	
206	0.000160519	0.033076	0	-1.05e+06	0	-0.541552	
207	0.000160508	0.0332366	0	-1.05e+06	0	-0.54621	
208	0.000160499	0.0333971	0	-1.05e+06	0	-0.550871	
209	0.00016049	0.0335576	0	-1.05e+06	0	-0.555535	
210	0.000160482	0.0337181	0	-1.05e+06	0	-0.560201	
211	0.000160474	0.0338785	0	-1.05e+06	0	-0.564869	
212	0.000160452	0.034039	0	-1.05e+06	0	-0.569539	
213	0.000160416	0.0341995	0	-1.05e+06	0	-0.574211	
214	0.00016038	0.0343599	0	-1.05e+06	0	-0.578884	
215	0.000160342	0.0345203	0	-1.05e+06	0	-0.583558	
216	0.000160304	0.0346806	0	-1.05e+06	0	-0.588234	
217	0.000160265	0.0348409	0	-1.05e+06	0	-0.592911	
218	0.000160226	0.0350012	0	-1.05e+06	0	-0.597589	
219	0.000160187	0.0351614	0	-1.05e+06	0	-0.602269	
220	0.000160149	0.0353216	0	-1.05e+06	0	-0.606951	
221	0.000160112	0.0354817	0	-1.05e+06	0	-0.611634	
222	0.000160076	0.0356418	0	-1.05e+06	0	-0.616318	
223	0.000160041	0.0358019	0	-1.05e+06	0	-0.621005	
224	0.000160008	0.035962	0	-1.05e+06	0	-0.625693	
225	0.000159977	0.036122	0	-1.05e+06	0	-0.630383	
226	0.000159948	0.0362819	0	-1.05e+06	0	-0.635075	
227	0.00015992	0.0364419	0	-1.05e+06	0	-0.63977	
228	0.000159895	0.0366018	0	-1.05e+06	0	-0.644467	
229	0.000159871	0.0367617	0	-1.05e+06	0	-0.649167	
230	0.000159834	0.0369216	0	-1.05e+06	0	-0.653869	
231	0.000159788	0.0370814	0	-1.05e+06	0	-0.658573	
232	0.000159743	0.0372412	0	-1.05e+06	0	-0.663279	
233	0.000159693	0.0374009	0	-1.05e+06	0	-0.667988	
234	0.000159635	0.0375606	0	-1.05e+06	0	-0.672698	
235	0.00015958	0.0377203	0	-1.05e+06	0	-0.677411	
236	0.000159526	0.0378799	0	-1.05e+06	0	-0.682125	
237	0.000159454	0.0380394	0	-1.05e+06	0	-0.686842	
238	0.000159376	0.0381988	0	-1.05e+06	0	-0.69156	
239	0.000159299	0.0383582	0	-1.05e+06	0	-0.69628	
240	0.000159221	0.0385175	0	-1.05e+06	0	-0.701001	
241	0.000159144	0.0386767	0	-1.05e+06	0	-0.705724	
242	0.000159067	0.0388359	0	-1.05e+06	0	-0.710449	
243	0.00015899	0.0389949	0	-1.05e+06	0	-0.715176	
244	0.000158904	0.0391539	0	-1.05e+06	0	-0.719904	
245	0.000158788	0.0393128	0	-1.05e+06	0	-0.724633	
246	0.000158673	0.0394716	0	-1.05e+06	0	-0.729363	
247	0.000158543	0.0396303	0	-1.05e+06	0	-0.734092	
248	0.000158393	0.0397888	0	-1.05e+06	0	-0.738821	
249	0.000158245	0.0399472	0	-1.05e+06	0	-0.74355	
250	0.000158101	0.0401055	0	-1.05e+06	0	-0.748278	
251	0.000157961	0.0402636	0	-1.05e+06	0	-0.753006	
252	0.000157828	0.0404215	0	-1.05e+06	0	-0.757733	
253	0.000157701	0.0405794	0	-1.05e+06	0	-0.762461	
254	0.000157581	0.0407371	0	-1.05e+06	0	-0.767188	
255	0.00015747	0.0408946	0	-1.05e+06	0	-0.771915	
256	0.000157368	0.0410521	0	-1.05e+06	0	-0.776643	
257	0.000157275	0.0412095	0	-1.05e+06	0	-0.781371	
258	0.000157191	0.0413668	0	-1.05e+06	0	-0.7861	
259	0.000157117	0.041524	0	-1.05e+06	0	-0.790829	
260	0.000157053	0.0416811	0	-1.05e+06	0	-0.795559	
261	0.000156997	0.0418381	0	-1.05e+06	0	-0.80029	
262	0.000156951	0.0419951	0	-1.05e+06	0	-0.805023	
263	0.000156912	0.0421521	0	-1.05e+06	0	-0.809756	
264	0.00015688	0.042309	0	-1.05e+06	0	-0.814491	
265	0.000156854	0.0424659	0	-1.05e+06	0	-0.819227	
266	0.000156833	0.0426227	0	-1.05e+06	0	-0.823964	
267	0.000156815	0.0427795	0	-1.05e+06	0	-0.828702	
268	0.00015678	0.0429364	0	-1.05e+06	0	-0.833441	
269	0.000156661	0.0430931	0	-1.05e+06	0	-0.838178	
270	0.000156522	0.0432498	0	-1.05e+06	0	-0.842911	
271	0.000156383	0.0434063	0	-1.05e+06	0	-0.847642	
272	0.000156246	0.0435627	0	-1.05e+06	0	-0.852368	
273	0.000156112	0.043719	0	-1.05e+06	0	-0.857092	
274	0.000155983	0.0438751	0	-1.05e+06	0	-0.861812	
275	0.000155859	0.0440311	0	-1.05e+06	0	-0.866528	
276	0.000155741	0.0441869	0	-1.05e+06	0	-0.871241	
277	0.00015563	0.0443427	0	-1.05e+06	0	-0.875951	
278	0.000155527	0.0444983	0	-1.05e+06	0	-0.880657	
279	0.000155431	0.0446538	0	-1.05e+06	0	-0.88536	
280	0.000155343	0.0448092	0	-1.05e+06	0	-0.890059	
281	0.000155253	0.0449646	0	-1.05e+06	0	-0.894755	
282	0.000155157	0.0451198	0	-1.05e+06	0	-0.899446	
283	0.000155065	0.045275	0	-1.05e+06	0	-0.904134	
284	0.000154974	0.0454301	0	-1.05e+06	0	-0.908818	
285	0.000154885	0.045585	0	-1.05e+06	0	-0.913497	
286	0.000154708	0.0457399	0	-1.05e+06	0	-0.91817	
287	0.000154467	0.0458946	0	-1.05e+06	0	-0.922833	
288	0.000154229	0.0460491	0	-1.05e+06	0	-0.927487	
289	0.000153996	0.0462033	0	-1.05e+06	0	-0.932132	
290	0.000153766	0.0463573	0	-1.05e+06	0	-0.936767	
291	0.000153541	0.0465111	0	-1.05e+06	0	-0.941394	
292	0.00015332	0.0466646	0	-1.05e+06	0	-0.946011	
293	0.000153045	0.0468179	0	-1.05e+06	0	-0.950617	
294	0.000152769	0.046971	0	-1.05e+06	0	-0.955212	
295	0.000152471	0.0471238	0	-1.05e+06	0	-0.959794	
296	0.000152174	0.0472762	0	-1.05e+06	0	-0.964365	
297	0.000151882	0.0474284	0	-1.05e+06	0	-0.968923	
298	0.000151597	0.0475803	0	-1.05e+06	0	-0.97347	
299	0.00015132	0.0477319	0	-1.05e+06	0	-0.978005	
300	0.00015105	0.0478832	0	-1.05e+06	0	-0.982527	
301	0.00015079	0.0480343	0	-1.05e+06	0	-0.987039	
302	0.000150539	0.048185	0	-1.05e+06	0	-0.991538	
303	0.000150298	0.0483356	0	-1.05e+06	0	-0.996027	
304	0.000150066	0.0484859	0	-1.05e+06	0	-1.0005	
305	0.000149844	0.0486359	0	-1.05e+06	0	-1.00497	
306	0.000149632	0.0487858	0	-1.05e+06	0	-1.00943	
307	0.000149429	0.0489354	0	-1.05e+06	0	-1.01387	
308	0.000149236	0.0490848	0	-1.05e+06	0	-1.0183	
309	0.000149052	0.0492341	0	-1.05e+06	0	-1.02273	
310	0.000148876	0.0493831	0	-1.05e+06	0	-1.02714	
311	0.000148709	0.049532	0	-1.05e+06	0	-1.03155	
312	0.000148549	0.0496807	0	-1.05e+06	0	-1.03594	
313	0.000148397	0.0498293	0	-1.05e+06	0	-1.04032	
314	0.000148252	0.0499777	0	-1.05e+06	0	-1.0447	
315	0.000148113	0.0501259	0	-1.05e+06	0	-1.04906	
316	0.00014798	0.050274	0	-1.05e+06	0	-1.05342	
317	0.000147852	0.050422	0	-1.05e+06	0	-1.05776	
318	0.00014773	0.0505699	0	-1.05e+06	0	-1.0621	
319	0.000147612	0.0507176	0	-1.05e+06	0	-1.06642	
320	0.000147499	0.0508652	0	-1.05e+06	0	-1.07074	
321	0.000147389	0.0510127	0	-1.05e+06	0	-1.07505	
322	0.000147283	0.0511601	0	-1.05e+06	0	-1.07935	
323	0.00014718	0.0513074	0	-1.05e+06	0	-1.08363	
324	0.000147058	0.0514546	0	-1.05e+06	0	-1.08791	
325	0.000146933	0.0516016	0	-1.05e+06	0	-1.09218	
326	0.000146812	0.0517485	0	-1.05e+06	0	-1.09644	
327	0.000146695	0.0518954	0	-1.05e+06	0	-1.10068	
328	0.000146582	0.0520421	0	-1.05e+06	0	-1.10492	
329	0.000146472	0.0521886	0	-1.05e+06	0	-1.10914	
330	0.000146364	0.0523351	0	-1.05e+06	0	-1.11336	
331	0.000146259	0.0524815	0	-1.05e+06	0	-1.11756	
332	0.000146157	0.0526277	0	-1.05e+06	0	-1.12176	
333	0.000146056	0.0527739	0	-1.05e+06	0	-1.12594	
334	0.000145958	0.0529199	0	-1.05e+06	0	-1.13011	
335	0.000145862	0.0530659	0	-1.05e+06	0	-1.13428	
336	0.000145767	0.0532118	0	-1.05e+06	0	-1.13843	
337	0.000145676	0.0533575	0	-1.05e+06	0	-1.14257	
338	0.000145586	0.0535032	0	-1.05e+06	0	-1.1467	
339	0.000145499	0.0536488	0	-1.05e+06	0	-1.15082	
340	0.000145414	0.0537943	0	-1.05e+06	0	-1.15493	
341	0.000145332	0.0539397	0	-1.05e+06	0	-1.15902	
342	0.000145253	0.054085	0	-1.05e+06	0	-1.16311	
343	0.000145178	0.0542303	0	-1.05e+06	0	-1.16719	
344	0.000145106	0.0543755	0	-1.05e+06	0	-1.17126	
345	0.000145037	0.0545206	0	-1.05e+06	0	-1.17531	
346	0.000144972	0.0546656	0	-1.05e+06	0	-1.17936	
347	0.000144873	0.0548106	0	-1.05e+06	0	-1.18339	
348	0.000144778	0.0549555	0	-1.05e+06	0	-1.18741	
349	0.000144684	0.0551002	0	-1.05e+06	0	-1.19142	
350	0.00014458	0.0552449	0	-1.05e+06	0	-1.19542	
351	0.000144479	0.0553895	0	-1.05e+06	0	-1.1994	
352	0.000144379	0.055534	0	-1.05e+06	0	-1.20338	
353	0.000144282	0.0556784	0	-1.05e+06	0	-1.20734	
354	0.000144189	0.0558226	0	-1.05e+06	0	-1.21129	
355	0.0001441	0.0559668	0	-1.05e+06	0	-1.21523	
356	0.000144015	0.0561109	0	-1.05e+06	0	-1.21916	
357	0.000143937	0.0562549	0	-1.05e+06	0	-1.22307	
358	0.000143865	0.0563989	0	-1.05e+06	0	-1.22698	
359	0.0001438	0.0565427	0	-1.05e+06	0	-1.23087	
360	0.000143742	0.0566865	0	-1.05e+06	0	-1.23475	
361	0.000143692	0.0568303	0	-1.05e+06	0	-1.23862	
362	0.000143651	0.056974	0	-1.05e+06	0	-1.24249	
363	0.000143618	0.0571176	0	-1.05e+06	0	-1.24633	
364	0.000143595	0.0572612	0	-1.05e+06	0	-1.25017	
365	0.00014358	0.0574048	0	-1.05e+06	0	-1.254	
366	0.000143574	0.0575484	0	-1.05e+06	0	-1.25782	
367	0.000143577	0.057692	0	-1.05e+06	0	-1.26163	
368	0.000143589	0.0578356	0	-1.05e+06	0	-1.26543	
369	0.000143609	0.0579792	0	-1.05e+06	0	-1.26922	
370	0.000143636	0.0581228	0	-1.05e+06	0	-1.273	
371	0.00014367	0.0582664	0	-1.05e+06	0	-1.27677	
372	0.00014371	0.0584101	0	-1.05e+06	0	-1.28054	
373	0.000143755	0.0585538	0	-1.05e+06	0	-1.28429	
374	0.000143776	0.0586975	0	-1.05e+06	0	-1.28803	
375	0.000143776	0.0588413	0	-1.05e+06	0	-1.29177	
376	0.000143769	0.0589851	0	-1.05e+06	0	-1.29549	
377	0.000143726	0.0591289	0	-1.05e+06	0	-1.2992	
378	0.000143686	0.0592726	0	-1.05e+06	0	-1.3029	
379	0.000143649	0.0594163	0	-1.05e+06	0	-1.30658	
380	0.000143615	0.0595599	0	-1.05e+06	0	-1.31026	
381	0.000143587	0.0597035	0	-1.05e+06	0	-1.31392	
382	0.000143564	0.0598471	0	-1.05e+06	0	-1.31758	
383	0.000143547	0.0599907	0	-1.05e+06	0	-1.32122	
384	0.000143537	0.0601342	0	-1.05e+06	0	-1.32485	
385	0.000143534	0.0602778	0	-1.05e+06	0	-1.32846	
386	0.000143539	0.0604213	0	-1.05e+06	0	-1.33207	
387	0.000143551	0.0605648	0	-1.05e+06	0	-1.33567	
388	0.000143571	0.0607084	0	-1.05e+06	0	-1.33925	
389	0.000143598	0.060852	0	-1.05e+06	0	-1.34283	
390	0.000143634	0.0609956	0	-1.05e+06	0	-1.34639	
391	0.000143677	0.0611392	0	-1.05e+06	0	-1.34994	
392	0.000143728	0.0612829	0	-1.05e+06	0	-1.35348	
393	0.000143785	0.0614266	0	-1.05e+06	0	-1.35701	
394	0.000143849	0.0615704	0	-1.05e+06	0	-1.36053	
395	0.000143918	0.0617142	0	-1.05e+06	0	-1.36404	
396	0.000143992	0.0618582	0	-1.05e+06	0	-1.36754	
397	0.000144024	0.0620022	0	-1.05e+06	0	-1.37103	
398	0.000143978	0.0621462	0	-1.05e+06	0	-1.3745	
399	0.000143935	0.0622902	0	-1.05e+06	0	-1.37796	
400	0.000143895	0.0624341	0	-1.05e+06	0	-1.38141	
401	0.00014386	0.062578	0	-1.05e+06	0	-1.38484	
402	0.000143831	0.0627218	0	-1.05e+06	0	-1.38826	
403	0.00014381	0.0628657	0	-1.05e+06	0	-1.39166	
404	0.000143797	0.0630095	0	-1.05e+06	0	-1.39505	
405	0.000143794	0.0631533	0	-1.05e+06	0	-1.39843	
406	0.000143801	0.0632971	0	-1.05e+06	0	-1.40179	
407	0.000143819	0.0634409	0	-1.05e+06	0	-1.40514	
408	0.000143849	0.0635847	0	-1.05e+06	0	-1.40847	
409	0.000143891	0.0637285	0	-1.05e+06	0	-1.41179	
410	0.000143944	0.0638724	0	-1.05e+06	0	-1.4151	
411	0.00014401	0.0640164	0	-1.05e+06	0	-1.4184	
412	0.000144087	0.0641604	0	-1.05e+06	0	-1.42168	
413	0.000144176	0.0643045	0	-1.05e+06	0	-1.42495	
414	0.000144274	0.0644487	0	-1.05e+06	0	-1.42821	
415	0.000144383	0.0645929	0	-1.05e+06	0	-1.43146	
416	0.0001445	0.0647373	0	-1.05e+06	0	-1.43469	
417	0.000144625	0.0648818	0	-1.05e+06	0	-1.43791	
418	0.000144741	0.0650264	0	-1.05e+06	0	-1.44112	
419	0.000144833	0.0651712	0	-1.05e+06	0	-1.44431	
420	0.000144921	0.065316	0	-1.05e+06	0	-1.44749	
421	0.000145014	0.0654609	0	-1.05e+06	0	-1.45066	
422	0.000145111	0.0656059	0	-1.05e+06	0	-1.45381	
423	0.000145213	0.0657511	0	-1.05e+06	0	-1.45694	
424	0.000145319	0.0658963	0	-1.05e+06	0	-1.46007	
425	0.000145429	0.0660416	0	-1.05e+06	0	-1.46318	
426	0.000145542	0.066187	0	-1.05e+06	0	-1.46627	
427	0.000145659	0.0663326	0	-1.05e+06	0	-1.46936	
428	0.000145751	0.0664782	0	-1.05e+06	0	-1.47242	
429	0.000145847	0.066624	0	-1.05e+06	0	-1.47547	
430	0.000145949	0.0667698	0	-1.05e+06	0	-1.47851	
431	0.000146056	0.0669158	0	-1.05e+06	0	-1.48153	
432	0.000146169	0.0670618	0	-1.05e+06	0	-1.48454	
433	0.00014628	0.067208	0	-1.05e+06	0	-1.48753	
434	0.000146393	0.0673543	0	-1.05e+06	0	-1.4905	
435	0.000146512	0.0675007	0	-1.05e+06	0	-1.49346	
436	0.000146635	0.0676472	0	-1.05e+06	0	-1.49641	
437	0.000146761	0.0677938	0	-1.05e+06	0	-1.49934	
438	0.000146881	0.0679406	0	-1.05e+06	0	-1.50225	
439	0.000146884	0.0680874	0	-1.05e+06	0	-1.50515	
440	0.000146888	0.0682343	0	-1.05e+06	0	-1.50803	
441	0.000146894	0.0683812	0	-1.05e+06	0	-1.51089	
442	0.000146903	0.0685281	0	-1.05e+06	0	-1.51373	
443	0.000146916	0.068675	0	-1.05e+06	0	-1.51656	
444	0.000146932	0.0688219	0	-1.05e+06	0	-1.51936	
445	0.000146951	0.0689689	0	-1.05e+06	0	-1.52215	
446	0.000146975	0.0691158	0	-1.05e+06	0	-1.52492	
447	0.000147003	0.0692628	0	-1.05e+06	0	-1.52767	
448	0.000147035	0.0694098	0	-1.05e+06	0	-1.53041	
449	0.000147071	0.0695568	0	-1.05e+06	0	-1.53313	
450	0.00014711	0.0697039	0	-1.05e+06	0	-1.53582	
451	0.000147144	0.069851	0	-1.05e+06	0	-1.53851	
452	0.00014716	0.0699982	0	-1.05e+06	0	-1.54117	
453	0.00014718	0.0701453	0	-1.05e+06	0	-1.54381	
454	0.000147204	0.0702925	0	-1.05e+06	0	-1.54644	
455	0.000147231	0.0704397	0	-1.05e+06	0	-1.54905	
456	0.00014726	0.0705869	0	-1.05e+06	0	-1.55164	
457	0.00014729	0.0707342	0	-1.05e+06	0	-1.55421	
458	0.000147286	0.0708815	0	-1.05e+06	0	-1.55676	
459	0.00014727	0.0710288	0	-1.05e+06	0	-1.5593	
460	0.000147236	0.071176	0	-1.05e+06	0	-1.56182	
461	0.000147205	0.0713233	0	-1.05e+06	0	-1.56431	
462	0.000147177	0.0714705	0	-1.05e+06	0	-1.56679	
463	0.000147154	0.0716177	0	-1.05e+06	0	-1.56925	
464	0.000147136	0.0717648	0	-1.05e+06	0	-1.57169	
465	0.000147123	0.0719119	0	-1.05e+06	0	-1.57411	
466	0.000147117	0.0720591	0	-1.05e+06	0	-1.57652	
467	0.000147116	0.0722062	0	-1.05e+06	0	-1.5789	
468	0.000147121	0.0723533	0	-1.05e+06	0	-1.58127	
469	0.000147133	0.0725004	0	-1.05e+06	0	-1.58362	
470	0.00014715	0.0726476	0	-1.05e+06	0	-1.58595	
471	0.000147173	0.0727947	0	-1.05e+06	0	-1.58826	
472	0.0001472	0.0729419	0	-1.05e+06	0	-1.59056	
473	0.000147233	0.0730891	0	-1.05e+06	0	-1.59284	
474	0.000147268	0.0732363	0	-1.05e+06	0	-1.5951	
475	0.000147306	0.0733836	0	-1.05e+06	0	-1.59734	
476	0.000147347	0.0735309	0	-1.05e+06	0	-1.59957	
477	0.000147388	0.0736782	0	-1.05e+06	0	-1.60178	
478	0.000147429	0.0738256	0	-1.05e+06	0	-1.60397	
479	0.00014747	0.073973	0	-1.05e+06	0	-1.60614	
480	0.00014748	0.0741205	0	-1.05e+06	0	-1.6083	
481	0.00014743	0.074268	0	-1.05e+06	0	-1.61044	
482	0.000147345	0.0744154	0	-1.05e+06	0	-1.61256	
483	0.000147225	0.0745628	0	-1.05e+06	0	-1.61466	
484	0.000147105	0.07471	0	-1.05e+06	0	-1.61674	
485	0.000146996	0.0748571	0	-1.05e+06	0	-1.6188	
486	0.000146899	0.0750041	0	-1.05e+06	0	-1.62085	
487	0.000146814	0.075151	0	-1.05e+06	0	-1.62287	
488	0.000146742	0.0752978	0	-1.05e+06	0	-1.62488	
489	0.000146682	0.0754446	0	-1.05e+06	0	-1.62687	
490	0.000146633	0.0755912	0	-1.05e+06	0	-1.62884	
491	0.000146594	0.0757379	0	-1.05e+06	0	-1.63079	
492	0.000146565	0.0758845	0	-1.05e+06	0	-1.63272	
493	0.000146529	0.076031	0	-1.05e+06	0	-1.63464	
494	0.000146473	0.0761776	0	-1.05e+06	0	-1.63654	
495	0.00014642	0.076324	0	-1.05e+06	0	-1.63842	
496	0.000146371	0.0764704	0	-1.05e+06	0	-1.64029	
497	0.000146326	0.0766168	0	-1.05e+06	0	-1.64213	
498	0.000146286	0.0767631	0	-1.05e+06	0	-1.64396	
499	0.000146249	0.0769094	0	-1.05e+06	0	-1.64578	
500	0.000146217	0.0770557	0	-1.05e+06	0	-1.64757	
501	0.000146189	0.0772019	0	-1.05e+06	0	-1.64935	
502	0.000146164	0.0773481	0	-1.05e+06	0	-1.65111	
503	0.000146143	0.0774943	0	-1.05e+06	0	-1.65285	
504	0.000146125	0.0776404	0	-1.05e+06	0	-1.65458	
505	0.000146093	0.0777865	0	-1.05e+06	0	-1.65628	
506	0.000146059	0.0779326	0	-1.05e+06	0	-1.65797	
507	0.000146029	0.0780787	0	-1.05e+06	0	-1.65965	
508	0.000146003	0.0782247	0	-1.05e+06	0	-1.66131	
509	0.000145981	0.0783707	0	-1.05e+06	0	-1.66294	
510	0.000145962	0.0785167	0	-1.05e+06	0	-1.66457	
511	0.000145946	0.0786626	0	-1.05e+06	0	-1.66617	
512	0.000145933	0.0788086	0	-1.05e+06	0	-1.66776	
513	0.000145921	0.0789545	0	-1.05e+06	0	-1.66933	
514	0.000145911	0.0791004	0	-1.05e+06	0	-1.67089	
515	0.000145885	0.0792464	0	-1.05e+06	0	-1.67242	
516	0.000145835	0.0793922	0	-1.05e+06	0	-1.67394	
517	0.000145781	0.0795381	0	-1.05e+06	0	-1.67545	
518	0.000145731	0.0796839	0	-1.05e+06	0	-1.67693	
519	0.000145685	0.0798296	0	-1.05e+06	0	-1.6784	
520	0.000145644	0.0799753	0	-1.05e+06	0	-1.67985	
521	0.000145608	0.0801209	0	-1.05e+06	0	-1.68128	
522	0.000145579	0.0802665	0	-1.05e+06	0	-1.6827	
523	0.000145555	0.0804121	0	-1.05e+06	0	-1.6841	
524	0.000145538	0.0805577	0	-1.05e+06	0	-1.68548	
525	0.000145526	0.0807032	0	-1.05e+06	0	-1.68685	
526	0.00014552	0.0808487	0	-1.05e+06	0	-1.68819	
527	0.00014552	0.0809942	0	-1.05e+06	0	-1.68953	
528	0.000145524	0.0811398	0	-1.05e+06	0	-1.69084	
529	0.000145532	0.0812853	0	-1.05e+06	0	-1.69214	
530	0.000145545	0.0814308	0	-1.05e+06	0	-1.69342	
531	0.00014556	0.0815764	0	-1.05e+06	0	-1.69468	
532	0.000145578	0.0817219	0	-1.05e+06	0	-1.69593	
533	0.000145589	0.0818675	0	-1.05e+06	0	-1.69716	
534	0.000145599	0.0820131	0	-1.05e+06	0	-1.69837	
535	0.000145613	0.0821587	0	-1.05e+06	0	-1.69957	
536	0.00014563	0.0823043	0	-1.05e+06	0	-1.70075	
537	0.000145649	0.0824499	0	-1.05e+06	0	-1.70191	
538	0.000145672	0.0825956	0	-1.05e+06	0	-1.70306	
539	0.000145697	0.0827413	0	-1.05e+06	0	-1.70419	
540	0.000145725	0.082887	0	-1.05e+06	0	-1.7053	
541	0.000145756	0.0830327	0	-1.05e+06	0	-1.7064	
542	0.00014579	0.0831784	0	-1.05e+06	0	-1.70748	
543	0.000145826	0.0833242	0	-1.05e+06	0	-1.70854	
544	0.000145864	0.0834701	0	-1.05e+06	0	-1.70959	
545	0.000145891	0.0836159	0	-1.05e+06	0	-1.71062	
546	0.000145921	0.0837618	0	-1.05e+06	0	-1.71163	
547	0.000145952	0.0839077	0	-1.05e+06	0	-1.71262	
548	0.000145986	0.0840537	0	-1.05e+06	0	-1.7136	
549	0.000146022	0.0841997	0	-1.05e+06	0	-1.71456	
550	0.000146061	0.0843457	0	-1.05e+06	0	-1.71551	
551	0.0001461	0.0844917	0	-1.05e+06	0	-1.71644	
552	0.000146132	0.0846378	0	-1.05e+06	0	-1.71735	
553	0.000146164	0.084784	0	-1.05e+06	0	-1.71824	
554	0.00014619	0.0849301	0	-1.05e+06	0	-1.71912	
555	0.000146219	0.0850763	0	-1.05e+06	0	-1.71998	
556	0.000146249	0.0852226	0	-1.05e+06	0	-1.72083	
557	0.000146281	0.0853688	0	-1.05e+06	0	-1.72166	
558	0.000146315	0.0855151	0	-1.05e+06	0	-1.72247	
559	0.00014635	0.0856614	0	-1.05e+06	0	-1.72326	
560	0.000146386	0.0858077	0	-1.05e+06	0	-1.72404	
561	0.000146423	0.0859541	0	-1.05e+06	0	-1.7248	
562	0.000146461	0.0861006	0	-1.05e+06	0	-1.72554	
563	0.000146489	0.086247	0	-1.05e+06	0	-1.72627	
564	0.000146512	0.0863935	0	-1.05e+06	0	-1.72698	
565	0.000146538	0.08654	0	-1.05e+06	0	-1.72767	
566	0.000146568	0.0866866	0	-1.05e+06	0	-1.72834	
567	0.000146601	0.0868331	0	-1.05e+06	0	-1.729	
568	0.000146638	0.0869797	0	-1.05e+06	0	-1.72964	
569	0.00014668	0.0871264	0	-1.05e+06	0	-1.73027	
570	0.000146725	0.087273	0	-1.05e+06	0	-1.73088	
571	0.000146775	0.0874198	0	-1.05e+06	0	-1.73147	
572	0.00014683	0.0875665	0	-1.05e+06	0	-1.73204	
573	0.000146872	0.0877134	0	-1.05e+06	0	-1.7326	
574	0.000146915	0.0878602	0	-1.05e+06	0	-1.73314	
575	0.00014696	0.0880072	0	-1.05e+06	0	-1.73366	
576	0.000147006	0.0881541	0	-1.05e+06	0	-1.73417	
577	0.000147051	0.0883011	0	-1.05e+06	0	-1.73466	
578	0.000147094	0.0884482	0	-1.05e+06	0	-1.73513	
579	0.000147123	0.0885953	0	-1.05e+06	0	-1.73558	
580	0.000147144	0.0887424	0	-1.05e+06	0	-1.73602	
581	0.000147164	0.0888895	0	-1.05e+06	0	-1.73644	
582	0.000147184	0.0890367	0	-1.05e+06	0	-1.73684	
583	0.000147197	0.0891839	0	-1.05e+06	0	-1.73723	
584	0.000147199	0.0893311	0	-1.05e+06	0	-1.73759	
585	0.000147202	0.0894783	0	-1.05e+06	0	-1.73795	
586	0.000147207	0.0896255	0	-1.05e+06	0	-1.73828	
587	0.000147214	0.0897727	0	-1.05e+06	0	-1.73859	
588	0.000147222	0.0899199	0	-1.05e+06	0	-1.73889	
589	0.000147232	0.0900671	0	-1.05e+06	0	-1.73917	
590	0.000147243	0.0902144	0	-1.05e+06	0	-1.73944	
591	0.000147257	0.0903616	0	-1.05e+06	0	-1.73968	
592	0.000147271	0.0905089	0	-1.05e+06	0	-1.73991	
593	0.000147288	0.0906561	0	-1.05e+06	0	-1.74012	
594	0.000147296	0.0908034	0	-1.05e+06	0	-1.74031	
595	0.000147303	0.0909507	0	-1.05e+06	0	-1.74049	
596	0.000147311	0.091098	0	-1.05e+06	0	-1.74064	
597	0.000147321	0.0912453	0	-1.05e+06	0	-1.74078	
598	0.000147332	0.0913926	0	-1.05e+06	0	-1.7409	
599	0.000147345	0.09154	0	-1.05e+06	0	-1.74101	
600	0.000147359	0.0916873	0	-1.05e+06	0	-1.74109	
601	0.000147375	0.0918347	0	-1.05e+06	0	-1.74116	
602	0.000147391	0.0919821	0	-1.05e+06	0	-1.74121	
603	0.000147409	0.0921295	0	-1.05e+06	0	-1.74124	
604	0.000147426	0.0922769	0	-1.05e+06	0	-1.74125	
605	0.000147445	0.0924243	0	-1.05e+06	0	-1.74124	
606	0.000147463	0.0925717	0	-1.05e+06	0	-1.74122	
607	0.000147481	0.0927192	0	-1.05e+06	0	-1.74117	
608	0.000147499	0.0928667	0	-1.05e+06	0	-1.74111	
609	0.000147516	0.0930142	0	-1.05e+06	0	-1.74103	
610	0.000147532	0.0931617	0	-1.05e+06	0	-1.74093	
611	0.000147547	0.0933092	0	-1.05e+06	0	-1.74081	
612	0.00014756	0.0934568	0	-1.05e+06	0	-1.74068	
613	0.000147569	0.0936043	0	-1.05e+06	0	-1.74052	
614	0.000147573	0.0937519	0	-1.05e+06	0	-1.74035	
615	0.00014758	0.0938995	0	-1.05e+06	0	-1.74015	
616	0.000147589	0.0940471	0	-1.05e+06	0	-1.73994	
617	0.0001476	0.0941946	0	-1.05e+06	0	-1.73971	
618	0.000147609	0.0943422	0	-1.05e+06	0	-1.73945	
619	0.000147611	0.0944898	0	-1.05e+06	0	-1.73918	
620	0.000147612	0.0946375	0	-1.05e+06	0	-1.73889	
621	0.000147611	0.0947851	0	-1.05e+06	0	-1.73858	
622	0.000147609	0.0949327	0	-1.05e+06	0	-1.73825	
623	0.000147606	0.0950803	0	-1.05e+06	0	-1.73791	
624	0.000147602	0.0952279	0	-1.05e+06	0	-1.73754	
625	0.000147593	0.0953755	0	-1.05e+06	0	-1.73715	
626	0.000147524	0.0955231	0	-1.05e+06	0	-1.73674	
627	0.000147457	0.0956706	0	-1.05e+06	0	-1.73631	
628	0.000147393	0.0958181	0	-1.05e+06	0	-1.73587	
629	0.00014733	0.0959655	0	-1.05e+06	0	-1.7354	
630	0.000147271	0.0961128	0	-1.05e+06	0	-1.73491	
631	0.000147214	0.0962601	0	-1.05e+06	0	-1.73441	
632	0.00014716	0.0964073	0	-1.05e+06	0	-1.73388	
633	0.000147109	0.0965544	0	-1.05e+06	0	-1.73334	
634	0.000147062	0.0967016	0	-1.05e+06	0	-1.73277	
635	0.000147018	0.0968486	0	-1.05e+06	0	-1.73218	
636	0.000146976	0.0969956	0	-1.05e+06	0	-1.73158	
637	0.000146919	0.0971426	0	-1.05e+06	0	-1.73095	
638	0.000146864	0.0972895	0	-1.05e+06	0	-1.7303	
639	0.000146812	0.0974364	0	-1.05e+06	0	-1.72964	
640	0.000146763	0.0975832	0	-1.05e+06	0	-1.72895	
641	0.000146717	0.09773	0	-1.05e+06	0	-1.72824	
642	0.000146675	0.0978767	0	-1.05e+06	0	-1.72752	
643	0.000146636	0.0980234	0	-1.05e+06	0	-1.72677	
644	0.000146601	0.09817	0	-1.05e+06	0	-1.726	
645	0.000146568	0.0983166	0	-1.05e+06	0	-1.72521	
646	0.000146539	0.0984632	0	-1.05e+06	0	-1.7244	
647	0.000146514	0.0986097	0	-1.05e+06	0	-1.72357	
648	0.00014649	0.0987562	0	-1.05e+06	0	-1.72272	
649	0.00014647	0.0989027	0	-1.05e+06	0	-1.72185	
650	0.000146441	0.0990492	0	-1.05e+06	0	-1.72096	
651	0.000146382	0.0991956	0	-1.05e+06	0	-1.72005	
652	0.000146327	0.099342	0	-1.05e+06	0	-1.71912	
653	0.000146276	0.0994883	0	-1.05e+06	0	-1.71817	
654	0.000146229	0.0996346	0	-1.05e+06	0	-1.71719	
655	0.000146184	0.0997808	0	-1.05e+06	0	-1.7162	
656	0.00014613	0.099927	0	-1.05e+06	0	-1.71519	
657	0.000146078	0.100073	0	-1.05e+06	0	-1.71415	
658	0.00014603	0.100219	0	-1.05e+06	0	-1.7131	
659	0.000145954	0.100365	0	-1.05e+06	0	-1.71202	
660	0.000145871	0.100511	0	-1.05e+06	0	-1.71093	
661	0.00014577	0.100657	0	-1.05e+06	0	-1.70981	
662	0.000145673	0.100803	0	-1.05e+06	0	-1.70868	
663	0.000145581	0.100949	0	-1.05e+06	0	-1.70752	
664	0.000145493	0.101094	0	-1.05e+06	0	-1.70635	
665	0.000145409	0.10124	0	-1.05e+06	0	-1.70515	
666	0.000145328	0.101385	0	-1.05e+06	0	-1.70394	
667	0.000145159	0.10153	0	-1.05e+06	0	-1.7027	
668	0.000144966	0.101675	0	-1.05e+06	0	-1.70145	
669	0.000144776	0.10182	0	-1.05e+06	0	-1.70018	
670	0.000144592	0.101965	0	-1.05e+06	0	-1.69888	
671	0.000144413	0.10211	0	-1.05e+06	0	-1.69758	
672	0.000144244	0.102254	0	-1.05e+06	0	-1.69625	
673	0.000144084	0.102398	0	-1.05e+06	0	-1.6949	
674	0.000143934	0.102543	0	-1.05e+06	0	-1.69353	
675	0.000143797	0.102686	0	-1.05e+06	0	-1.69215	
676	0.000143672	0.10283	0	-1.05e+06	0	-1.69075	
677	0.00014356	0.102974	0	-1.05e+06	0	-1.68932	
678	0.000143461	0.103118	0	-1.05e+06	0	-1.68788	
679	0.000143376	0.103261	0	-1.05e+06	0	-1.68642	
680	0.000143304	0.103404	0	-1.05e+06	0	-1.68494	
681	0.000143245	0.103548	0	-1.05e+06	0	-1.68344	
682	0.000143198	0.103691	0	-1.05e+06	0	-1.68193	
683	0.000143163	0.103834	0	-1.05e+06	0	-1.68039	
684	0.000143139	0.103977	0	-1.05e+06	0	-1.67883	
685	0.000143124	0.10412	0	-1.05e+06	0	-1.67726	
686	0.000143117	0.104264	0	-1.05e+06	0	-1.67566	
687	0.000143118	0.104407	0	-1.05e+06	0	-1.67405	
688	0.000143124	0.10455	0	-1.05e+06	0	-1.67241	
689	0.000143135	0.104693	0	-1.05e+06	0	-1.67076	
690	0.000143149	0.104836	0	-1.05e+06	0	-1.66908	
691	0.000143164	0.104979	0	-1.05e+06	0	-1.66739	
692	0.00014314	0.105122	0	-1.05e+06	0	-1.66567	
693	0.000143063	0.105265	0	-1.05e+06	0	-1.66394	
694	0.000142992	0.105409	0	-1.05e+06	0	-1.66219	
695	0.000142926	0.105552	0	-1.05e+06	0	-1.66042	
696	0.000142867	0.105694	0	-1.05e+06	0	-1.65864	
697	0.000142813	0.105837	0	-1.05e+06	0	-1.65683	
698	0.000142766	0.10598	0	-1.05e+06	0	-1.65501	
699	0.000142725	0.106123	0	-1.05e+06	0	-1.65317	
700	0.000142691	0.106266	0	-1.05e+06	0	-1.65131	
701	0.000142662	0.106408	0	-1.05e+06	0	-1.64943	
702	0.00014264	0.106551	0	-1.05e+06	0	-1.64753	
703	0.000142623	0.106694	0	-1.05e+06	0	-1.64561	
704	0.000142611	0.106836	0	-1.05e+06	0	-1.64368	
705	0.000142604	0.106979	0	-1.05e+06	0	-1.64172	
706	0.000142601	0.107121	0	-1.05e+06	0	-1.63975	
707	0.000142602	0.107264	0	-1.05e+06	0	-1.63776	
708	0.000142607	0.107407	0	-1.05e+06	0	-1.63575	
709	0.000142614	0.107549	0	-1.05e+06	0	-1.63372	
710	0.000142624	0.107692	0	-1.05e+06	0	-1.63167	
711	0.000142636	0.107835	0	-1.05e+06	0	-1.6296	
712	0.00014265	0.107977	0	-1.05e+06	0	-1.62752	
713	0.000142632	0.10812	0	-1.05e+06	0	-1.62541	
714	0.000142584	0.108262	0	-1.05e+06	0	-1.62329	
715	0.000142538	0.108405	0	-1.05e+06	0	-1.62115	
716	0.000142497	0.108548	0	-1.05e+06	0	-1.61899	
717	0.00014246	0.10869	0	-1.05e+06	0	-1.61682	
718	0.000142429	0.108833	0	-1.05e+06	0	-1.61463	
719	0.000142403	0.108975	0	-1.05e+06	0	-1.61242	
720	0.000142383	0.109117	0	-1.05e+06	0	-1.61019	
721	0.000142369	0.10926	0	-1.05e+06	0	-1.60794	
722	0.000142361	0.109402	0	-1.05e+06	0	-1.60568	
723	0.000142361	0.109544	0	-1.05e+06	0	-1.6034	
724	0.000142367	0.109687	0	-1.05e+06	0	-1.6011	
725	0.000142379	0.109829	0	-1.05e+06	0	-1.59878	
726	0.000142399	0.109972	0	-1.05e+06	0	-1.59644	
727	0.000142425	0.110114	0	-1.05e+06	0	-1.59409	
728	0.000142457	0.110256	0	-1.05e+06	0	-1.59172	
729	0.000142496	0.110399	0	-1.05e+06	0	-1.58932	
730	0.000142541	0.110541	0	-1.05e+06	0	-1.58691	
731	0.000142592	0.110684	0	-1.05e+06	0	-1.58449	
732	0.000142648	0.110826	0	-1.05e+06	0	-1.58204	
733	0.000142709	0.110969	0	-1.05e+06	0	-1.57957	
734	0.000142775	0.111112	0	-1.05e+06	0	-1.57709	
735	0.000142846	0.111255	0	-1.05e+06	0	-1.57459	
736	0.00014292	0.111397	0	-1.05e+06	0	-1.57206	
737	0.000142999	0.11154	0	-1.05e+06	0	-1.56952	
738	0.00014308	0.111683	0	-1.05e+06	0	-1.56696	
739	0.000143164	0.111826	0	-1.05e+06	0	-1.56438	
740	0.000143251	0.11197	0	-1.05e+06	0	-1.56179	
741	0.000143339	0.112113	0	-1.05e+06	0	-1.55917	
742	0.000143429	0.112256	0	-1.05e+06	0	-1.55653	
743	0.00014352	0.1124	0	-1.05e+06	0	-1.55388	
744	0.000143611	0.112543	0	-1.05e+06	0	-1.55121	
745	0.00014368	0.112687	0	-1.05e+06	0	-1.54851	
746	0.000143744	0.11283	0	-1.05e+06	0	-1.5458	
747	0.000143756	0.112974	0	-1.05e+06	0	-1.54307	
748	0.000143767	0.113118	0	-1.05e+06	0	-1.54033	
749	0.000143782	0.113262	0	-1.05e+06	0	-1.53757	
750	0.000143803	0.113405	0	-1.05e+06	0	-1.53479	
751	0.000143829	0.113549	0	-1.05e+06	0	-1.53199	
752	0.000143862	0.113693	0	-1.05e+06	0	-1.52917	
753	0.0001439	0.113837	0	-1.05e+06	0	-1.52634	
754	0.000143944	0.113981	0	-1.05e+06	0	-1.52349	
755	0.000143994	0.114125	0	-1.05e+06	0	-1.52062	
756	0.000144049	0.114269	0	-1.05e+06	0	-1.51773	
757	0.00014411	0.114413	0	-1.05e+06	0	-1.51483	
758	0.000144176	0.114557	0	-1.05e+06	0	-1.51191	
759	0.000144248	0.114701	0	-1.05e+06	0	-1.50897	
760	0.000144323	0.114845	0	-1.05e+06	0	-1.50601	
761	0.000144403	0.11499	0	-1.05e+06	0	-1.50303	
762	0.000144487	0.115134	0	-1.05e+06	0	-1.50004	
763	0.000144574	0.115279	0	-1.05e+06	0	-1.49703	
764	0.000144664	0.115423	0	-1.05e+06	0	-1.494	
765	0.000144757	0.115568	0	-1.05e+06	0	-1.49095	
766	0.000144811	0.115713	0	-1.05e+06	0	-1.48788	
767	0.000144857	0.115857	0	-1.05e+06	0	-1.4848	
768	0.000144906	0.116002	0	-1.05e+06	0	-1.4817	
769	0.000144956	0.116147	0	-1.05e+06	0	-1.47858	
770	0.000145001	0.116292	0	-1.05e+06	0	-1.47544	
771	0.000145031	0.116437	0	-1.05e+06	0	-1.47229	
772	0.000145066	0.116582	0	-1.05e+06	0	-1.46912	
773	0.000145106	0.116727	0	-1.05e+06	0	-1.46594	
774	0.000145151	0.116872	0	-1.05e+06	0	-1.46274	
775	0.000145202	0.117018	0	-1.05e+06	0	-1.45952	
776	0.00014526	0.117163	0	-1.05e+06	0	-1.45629	
777	0.000145326	0.117308	0	-1.05e+06	0	-1.45304	
778	0.000145398	0.117453	0	-1.05e+06	0	-1.44977	
779	0.000145479	0.117599	0	-1.05e+06	0	-1.44648	
780	0.000145567	0.117744	0	-1.05e+06	0	-1.44318	
781	0.000145663	0.11789	0	-1.05e+06	0	-1.43986	
782	0.000145767	0.118035	0	-1.05e+06	0	-1.43652	
783	0.000145879	0.118181	0	-1.05e+06	0	-1.43317	
784	0.000145997	0.118327	0	-1.05e+06	0	-1.4298	
785	0.000146122	0.118473	0	-1.05e+06	0	-1.42641	
786	0.000146245	0.118619	0	-1.05e+06	0	-1.423	
787	0.000146357	0.118765	0	-1.05e+06	0	-1.41958	
788	0.000146474	0.118912	0	-1.05e+06	0	-1.41613	
789	0.000146588	0.119058	0	-1.05e+06	0	-1.41267	
790	0.000146698	0.119205	0	-1.05e+06	0	-1.4092	
791	0.000146811	0.119352	0	-1.05e+06	0	-1.40571	
792	0.000146926	0.119498	0	-1.05e+06	0	-1.4022	
793	0.000147044	0.119645	0	-1.05e+06	0	-1.39867	
794	0.000147164	0.119792	0	-1.05e+06	0	-1.39513	
795	0.000147287	0.119939	0	-1.05e+06	0	-1.39157	
796	0.000147413	0.120087	0	-1.05e+06	0	-1.38799	
797	0.000147542	0.120234	0	-1.05e+06	0	-1.3844	
798	0.000147663	0.120382	0	-1.05e+06	0	-1.38079	
799	0.00014779	0.120529	0	-1.05e+06	0	-1.37716	
800	0.000147921	0.120677	0	-1.05e+06	0	-1.37352	
801	0.000148056	0.120825	0	-1.05e+06	0	-1.36986	
802	0.000148196	0.120973	0	-1.05e+06	0	-1.36618	
803	0.00014834	0.121121	0	-1.05e+06	0	-1.36249	
804	0.000148487	0.12127	0	-1.05e+06	0	-1.35878	
805	0.000148638	0.121418	0	-1.05e+06	0	-1.35506	
806	0.000148791	0.121567	0	-1.05e+06	0	-1.35132	
807	0.000148945	0.121716	0	-1.05e+06	0	-1.34756	
808	0.000149091	0.121865	0	-1.05e+06	0	-1.34378	
809	0.00014924	0.122014	0	-1.05e+06	0	-1.33999	
810	0.00014937	0.122163	0	-1.05e+06	0	-1.33619	
811	0.000149466	0.122312	0	-1.05e+06	0	-1.33237	
812	0.000149564	0.122462	0	-1.05e+06	0	-1.32853	
813	0.000149664	0.122611	0	-1.05e+06	0	-1.32468	
814	0.000149767	0.122761	0	-1.05e+06	0	-1.32082	
815	0.000149872	0.122911	0	-1.05e+06	0	-1.31694	
816	0.000149979	0.123061	0	-1.05e+06	0	-1.31305	
817	0.000150089	0.123211	0	-1.05e+06	0	-1.30914	
818	0.000150201	0.123361	0	-1.05e+06	0	-1.30522	
819	0.000150316	0.123511	0	-1.05e+06	0	-1.30129	
820	0.000150432	0.123661	0	-1.05e+06	0	-1.29734	
821	0.000150523	0.123812	0	-1.05e+06	0	-1.29338	
822	0.000150582	0.123962	0	-1.05e+06	0	-1.28941	
823	0.000150638	0.124113	0	-1.05e+06	0	-1.28542	
824	0.000150695	0.124263	0	-1.05e+06	0	-1.28142	
825	0.000150754	0.124414	0	-1.05e+06	0	-1.27741	
826	0.000150815	0.124565	0	-1.05e+06	0	-1.27339	
827	0.000150879	0.124716	0	-1.05e+06	0	-1.26936	
828	0.000150945	0.124866	0	-1.05e+06	0	-1.26531	
829	0.000151014	0.125017	0	-1.05e+06	0	-1.26125	
830	0.000151085	0.125168	0	-1.05e+06	0	-1.25719	
831	0.00015116	0.12532	0	-1.05e+06	0	-1.25311	
832	0.000151238	0.125471	0	-1.05e+06	0	-1.24901	
833	0.000151318	0.125622	0	-1.05e+06	0	-1.24491	
834	0.000151401	0.125773	0	-1.05e+06	0	-1.24079	
835	0.000151487	0.125925	0	-1.05e+06	0	-1.23667	
836	0.000151575	0.126076	0	-1.05e+06	0	-1.23253	
837	0.000151666	0.126228	0	-1.05e+06	0	-1.22838	
838	0.000151757	0.126379	0	-1.05e+06	0	-1.22422	
839	0.000151841	0.126531	0	-1.05e+06	0	-1.22005	
840	0.000151926	0.126683	0	-1.05e+06	0	-1.21586	
841	0.000152012	0.126835	0	-1.05e+06	0	-1.21167	
842	0.0001521	0.126987	0	-1.05e+06	0	-1.20746	
843	0.000152188	0.127139	0	-1.05e+06	0	-1.20324	
844	0.000152277	0.127291	0	-1.05e+06	0	-1.19902	
845	0.000152366	0.127443	0	-1.05e+06	0	-1.19478	
846	0.000152456	0.127596	0	-1.05e+06	0	-1.19053	
847	0.000152546	0.127748	0	-1.05e+06	0	-1.18627	
848	0.000152635	0.127901	0	-1.05e+06	0	-1.182	
849	0.000152712	0.128053	0	-1.05e+06	0	-1.17772	
850	0.000152764	0.128206	0	-1.05e+06	0	-1.17343	
851	0.000152816	0.128359	0	-1.05e+06	0	-1.16913	
852	0.000152867	0.128512	0	-1.05e+06	0	-1.16482	
853	0.000152918	0.128665	0	-1.05e+06	0	-1.16051	
854	0.000152969	0.128818	0	-1.05e+06	0	-1.15618	
855	0.00015302	0.128971	0	-1.05e+06	0	-1.15184	
856	0.00015307	0.129124	0	-1.05e+06	0	-1.1475	
857	0.00015312	0.129277	0	-1.05e+06	0	-1.14315	
858	0.000153169	0.12943	0	-1.05e+06	0	-1.13879	
859	0.000153212	0.129583	0	-1.05e+06	0	-1.13442	
860	0.000153229	0.129736	0	-1.05e+06	0	-1.13004	
861	0.000153243	0.129889	0	-1.05e+06	0	-1.12565	
862	0.000153254	0.130043	0	-1.05e+06	0	-1.12126	
863	0.000153264	0.130196	0	-1.05e+06	0	-1.11686	
864	0.000153273	0.130349	0	-1.05e+06	0	-1.11245	
865	0.000153282	0.130502	0	-1.05e+06	0	-1.10804	
866	0.00015329	0.130656	0	-1.05e+06	0	-1.10362	
867	0.000153299	0.130809	0	-1.05e+06	0	-1.09919	
868	0.000153309	0.130962	0	-1.05e+06	0	-1.09476	
869	0.00015332	0.131116	0	-1.05e+06	0	-1.09032	
870	0.00015333	0.131269	0	-1.05e+06	0	-1.08587	
871	0.0001533	0.131422	0	-1.05e+06	0	-1.08142	
872	0.00015327	0.131576	0	-1.05e+06	0	-1.07696	
873	0.000153241	0.131729	0	-1.05e+06	0	-1.07249	
874	0.000153212	0.131882	0	-1.05e+06	0	-1.06802	
875	0.000153184	0.132035	0	-1.05e+06	0	-1.06355	
876	0.000153157	0.132188	0	-1.05e+06	0	-1.05907	
877	0.00015313	0.132342	0	-1.05e+06	0	-1.05459	
878	0.000153071	0.132495	0	-1.05e+06	0	-1.0501	
879	0.000153002	0.132648	0	-1.05e+06	0	-1.04561	
880	0.000152932	0.132801	0	-1.05e+06	0	-1.04111	
881	0.000152862	0.132954	0	-1.05e+06	0	-1.03661	
882	0.000152792	0.133107	0	-1.05e+06	0	-1.03211	
883	0.000152718	0.133259	0	-1.05e+06	0	-1.02761	
884	0.000152641	0.133412	0	-1.05e+06	0	-1.0231	
885	0.000152563	0.133565	0	-1.05e+06	0	-1.01859	
886	0.000152487	0.133717	0	-1.05e+06	0	-1.01407	
887	0.00015241	0.13387	0	-1.05e+06	0	-1.00956	
888	0.000152335	0.134022	0	-1.05e+06	0	-1.00504	
889	0.000152251	0.134175	0	-1.05e+06	0	-1.00052	
890	0.000152143	0.134327	0	-1.05e+06	0	-0.995997	
891	0.000152035	0.134479	0	-1.05e+06	0	-0.991473	
892	0.000151927	0.134631	0	-1.05e+06	0	-0.986949	
893	0.00015182	0.134783	0	-1.05e+06	0	-0.982423	
894	0.000151715	0.134935	0	-1.05e+06	0	-0.977896	
895	0.000151611	0.135086	0	-1.05e+06	0	-0.973368	
896	0.000151509	0.135238	0	-1.05e+06	0	-0.968839	
897	0.000151402	0.13539	0	-1.05e+06	0	-0.964309	
898	0.000151297	0.135541	0	-1.05e+06	0	-0.959779	
899	0.000151193	0.135692	0	-1.05e+06	0	-0.955248	
900	0.00015109	0.135843	0	-1.05e+06	0	-0.950716	
901	0.00015099	0.135995	0	-1.05e+06	0	-0.946184	
902	0.000150892	0.136145	0	-1.05e+06	0	-0.941652	
903	0.000150795	0.136296	0	-1.05e+06	0	-0.937119	
904	0.000150693	0.136447	0	-1.05e+06	0	-0.932586	
905	0.000150593	0.136598	0	-1.05e+06	0	-0.928053	
906	0.000150496	0.136748	0	-1.05e+06	0	-0.92352	
907	0.000150404	0.136899	0	-1.05e+06	0	-0.918987	
908	0.000150317	0.137049	0	-1.05e+06	0	-0.914454	
909	0.000150235	0.1372	0	-1.05e+06	0	-0.909921	
910	0.000150158	0.13735	0	-1.05e+06	0	-0.905387	
911	0.000150087	0.1375	0	-1.05e+06	0	-0.900853	
912	0.000150023	0.13765	0	-1.05e+06	0	-0.896319	
913	0.000149965	0.1378	0	-1.05e+06	0	-0.891785	
914	0.000149914	0.13795	0	-1.05e+06	0	-0.88725	
915	0.000149871	0.1381	0	-1.05e+06	0	-0.882715	
916	0.000149835	0.13825	0	-1.05e+06	0	-0.878179	
917	0.000149807	0.1384	0	-1.05e+06	0	-0.873642	
918	0.000149786	0.13855	0	-1.05e+06	0	-0.869105	
919	0.000149773	0.138699	0	-1.05e+06	0	-0.864566	
920	0.000149768	0.138849	0	-1.05e+06	0	-0.860026	
921	0.00014977	0.138999	0	-1.05e+06	0	-0.855485	
922	0.000149779	0.139149	0	-1.05e+06	0	-0.850943	
923	0.000149796	0.139298	0	-1.05e+06	0	-0.8464	
924	0.000149818	0.139448	0	-1.05e+06	0	-0.841855	
925	0.000149847	0.139598	0	-1.05e+06	0	-0.837309	
926	0.000149882	0.139748	0	-1.05e+06	0	-0.832762	
927	0.000149922	0.139898	0	-1.05e+06	0	-0.828213	
928	0.000149967	0.140048	0	-1.05e+06	0	-0.823662	
929	0.000150016	0.140198	0	-1.05e+06	0	-0.81911	
930	0.000150069	0.140348	0	-1.05e+06	0	-0.814557	
931	0.000150125	0.140498	0	-1.05e+06	0	-0.810002	
932	0.000150183	0.140648	0	-1.05e+06	0	-0.805446	
933	0.000150232	0.140798	0	-1.05e+06	0	-0.800889	
934	0.000150259	0.140948	0	-1.05e+06	0	-0.796332	
935	0.000150253	0.141099	0	-1.05e+06	0	-0.791777	
936	0.000150248	0.141249	0	-1.05e+06	0	-0.787222	
937	0.000150247	0.141399	0	-1.05e+06	0	-0.782669	
938	0.000150224	0.141549	0	-1.05e+06	0	-0.778118	
939	0.0001502	0.1417	0	-1.05e+06	0	-0.77357	
940	0.000150178	0.14185	0	-1.05e+06	0	-0.769023	
941	0.000150161	0.142	0	-1.05e+06	0	-0.76448	
942	0.000150147	0.14215	0	-1.05e+06	0	-0.759939	
943	0.000150137	0.1423	0	-1.05e+06	0	-0.7554	
944	0.000150131	0.14245	0	-1.05e+06	0	-0.750864	
945	0.00015013	0.1426	0	-1.05e+06	0	-0.74633	
946	0.000150133	0.142751	0	-1.05e+06	0	-0.7418	
947	0.000150142	0.142901	0	-1.05e+06	0	-0.737272	
948	0.000150155	0.143051	0	-1.05e+06	0	-0.732746	
949	0.000150173	0.143201	0	-1.05e+06	0	-0.728224	
950	0.000150197	0.143351	0	-1.05e+06	0	-0.723704	
951	0.000150226	0.143501	0	-1.05e+06	0	-0.719187	
952	0.00015026	0.143652	0	-1.05e+06	0	-0.714672	
953	0.000150298	0.143802	0	-1.05e+06	0	-0.71016	
954	0.000150342	0.143952	0	-1.05e+06	0	-0.705652	
955	0.00015039	0.144103	0	-1.05e+06	0	-0.701146	
956	0.000150443	0.144253	0	-1.05e+06	0	-0.696642	
957	0.0001505	0.144403	0	-1.05e+06	0	-0.692142	
958	0.000150561	0.144554	0	-1.05e+06	0	-0.687645	
959	0.000150626	0.144704	0	-1.05e+06	0	-0.683151	
960	0.000150694	0.144855	0	-1.05e+06	0	-0.67866	
961	0.000150764	0.145006	0	-1.05e+06	0	-0.674172	
962	0.000150838	0.145157	0	-1.05e+06	0	-0.669687	
963	0.000150913	0.145307	0	-1.05e+06	0	-0.665206	
964	0.00015099	0.145458	0	-1.05e+06	0	-0.660728	
965	0.000151069	0.145609	0	-1.05e+06	0	-0.656255	
966	0.000151148	0.14576	0	-1.05e+06	0	-0.651784	
967	0.000151198	0.145911	0	-1.05e+06	0	-0.647319	
968	0.000151208	0.146063	0	-1.05e+06	0	-0.64286	
969	0.00015122	0.146214	0	-1.05e+06	0	-0.638408	
970	0.000151234	0.146365	0	-1.05e+06	0	-0.633961	
971	0.000151251	0.146516	0	-1.05e+06	0	-0.629522	
972	0.00015127	0.146668	0	-1.05e+06	0	-0.625089	
973	0.000151293	0.146819	0	-1.05e+06	0	-0.620662	
974	0.000151318	0.14697	0	-1.05e+06	0	-0.616243	
975	0.000151347	0.147121	0	-1.05e+06	0	-0.61183	
976	0.000151378	0.147273	0	-1.05e+06	0	-0.607424	
977	0.000151412	0.147424	0	-1.05e+06	0	-0.603026	
978	0.00015145	0.147576	0	-1.05e+06	0	-0.598634	
979	0.00015149	0.147727	0	-1.05e+06	0	-0.59425	
980	0.000151534	0.147879	0	-1.05e+06	0	-0.589873	
981	0.00015158	0.14803	0	-1.05e+06	0	-0.585503	
982	0.000151629	0.148182	0	-1.05e+06	0	-0.581141	
983	0.00015168	0.148333	0	-1.05e+06	0	-0.576787	
984	0.000151734	0.148485	0	-1.05e+06	0	-0.57244	
985	0.00015179	0.148637	0	-1.05e+06	0	-0.568101	
986	0.000151848	0.148789	0	-1.05e+06	0	-0.56377	
987	0.000151908	0.14894	0	-1.05e+06	0	-0.559447	
988	0.000151969	0.149092	0	-1.05e+06	0	-0.555132	
989	0.000152033	0.149244	0	-1.05e+06	0	-0.550825	
990	0.000152097	0.149396	0	-1.05e+06	0	-0.546527	
991	0.000152162	0.149548	0	-1.05e+06	0	-0.542237	
992	0.000152228	0.149701	0	-1.05e+06	0	-0.537957	
993	0.000152295	0.149853	0	-1.05e+06	0	-0.533685	
994	0.000152362	0.150005	0	-1.05e+06	0	-0.529422	
995	0.00015243	0.150157	0	-1.05e+06	0	-0.525168	
996	0.000152497	0.15031	0	-1.05e+06	0	-0.520924	
997	0.000152565	0.150462	0	-1.05e+06	0	-0.516689	
998	0.000152624	0.150615	0	-1.05e+06	0	-0.512464	
999	0.000152681	0.150768	0	-1.05e+06	0	-0.508249	
1000	0.000152739	0.15092	0	-1.05e+06	0	-0.504044	
1001	0.000152796	0.151073	0	-1.05e+06	0	-0.49985	
1002	0.000152853	0.151226	0	-1.05e+06	0	-0.495666	
1003	0.000152909	0.151379	0	-1.05e+06	0	-0.491494	
1004	0.000152964	0.151532	0	-1.05e+06	0	-0.487332	
1005	0.000153019	0.151684	0	-1.05e+06	0	-0.483181	
1006	0.000153073	0.151837	0	-1.05e+06	0	-0.479041	
1007	0.000153127	0.151991	0	-1.05e+06	0	-0.474912	
1008	0.00015318	0.152144	0	-1.05e+06	0	-0.470795	
1009	0.000153233	0.152297	0	-1.05e+06	0	-0.46669	
1010	0.000153284	0.15245	0	-1.05e+06	0	-0.462597	
1011	0.000153336	0.152603	0	-1.05e+06	0	-0.458515	
1012	0.000153387	0.152757	0	-1.05e+06	0	-0.454446	
1013	0.000153437	0.15291	0	-1.05e+06	0	-0.450388	
1014	0.000153487	0.153064	0	-1.05e+06	0	-0.446343	
1015	0.000153538	0.153217	0	-1.05e+06	0	-0.442311	
1016	0.000153588	0.153371	0	-1.05e+06	0	-0.438291	
1017	0.000153638	0.153524	0	-1.05e+06	0	-0.434283	
1018	0.000153689	0.153678	0	-1.05e+06	0	-0.430289	
1019	0.000153741	0.153831	0	-1.05e+06	0	-0.426307	
1020	0.000153793	0.153985	0	-1.05e+06	0	-0.422338	
1021	0.000153846	0.154139	0	-1.05e+06	0	-0.418383	
1022	0.000153901	0.154293	0	-1.05e+06	0	-0.41444	
1023	0.000153956	0.154447	0	-1.05e+06	0	-0.410511	
1024	0.000154013	0.154601	0	-1.05e+06	0	-0.406595	
1025	0.000154072	0.154755	0	-1.05e+06	0	-0.402692	
1026	0.000154133	0.154909	0	-1.05e+06	0	-0.398803	
1027	0.000154195	0.155063	0	-1.05e+06	0	-0.394927	
1028	0.00015426	0.155217	0	-1.05e+06	0	-0.391065	
1029	0.000154328	0.155371	0	-1.05e+06	0	-0.387216	
1030	0.000154396	0.155526	0	-1.05e+06	0	-0.383381	
1031	0.000154463	0.15568	0	-1.05e+06	0	-0.37956	
1032	0.000154533	0.155835	0	-1.05e+06	0	-0.375753	
1033	0.000154605	0.155989	0	-1.05e+06	0	-0.371959	
1034	0.00015468	0.156144	0	-1.05e+06	0	-0.36818	
1035	0.000154757	0.156298	0	-1.05e+06	0	-0.364415	
1036	0.000154836	0.156453	0	-1.05e+06	0	-0.360664	
1037	0.000154919	0.156608	0	-1.05e+06	0	-0.356927	
1038	0.000155004	0.156763	0	-1.05e+06	0	-0.353204	
1039	0.000155091	0.156918	0	-1.05e+06	0	-0.349496	
1040	0.000155181	0.157073	0	-1.05e+06	0	-0.345801	
1041	0.000155273	0.157228	0	-1.05e+06	0	-0.342122	
1042	0.000155367	0.157383	0	-1.05e+06	0	-0.338457	
1043	0.000155464	0.157539	0	-1.05e+06	0	-0.334806	
1044	0.000155562	0.157694	0	-1.05e+06	0	-0.33117	
1045	0.000155663	0.15785	0	-1.05e+06	0	-0.327549	
1046	0.000155766	0.158006	0	-1.05e+06	0	-0.323943	
1047	0.00015587	0.158161	0	-1.05e+06	0	-0.320351	
1048	0.000155976	0.158317	0	-1.05e+06	0	-0.316775	
1049	0.000156084	0.158473	0	-1.05e+06	0	-0.313214	
1050	0.000156193	0.158629	0	-1.05e+06	0	-0.309668	
1051	0.000156304	0.158785	0	-1.05e+06	0	-0.306137	
1052	0.000156416	0.158942	0	-1.05e+06	0	-0.302621	
1053	0.000156529	0.159098	0	-1.05e+06	0	-0.299121	
1054	0.000156644	0.159255	0	-1.05e+06	0	-0.295637	
1055	0.00015676	0.159411	0	-1.05e+06	0	-0.292168	
1056	0.000156876	0.159568	0	-1.05e+06	0	-0.288715	
1057	0.000156994	0.159725	0	-1.05e+06	0	-0.285278	
1058	0.000157113	0.159882	0	-1.05e+06	0	-0.281857	
1059	0.000157233	0.160039	0	-1.05e+06	0	-0.278452	
1060	0.000157353	0.160196	0	-1.05e+06	0	-0.275063	
1061	0.000157475	0.160354	0	-1.05e+06	0	-0.271691	
1062	0.000157597	0.160511	0	-1.05e+06	0	-0.268335	
1063	0.000157721	0.160669	0	-1.05e+06	0	-0.264995	
1064	0.000157845	0.160826	0	-1.05e+06	0	-0.261672	
1065	0.00015797	0.160984	0	-1.05e+06	0	-0.258365	
1066	0.000158096	0.161142	0	-1.05e+06	0	-0.255076	
1067	0.000158223	0.1613	0	-1.05e+06	0	-0.251803	
1068	0.000158351	0.161459	0	-1.05e+06	0	-0.248547	
1069	0.00015848	0.161617	0	-1.05e+06	0	-0.245308	
1070	0.00015861	0.161775	0	-1.05e+06	0	-0.242086	
1071	0.000158741	0.161934	0	-1.05e+06	0	-0.238882	
1072	0.000158873	0.162093	0	-1.05e+06	0	-0.235694	
1073	0.000159006	0.162252	0	-1.05e+06	0	-0.232524	
1074	0.00015914	0.162411	0	-1.05e+06	0	-0.229371	
1075	0.000159275	0.16257	0	-1.05e+06	0	-0.226236	
1076	0.000159411	0.162729	0	-1.05e+06	0	-0.223118	
1077	0.000159549	0.162888	0	-1.05e+06	0	-0.220018	
1078	0.000159688	0.163048	0	-1.05e+06	0	-0.216935	
1079	0.000159828	0.163208	0	-1.05e+06	0	-0.21387	
1080	0.00015997	0.163368	0	-1.05e+06	0	-0.210823	
1081	0.000160114	0.163527	0	-1.05e+06	0	-0.207793	
1082	0.000160259	0.163688	0	-1.05e+06	0	-0.204781	
1083	0.000160406	0.163848	0	-1.05e+06	0	-0.201787	
1084	0.000160555	0.164008	0	-1.05e+06	0	-0.198811	
1085	0.000160705	0.164169	0	-1.05e+06	0	-0.195853	
1086	0.000160859	0.16433	0	-1.05e+06	0	-0.192912	
1087	0.000161014	0.16449	0	-1.05e+06	0	-0.189989	
1088	0.000161172	0.164651	0	-1.05e+06	0	-0.187085	
1089	0.000161332	0.164813	0	-1.05e+06	0	-0.184198	
1090	0.000161496	0.164974	0	-1.05e+06	0	-0.181329	
1091	0.000161662	0.165135	0	-1.05e+06	0	-0.178478	
1092	0.000161832	0.165297	0	-1.05e+06	0	-0.175644	
1093	0.000162005	0.165459	0	-1.05e+06	0	-0.172829	
1094	0.000162181	0.165621	0	-1.05e+06	0	-0.170032	
1095	0.000162362	0.165783	0	-1.05e+06	0	-0.167252	
1096	0.000162546	0.165945	0	-1.05e+06	0	-0.16449	
1097	0.000162735	0.166108	0	-1.05e+06	0	-0.161746	
1098	0.000162928	0.166271	0	-1.05e+06	0	-0.15902	
1099	0.000163126	0.166434	0	-1.05e+06	0	-0.156311	
1100	0.000163328	0.166597	0	-1.05e+06	0	-0.15362	
1101	0.000163535	0.16676	0	-1.05e+06	0	-0.150947	
1102	0.000163747	0.166924	0	-1.05e+06	0	-0.148292	
1103	0.000163965	0.167087	0	-1.05e+06	0	-0.145654	
1104	0.000164187	0.167251	0	-1.05e+06	0	-0.143033	
1105	0.000164415	0.167416	0	-1.05e+06	0	-0.14043	
1106	0.000164649	0.16758	0	-1.05e+06	0	-0.137844	
1107	0.000164887	0.167745	0	-1.05e+06	0	-0.135276	
1108	0.000165131	0.167909	0	-1.05e+06	0	-0.132725	
1109	0.000165381	0.168075	0	-1.05e+06	0	-0.130192	
1110	0.000165635	0.16824	0	-1.05e+06	0	-0.127675	
1111	0.000165895	0.168406	0	-1.05e+06	0	-0.125176	
1112	0.00016616	0.168572	0	-1.05e+06	0	-0.122694	
1113	0.000166424	0.168738	0	-1.05e+06	0	-0.12023	
1114	0.000166686	0.168904	0	-1.05e+06	0	-0.117782	
1115	0.000166952	0.169071	0	-1.05e+06	0	-0.115352	
1116	0.000167224	0.169238	0	-1.05e+06	0	-0.112939	
1117	0.000167501	0.169405	0	-1.05e+06	0	-0.110544	
1118	0.000167783	0.169572	0	-1.05e+06	0	-0.108166	
1119	0.00016807	0.16974	0	-1.05e+06	0	-0.105804	
1120	0.000168361	0.169908	0	-1.05e+06	0	-0.103461	
1121	0.000168657	0.170077	0	-1.05e+06	0	-0.101134	
1122	0.000168956	0.170245	0	-1.05e+06	0	-0.0988246	
1123	0.000169258	0.170414	0	-1.05e+06	0	-0.0965325	
1124	0.000169564	0.170584	0	-1.05e+06	0	-0.0942577	
1125	0.000169871	0.170753	0	-1.05e+06	0	-0.0920003	
1126	0.00017018	0.170923	0	-1.05e+06	0	-0.0897604	
1127	0.000170489	0.171093	0	-1.05e+06	0	-0.0875381	
1128	0.000170798	0.171264	0	-1.05e+06	0	-0.0853334	
1129	0.000171106	0.171434	0	-1.05e+06	0	-0.0831466	
1130	0.000171409	0.171606	0	-1.05e+06	0	-0.0809777	
1131	0.000171663	0.171777	0	-1.05e+06	0	-0.0788276	
1132	0.000171912	0.171949	0	-1.05e+06	0	-0.0766964	
1133	0.000172155	0.172121	0	-1.05e+06	0	-0.0745843	
1134	0.000172393	0.172293	0	-1.05e+06	0	-0.0724915	
1135	0.000172619	0.172465	0	-1.05e+06	0	-0.0704183	
1136	0.000172825	0.172638	0	-1.05e+06	0	-0.068365	
1137	0.000173024	0.172811	0	-1.05e+06	0	-0.0663319	
1138	0.000173217	0.172984	0	-1.05e+06	0	-0.0643191	
1139	0.000173402	0.173157	0	-1.05e+06	0	-0.062327	
1140	0.000173579	0.17333	0	-1.05e+06	0	-0.0603558	
1141	0.000173749	0.173504	0	-1.05e+06	0	-0.0584057	
1142	0.000173899	0.173678	0	-1.05e+06	0	-0.056477	
1143	0.000174043	0.173851	0	-1.05e+06	0	-0.0545701	
1144	0.00017418	0.174025	0	-1.05e+06	0	-0.0526852	
1145	0.00017431	0.1742	0	-1.05e+06	0	-0.0508225	
1146	0.000174434	0.174374	0	-1.05e+06	0	-0.0489822	
1147	0.000174552	0.174548	0	-1.05e+06	0	-0.0471647	
1148	0.000174664	0.174723	0	-1.05e+06	0	-0.0453701	
1149	0.000174771	0.174898	0	-1.05e+06	0	-0.0435987	
1150	0.000174871	0.175072	0	-1.05e+06	0	-0.0418507	
1151	0.000174966	0.175247	0	-1.05e+06	0	-0.0401265	
1152	0.000175056	0.175422	0	-1.05e+06	0	-0.0384263	
1153	0.00017514	0.175597	0	-1.05e+06	0	-0.0367503	
1154	0.000175218	0.175772	0	-1.05e+06	0	-0.0350988	
1155	0.000175288	0.175948	0	-1.05e+06	0	-0.0334721	
1156	0.000175344	0.176123	0	-1.05e+06	0	-0.0318705	
1157	0.000175394	0.176298	0	-1.05e+06	0	-0.0302944	
1158	0.000175438	0.176474	0	-1.05e+06	0	-0.0287439	
1159	0.000175471	0.176649	0	-1.05e+06	0	-0.0272195	
1160	0.000175458	0.176825	0	-1.05e+06	0	-0.0257217	
1161	0.000175439	0.177	0	-1.05e+06	0	-0.0242508	
1162	0.000175415	0.177175	0	-1.05e+06	0	-0.022807	
1163	0.000175384	0.177351	0	-1.05e+06	0	-0.0213907	
1164	0.000175346	0.177526	0	-1.05e+06	0	-0.020002	
1165	0.000175296	0.177702	0	-1.05e+06	0	-0.0186414	
1166	0.000175239	0.177877	0	-1.05e+06	0	-0.0173091	
1167	0.000175173	0.178052	0	-1.05e+06	0	-0.0160053	
1168	0.000175088	0.178227	0	-1.05e+06	0	-0.0147305	
1169	0.000174999	0.178402	0	-1.05e+06	0	-0.013485	
1170	0.000174907	0.178577	0	-1.05e+06	0	-0.0122689	
1171	0.000174813	0.178752	0	-1.05e+06	0	-0.0110825	
1172	0.000174717	0.178927	0	-1.05e+06	0	-0.0099261	
1173	0.000174618	0.179102	0	-1.05e+06	0	-0.00879996	
1174	0.000174518	0.179276	0	-1.05e+06	0	-0.00770433	
1175	0.000174416	0.179451	0	-1.05e+06	0	-0.0066395	
1176	0.000174313	0.179625	0	-1.05e+06	0	-0.00560574	
1177	0.000174208	0.1798	0	-1.05e+06	0	-0.00460333	
1178	0.000174101	0.179974	0	-1.05e+06	0	-0.00363258	
1179	0.000173994	0.180148	0	-1.05e+06	0	-0.00269377	
1180	0.000173884	0.180322	0	-1.05e+06	0	-0.00178722	
1181	0.00017377	0.180496	0	-1.05e+06	0	-0.000913249	
1182	0.00017365	0.18067	0	-1.05e+06	0	-7.21951e-05	
1183	0.00017353	0.180843	0	-1.05e+06	0	0.000735625	
1184	0.000173407	0.181017	0	-1.05e+06	0	0.00150989	
1185	0.000173284	0.18119	0	-1.05e+06	0	0.00225026	
1186	0.000173159	0.181364	0	-1.05e+06	0	0.00295641	
1187	0.000173032	0.181537	0	-1.05e+06	0	0.003628	
1188	0.000172904	0.18171	0	-1.05e+06	0	0.00426468	
1189	0.000172775	0.181883	0	-1.05e+06	0	0.00486611	
1190	0.000172644	0.182055	0	-1.05e+06	0	0.00543193	
1191	0.000172511	0.182228	0	-1.05e+06	0	0.0059618	
1192	0.000172377	0.182401	0	-1.05e+06	0	0.00645536	
1193	0.000172234	0.182573	0	-1.05e+06	0	0.00691224	
1194	0.000172084	0.182745	0	-1.05e+06	0	0.00733208	
1195	0.000171933	0.182917	0	-1.05e+06	0	0.00771454	
1196	0.000171781	0.183089	0	-1.05e+06	0	0.00805926	
1197	0.000171627	0.183261	0	-1.05e+06	0	0.00836593	
1198	0.000171472	0.183433	0	-1.05e+06	0	0.00863419	
1199	0.000171317	0.183604	0	-1.05e+06	0	0.00886372	
1200	0.00017116	0.183775	0	-1.05e+06	0	0.0090542	
1201	0.000171003	0.183947	0	-1.05e+06	0	0.00920531	
1202	0.000170845	0.184118	0	-1.05e+06	0	0.00931673	
1203	0.00017068	0.184288	0	-1.05e+06	0	0.00938817	
1204	0.000170507	0.184459	0	-1.05e+06	0	0.00941934	
1205	0.000170333	0.18463	0	-1.05e+06	0	0.00940997	
1206	0.000170157	0.1848	0	-1.05e+06	0	0.00935979	
1207	0.00016998	0.18497	0	-1.05e+06	0	0.00926857	
1208	0.000169801	0.18514	0	-1.05e+06	0	0.00913607	
1209	0.000169622	0.18531	0	-1.05e+06	0	0.00896209	
1210	0.000169441	0.185479	0	-1.05e+06	0	0.00874641	
1211	0.00016926	0.185649	0	-1.05e+06	0	0.00848886	
1212	0.000169077	0.185818	0	-1.05e+06	0	0.00818927	
1213	0.000168888	0.185987	0	-1.05e+06	0	0.00784751	
1214	0.000168689	0.186156	0	-1.05e+06	0	0.00746348	
1215	0.000168489	0.186325	0	-1.05e+06	0	0.00703709	
1216	0.000168287	0.186493	0	-1.05e+06	0	0.00656826	
1217	0.000168085	0.186662	0	-1.05e+06	0	0.00605694	
1218	0.000167881	0.18683	0	-1.05e+06	0	0.00550309	
1219	0.000167676	0.186998	0	-1.05e+06	0	0.00490672	
1220	0.00016747	0.187165	0	-1.05e+06	0	0.00426783	
1221	0.000167263	0.187333	0	-1.05e+06	0	0.00358646	
1222	0.000167051	0.1875	0	-1.05e+06	0	0.00286268	
1223	0.000166833	0.187667	0	-1.05e+06	0	0.00209661	
1224	0.000166613	0.187834	0	-1.05e+06	0	0.00128836	
1225	0.000166391	0.188	0	-1.05e+06	0	0.000438065	
1226	0.000166167	0.188167	0	-1.05e+06	0	-0.000454103	
1227	0.000165941	0.188333	0	-1.05e+06	0	-0.00138796	
1228	0.000165713	0.188499	0	-1.05e+06	0	-0.00236329	
1229	0.000165482	0.188665	0	-1.05e+06	0	-0.00337987	
1230	0.00016525	0.18883	0	-1.05e+06	0	-0.00443744	
1231	0.000165015	0.188995	0	-1.05e+06	0	-0.00553572	
1232	0.000164778	0.18916	0	-1.05e+06	0	-0.00667441	
1233	0.000164532	0.189325	0	-1.05e+06	0	-0.00785313	
1234	0.000164277	0.18949	0	-1.05e+06	0	-0.00907149	
1235	0.000164022	0.189654	0	-1.05e+06	0	-0.0103291	
1236	0.000163766	0.189818	0	-1.05e+06	0	-0.0116257	
1237	0.000163509	0.189982	0	-1.05e+06	0	-0.0129607	
1238	0.000163252	0.190145	0	-1.05e+06	0	-0.0143339	
1239	0.000162995	0.190309	0	-1.05e+06	0	-0.0157448	
1240	0.000162739	0.190472	0	-1.05e+06	0	-0.0171929	
1241	0.000162484	0.190634	0	-1.05e+06	0	-0.0186779	
1242	0.000162229	0.190797	0	-1.05e+06	0	-0.0201992	
1243	0.000161976	0.190959	0	-1.05e+06	0	-0.0217565	
1244	0.000161725	0.191121	0	-1.05e+06	0	-0.0233493	
1245	0.000161476	0.191283	0	-1.05e+06	0	-0.0249771	
1246	0.000161229	0.191444	0	-1.05e+06	0	-0.0266395	
1247	0.000160984	0.191605	0	-1.05e+06	0	-0.028336	
1248	0.000160742	0.191766	0	-1.05e+06	0	-0.0300662	
1249	0.000160503	0.191927	0	-1.05e+06	0	-0.0318295	
1250	0.000160267	0.192088	0	-1.05e+06	0	-0.0336256	
1251	0.000160034	0.192248	0	-1.05e+06	0	-0.0354539	
1252	0.000159804	0.192408	0	-1.05e+06	0	-0.037314	
1253	0.000159578	0.192568	0	-1.05e+06	0	-0.0392054	
1254	0.000159355	0.192727	0	-1.05e+06	0	-0.0411278	
1255	0.000159126	0.192887	0	-1.05e+06	0	-0.0430805	
1256	0.000158896	0.193046	0	-1.05e+06	0	-0.045063	
1257	0.000158667	0.193205	0	-1.05e+06	0	-0.0470748	
1258	0.000158431	0.193363	0	-1.05e+06	0	-0.0491154	
1259	0.000158199	0.193522	0	-1.05e+06	0	-0.0511843	
1260	0.000157972	0.19368	0	-1.05e+06	0	-0.0532811	
1261	0.000157748	0.193838	0	-1.05e+06	0	-0.0554053	
1262	0.00015753	0.193996	0	-1.05e+06	0	-0.0575567	
1263	0.000157316	0.194153	0	-1.05e+06	0	-0.0597347	
1264	0.000157107	0.194311	0	-1.05e+06	0	-0.061939	
1265	0.000156903	0.194468	0	-1.05e+06	0	-0.0641692	
1266	0.000156704	0.194625	0	-1.05e+06	0	-0.066425	
1267	0.00015651	0.194781	0	-1.05e+06	0	-0.0687059	
1268	0.000156322	0.194938	0	-1.05e+06	0	-0.0710118	
1269	0.000156139	0.195094	0	-1.05e+06	0	-0.0733421	
1270	0.000155961	0.19525	0	-1.05e+06	0	-0.0756967	
1271	0.000155789	0.195406	0	-1.05e+06	0	-0.0780752	
1272	0.000155622	0.195562	0	-1.05e+06	0	-0.0804773	
1273	0.000155461	0.195718	0	-1.05e+06	0	-0.0829027	
1274	0.000155305	0.195873	0	-1.05e+06	0	-0.0853511	
1275	0.000155154	0.196028	0	-1.05e+06	0	-0.0878222	
1276	0.000155009	0.196184	0	-1.05e+06	0	-0.0903159	
1277	0.000154869	0.196339	0	-1.05e+06	0	-0.0928317	
1278	0.000154733	0.196493	0	-1.05e+06	0	-0.0953695	
1279	0.000154603	0.196648	0	-1.05e+06	0	-0.097929	
1280	0.000154478	0.196803	0	-1.05e+06	0	-0.10051	
1281	0.000154358	0.196957	0	-1.05e+06	0	-0.103112	
1282	0.000154243	0.197112	0	-1.05e+06	0	-0.105735	
1283	0.000154132	0.197266	0	-1.05e+06	0	-0.108379	
1284	0.000154026	0.19742	0	-1.05e+06	0	-0.111044	
1285	0.000153925	0.197574	0	-1.05e+06	0	-0.113728	
1286	0.000153828	0.197728	0	-1.05e+06	0	-0.116433	
1287	0.000153735	0.197882	0	-1.05e+06	0	-0.119158	
1288	0.000153648	0.198035	0	-1.05e+06	0	-0.121902	
1289	0.000153564	0.198189	0	-1.05e+06	0	-0.124666	
1290	0.000153485	0.198343	0	-1.05e+06	0	-0.127449	
1291	0.000153411	0.198496	0	-1.05e+06	0	-0.130251	
1292	0.000153341	0.19865	0	-1.05e+06	0	-0.133071	
1293	0.000153275	0.198803	0	-1.05e+06	0	-0.135911	
1294	0.000153213	0.198956	0	-1.05e+06	0	-0.138768	
1295	0.000153156	0.199109	0	-1.05e+06	0	-0.141644	
1296	0.000153103	0.199263	0	-1.05e+06	0	-0.144538	
1297	0.000153055	0.199416	0	-1.05e+06	0	-0.14745	
1298	0.000153011	0.199569	0	-1.05e+06	0	-0.150379	
1299	0.000152972	0.199722	0	-1.05e+06	0	-0.153326	
1300	0.000152937	0.199875	0	-1.05e+06	0	-0.15629	
1301	0.000152907	0.200028	0	-1.05e+06	0	-0.159272	
1302	0.000152882	0.200181	0	-1.05e+06	0	-0.16227	
1303	0.000152861	0.200333	0	-1.05e+06	0	-0.165285	
1304	0.000152844	0.200486	0	-1.05e+06	0	-0.168317	
1305	0.000152833	0.200639	0	-1.05e+06	0	-0.171366	
1306	0.000152826	0.200792	0	-1.05e+06	0	-0.174431	
1307	0.000152824	0.200945	0	-1.05e+06	0	-0.177512	
1308	0.000152826	0.201098	0	-1.05e+06	0	-0.180609	
1309	0.000152833	0.20125	0	-1.05e+06	0	-0.183723	
1310	0.000152846	0.201403	0	-1.05e+06	0	-0.186852	
1311	0.000152862	0.201556	0	-1.05e+06	0	-0.189997	
1312	0.000152884	0.201709	0	-1.05e+06	0	-0.193158	
1313	0.00015291	0.201862	0	-1.05e+06	0	-0.196334	
1314	0.000152942	0.202015	0	-1.05e+06	0	-0.199527	
1315	0.000152977	0.202168	0	-1.05e+06	0	-0.202734	
1316	0.000153018	0.202321	0	-1.05e+06	0	-0.205957	
1317	0.000153063	0.202474	0	-1.05e+06	0	-0.209196	
1318	0.000153112	0.202627	0	-1.05e+06	0	-0.212449	
1319	0.000153166	0.20278	0	-1.05e+06	0	-0.215718	
1320	0.000153225	0.202933	0	-1.05e+06	0	-0.219003	
1321	0.000153287	0.203086	0	-1.05e+06	0	-0.222302	
1322	0.000153354	0.20324	0	-1.05e+06	0	-0.225617	
1323	0.000153425	0.203393	0	-1.05e+06	0	-0.228946	
1324	0.000153501	0.203546	0	-1.05e+06	0	-0.232291	
1325	0.00015358	0.2037	0	-1.05e+06	0	-0.235651	
1326	0.000153663	0.203853	0	-1.05e+06	0	-0.239026	
1327	0.00015375	0.204007	0	-1.05e+06	0	-0.242416	
1328	0.00015384	0.204161	0	-1.05e+06	0	-0.245821	
1329	0.000153934	0.204315	0	-1.05e+06	0	-0.249242	
1330	0.000154032	0.204469	0	-1.05e+06	0	-0.252677	
1331	0.000154133	0.204623	0	-1.05e+06	0	-0.256128	
1332	0.000154224	0.204777	0	-1.05e+06	0	-0.259593	
1333	0.000154313	0.204931	0	-1.05e+06	0	-0.263073	
1334	0.000154404	0.205085	0	-1.05e+06	0	-0.266568	
1335	0.000154499	0.20524	0	-1.05e+06	0	-0.270077	
1336	0.000154597	0.205394	0	-1.05e+06	0	-0.273602	
1337	0.000154699	0.205549	0	-1.05e+06	0	-0.277141	
1338	0.000154803	0.205704	0	-1.05e+06	0	-0.280695	
1339	0.000154911	0.205858	0	-1.05e+06	0	-0.284264	
1340	0.000155022	0.206013	0	-1.05e+06	0	-0.287848	
1341	0.000155135	0.206168	0	-1.05e+06	0	-0.291447	
1342	0.000155251	0.206323	0	-1.05e+06	0	-0.295061	
1343	0.00015537	0.206479	0	-1.05e+06	0	-0.298691	
1344	0.000155492	0.206634	0	-1.05e+06	0	-0.302335	
1345	0.000155616	0.206789	0	-1.05e+06	0	-0.305995	
1346	0.000155743	0.206945	0	-1.05e+06	0	-0.30967	
1347	0.000155872	0.207101	0	-1.05e+06	0	-0.31336	
1348	0.000156003	0.207257	0	-1.05e+06	0	-0.317066	
1349	0.000156136	0.207413	0	-1.05e+06	0	-0.320787	
1350	0.000156271	0.207569	0	-1.05e+06	0	-0.324524	
1351	0.000156407	0.207725	0	-1.05e+06	0	-0.328276	
1352	0.000156546	0.207882	0	-1.05e+06	0	-0.332044	
1353	0.000156685	0.208038	0	-1.05e+06	0	-0.335828	
1354	0.000156826	0.208195	0	-1.05e+06	0	-0.339627	
1355	0.000156969	0.208352	0	-1.05e+06	0	-0.343442	
1356	0.000157112	0.208509	0	-1.05e+06	0	-0.347273	
1357	0.000157256	0.208666	0	-1.05e+06	0	-0.351119	
1358	0.0001574	0.208823	0	-1.05e+06	0	-0.354982	
1359	0.000157545	0.20898	0	-1.05e+06	0	-0.35886	
1360	0.000157691	0.209138	0	-1.05e+06	0	-0.362754	
1361	0.000157837	0.209296	0	-1.05e+06	0	-0.366663	
1362	0.000157983	0.209453	0	-1.05e+06	0	-0.370589	
1363	0.00015813	0.209611	0	-1.05e+06	0	-0.37453	
1364	0.000158276	0.20977	0	-1.05e+06	0	-0.378487	
1365	0.000158424	0.209928	0	-1.05e+06	0	-0.38246	
1366	0.000158571	0.210086	0	-1.05e+06	0	-0.386449	
1367	0.000158719	0.210245	0	-1.05e+06	0	-0.390453	
1368	0.000158868	0.210404	0	-1.05e+06	0	-0.394473	
1369	0.000159017	0.210562	0	-1.05e+06	0	-0.398509	
1370	0.000159168	0.210721	0	-1.05e+06	0	-0.402561	
1371	0.00015932	0.210881	0	-1.05e+06	0	-0.406628	
1372	0.000159473	0.21104	0	-1.05e+06	0	-0.410711	
1373	0.000159628	0.211199	0	-1.05e+06	0	-0.41481	
1374	0.000159786	0.211359	0	-1.05e+06	0	-0.418924	
1375	0.000159946	0.211519	0	-1.05e+06	0	-0.423054	
1376	0.00016011	0.211679	0	-1.05e+06	0	-0.4272	
1377	0.000160276	0.211839	0	-1.05e+06	0	-0.431362	
1378	0.000160447	0.211999	0	-1.05e+06	0	-0.435539	
1379	0.000160621	0.21216	0	-1.05e+06	0	-0.439733	
1380	0.0001608	0.21232	0	-1.05e+06	0	-0.443942	
1381	0.000160983	0.212481	0	-1.05e+06	0	-0.448167	
1382	0.000161171	0.212642	0	-1.05e+06	0	-0.452408	
1383	0.000161364	0.212803	0	-1.05e+06	0	-0.456665	
1384	0.000161562	0.212964	0	-1.05e+06	0	-0.460938	
1385	0.000161765	0.213126	0	-1.05e+06	0	-0.465227	
1386	0.000161974	0.213288	0	-1.05e+06	0	-0.469532	
1387	0.000162103	0.21345	0	-1.05e+06	0	-0.473852	
1388	0.000162196	0.213612	0	-1.05e+06	0	-0.478184	
1389	0.000162288	0.213774	0	-1.05e+06	0	-0.482528	
1390	0.000162378	0.213936	0	-1.05e+06	0	-0.486886	
1391	0.000162467	0.214099	0	-1.05e+06	0	-0.491255	
1392	0.000162536	0.214261	0	-1.05e+06	0	-0.495637	
1393	0.000162572	0.214424	0	-1.05e+06	0	-0.500029	
1394	0.000162608	0.214586	0	-1.05e+06	0	-0.504431	
1395	0.000162643	0.214749	0	-1.05e+06	0	-0.508844	
1396	0.000162677	0.214912	0	-1.05e+06	0	-0.513267	
1397	0.000162703	0.215074	0	-1.05e+06	0	-0.5177	
1398	0.000162701	0.215237	0	-1.05e+06	0	-0.522141	
1399	0.000162699	0.2154	0	-1.05e+06	0	-0.526592	
1400	0.000162677	0.215562	0	-1.05e+06	0	-0.53105	
1401	0.000162648	0.215725	0	-1.05e+06	0	-0.535516	
1402	0.000162617	0.215888	0	-1.05e+06	0	-0.539989	
1403	0.000162587	0.21605	0	-1.05e+06	0	-0.54447	
1404	0.000162555	0.216213	0	-1.05e+06	0	-0.548957	
1405	0.000162523	0.216375	0	-1.05e+06	0	-0.553452	
1406	0.00016249	0.216538	0	-1.05e+06	0	-0.557953	
1407	0.000162457	0.2167	0	-1.05e+06	0	-0.56246	
1408	0.000162424	0.216863	0	-1.05e+06	0	-0.566974	
1409	0.00016239	0.217025	0	-1.05e+06	0	-0.571494	
1410	0.000162355	0.217188	0	-1.05e+06	0	-0.57602	
1411	0.000162321	0.21735	0	-1.05e+06	0	-0.580551	
1412	0.000162286	0.217512	0	-1.05e+06	0	-0.585088	
1413	0.000162252	0.217675	0	-1.05e+06	0	-0.58963	
1414	0.000162217	0.217837	0	-1.05e+06	0	-0.594177	
1415	0.000162154	0.217999	0	-1.05e+06	0	-0.598728	
1416	0.000162083	0.218161	0	-1.05e+06	0	-0.603282	
1417	0.000162013	0.218323	0	-1.05e+06	0	-0.60784	
1418	0.000161943	0.218485	0	-1.05e+06	0	-0.612402	
1419	0.000161873	0.218647	0	-1.05e+06	0	-0.616966	
1420	0.000161803	0.218809	0	-1.05e+06	0	-0.621533	
1421	0.000161734	0.218971	0	-1.05e+06	0	-0.626103	
1422	0.000161666	0.219133	0	-1.05e+06	0	-0.630675	
1423	0.000161594	0.219294	0	-1.05e+06	0	-0.635249	
1424	0.000161518	0.219456	0	-1.05e+06	0	-0.639825	
1425	0.00016144	0.219618	0	-1.05e+06	0	-0.644403	
1426	0.000161363	0.219779	0	-1.05e+06	0	-0.648982	
1427	0.000161287	0.21994	0	-1.05e+06	0	-0.653562	
1428	0.000161211	0.220102	0	-1.05e+06	0	-0.658143	
1429	0.000161137	0.220263	0	-1.05e+06	0	-0.662724	
1430	0.000161061	0.220424	0	-1.05e+06	0	-0.667307	
1431	0.000160984	0.220585	0	-1.05e+06	0	-0.671889	
1432	0.000160899	0.220746	0	-1.05e+06	0	-0.676471	
1433	0.000160813	0.220907	0	-1.05e+06	0	-0.681053	
1434	0.000160729	0.221068	0	-1.05e+06	0	-0.685635	
1435	0.000160644	0.221228	0	-1.05e+06	0	-0.690215	
1436	0.000160561	0.221389	0	-1.05e+06	0	-0.694795	
1437	0.000160477	0.22155	0	-1.05e+06	0	-0.699373	
1438	0.000160394	0.22171	0	-1.05e+06	0	-0.703951	
1439	0.000160312	0.221871	0	-1.05e+06	0	-0.708526	
1440	0.000160229	0.222031	0	-1.05e+06	0	-0.7131	
1441	0.000160147	0.222191	0	-1.05e+06	0	-0.717672	
1442	0.000160066	0.222351	0	-1.05e+06	0	-0.722243	
1443	0.000159984	0.222511	0	-1.05e+06	0	-0.72681	
1444	0.000159903	0.222671	0	-1.05e+06	0	-0.731376	
1445	0.000159823	0.222831	0	-1.05e+06	0	-0.735939	
1446	0.000159721	0.222991	0	-1.05e+06	0	-0.740499	
1447	0.000159617	0.223151	0	-1.05e+06	0	-0.745055	
1448	0.000159512	0.22331	0	-1.05e+06	0	-0.749607	
1449	0.000159407	0.22347	0	-1.05e+06	0	-0.754155	
1450	0.000159302	0.223629	0	-1.05e+06	0	-0.7587	
1451	0.000159198	0.223789	0	-1.05e+06	0	-0.76324	
1452	0.000159094	0.223948	0	-1.05e+06	0	-0.767776	
1453	0.00015899	0.224107	0	-1.05e+06	0	-0.772307	
1454	0.000158887	0.224266	0	-1.05e+06	0	-0.776833	
1455	0.000158785	0.224425	0	-1.05e+06	0	-0.781355	
1456	0.000158683	0.224584	0	-1.05e+06	0	-0.785872	
1457	0.000158583	0.224742	0	-1.05e+06	0	-0.790384	
1458	0.000158483	0.224901	0	-1.05e+06	0	-0.794891	
1459	0.000158384	0.225059	0	-1.05e+06	0	-0.799392	
1460	0.000158287	0.225218	0	-1.05e+06	0	-0.803888	
1461	0.00015819	0.225376	0	-1.05e+06	0	-0.808379	
1462	0.000158094	0.225534	0	-1.05e+06	0	-0.812864	
1463	0.000157999	0.225692	0	-1.05e+06	0	-0.817344	
1464	0.000157905	0.22585	0	-1.05e+06	0	-0.821818	
1465	0.000157812	0.226008	0	-1.05e+06	0	-0.826286	
1466	0.000157719	0.226166	0	-1.05e+06	0	-0.830748	
1467	0.000157626	0.226324	0	-1.05e+06	0	-0.835205	
1468	0.000157534	0.226481	0	-1.05e+06	0	-0.839655	
1469	0.000157443	0.226639	0	-1.05e+06	0	-0.844099	
1470	0.000157351	0.226796	0	-1.05e+06	0	-0.848536	
1471	0.00015726	0.226954	0	-1.05e+06	0	-0.852968	
1472	0.000157169	0.227111	0	-1.05e+06	0	-0.857393	
1473	0.000157078	0.227268	0	-1.05e+06	0	-0.861811	
1474	0.000156987	0.227425	0	-1.05e+06	0	-0.866223	
1475	0.000156896	0.227582	0	-1.05e+06	0	-0.870629	
1476	0.000156805	0.227739	0	-1.05e+06	0	-0.875027	
1477	0.000156715	0.227896	0	-1.05e+06	0	-0.879419	
1478	0.000156624	0.228053	0	-1.05e+06	0	-0.883804	
1479	0.000156534	0.228209	0	-1.05e+06	0	-0.888183	
1480	0.000156444	0.228366	0	-1.05e+06	0	-0.892554	
1481	0.000156354	0.228522	0	-1.05e+06	0	-0.896919	
1482	0.000156265	0.228678	0	-1.05e+06	0	-0.901276	
1483	0.000156157	0.228835	0	-1.05e+06	0	-0.905626	
1484	0.000155975	0.228991	0	-1.05e+06	0	-0.909966	
1485	0.000155759	0.229147	0	-1.05e+06	0	-0.914296	
1486	0.000155518	0.229303	0	-1.05e+06	0	-0.918615	
1487	0.000155278	0.229458	0	-1.05e+06	0	-0.922922	
1488	0.000155038	0.229613	0	-1.05e+06	0	-0.927218	
1489	0.0001548	0.229768	0	-1.05e+06	0	-0.931503	
1490	0.000154564	0.229923	0	-1.05e+06	0	-0.935777	
1491	0.00015433	0.230078	0	-1.05e+06	0	-0.940039	
1492	0.000154097	0.230232	0	-1.05e+06	0	-0.944291	
1493	0.000153867	0.230386	0	-1.05e+06	0	-0.948532	
1494	0.00015364	0.23054	0	-1.05e+06	0	-0.952761	
1495	0.000153412	0.230694	0	-1.05e+06	0	-0.95698	
1496	0.000153147	0.230847	0	-1.05e+06	0	-0.961187	
1497	0.000152883	0.231	0	-1.05e+06	0	-0.965383	
1498	0.000152619	0.231153	0	-1.05e+06	0	-0.969566	
1499	0.000152314	0.231306	0	-1.05e+06	0	-0.973737	
1500	0.000151996	0.231458	0	-1.05e+06	0	-0.977894	
