Step	dt	Time	fbody_x	fbody_y	fbody_z	dy_tip	
0	1e-16	0	0	0	0	-3.41733e-07	
1	1e-16	0	0	-1.05e+06	0	-3.41733e-07	
2	0.00018619	1e-16	0	-1.05e+06	0	-3.50084e-05	
3	0.000186133	0.00018619	0	-1.05e+06	0	-0.00010431	
4	0.000186028	0.000372323	0	-1.05e+06	0	-0.000208179	
5	0.00018588	0.000558351	0	-1.05e+06	0	-0.000346516	
6	0.000185693	0.000744231	0	-1.05e+06	0	-0.000519196	
7	0.000185468	0.000929923	0	-1.05e+06	0	-0.000726066	
8	0.00018521	0.00111539	0	-1.05e+06	0	-0.000966951	
9	0.00018492	0.0013006	0	-1.05e+06	0	-0.00124165	
10	0.0001846	0.00148552	0	-1.05e+06	0	-0.00154996	
11	0.000184252	0.00167012	0	-1.05e+06	0	-0.00189163	
12	0.00018388	0.00185437	0	-1.05e+06	0	-0.00226642	
13	0.000183484	0.00203825	0	-1.05e+06	0	-0.00267408	
14	0.000183069	0.00222174	0	-1.05e+06	0	-0.00311432	
15	0.000182635	0.00240481	0	-1.05e+06	0	-0.00358688	
16	0.000182185	0.00258744	0	-1.05e+06	0	-0.00409146	
17	0.000181722	0.00276963	0	-1.05e+06	0	-0.00462779	
18	0.000181247	0.00295135	0	-1.05e+06	0	-0.00519556	
19	0.000180763	0.0031326	0	-1.05e+06	0	-0.0057945	
20	0.000180271	0.00331336	0	-1.05e+06	0	-0.0064243	
21	0.000179774	0.00349363	0	-1.05e+06	0	-0.00708468	
22	0.000179272	0.0036734	0	-1.05e+06	0	-0.00777536	
23	0.000178767	0.00385268	0	-1.05e+06	0	-0.00849605	
24	0.000178261	0.00403144	0	-1.05e+06	0	-0.00924647	
25	0.000177754	0.0042097	0	-1.05e+06	0	-0.0100264	
26	0.000177248	0.00438746	0	-1.05e+06	0	-0.0108354	
27	0.000176744	0.00456471	0	-1.05e+06	0	-0.0116735	
28	0.000176241	0.00474145	0	-1.05e+06	0	-0.0125402	
29	0.000175742	0.00491769	0	-1.05e+06	0	-0.0134353	
30	0.000175247	0.00509343	0	-1.05e+06	0	-0.0143586	
31	0.000174755	0.00526868	0	-1.05e+06	0	-0.0153099	
32	0.000174267	0.00544343	0	-1.05e+06	0	-0.0162889	
33	0.000173784	0.0056177	0	-1.05e+06	0	-0.0172953	
34	0.000173306	0.00579149	0	-1.05e+06	0	-0.0183291	
35	0.000172832	0.00596479	0	-1.05e+06	0	-0.0193898	
36	0.000172364	0.00613762	0	-1.05e+06	0	-0.0204775	
37	0.0001719	0.00630999	0	-1.05e+06	0	-0.0215917	
38	0.000171441	0.00648189	0	-1.05e+06	0	-0.0227324	
39	0.000170987	0.00665333	0	-1.05e+06	0	-0.0238992	
40	0.000170537	0.00682432	0	-1.05e+06	0	-0.0250921	
41	0.000170092	0.00699485	0	-1.05e+06	0	-0.0263108	
42	0.000169652	0.00716495	0	-1.05e+06	0	-0.0275551	
43	0.000169215	0.0073346	0	-1.05e+06	0	-0.0288249	
44	0.000168782	0.00750381	0	-1.05e+06	0	-0.0301199	
45	0.000168354	0.00767259	0	-1.05e+06	0	-0.0314399	
46	0.000167929	0.00784095	0	-1.05e+06	0	-0.0327849	
47	0.000167507	0.00800888	0	-1.05e+06	0	-0.0341545	
48	0.000167089	0.00817638	0	-1.05e+06	0	-0.0355486	
49	0.000166674	0.00834347	0	-1.05e+06	0	-0.036967	
50	0.000166262	0.00851015	0	-1.05e+06	0	-0.0384095	
51	0.000165852	0.00867641	0	-1.05e+06	0	-0.039876	
52	0.000165446	0.00884226	0	-1.05e+06	0	-0.0413663	
53	0.000165042	0.00900771	0	-1.05e+06	0	-0.0428802	
54	0.00016464	0.00917275	0	-1.05e+06	0	-0.0444175	
55	0.000164241	0.00933739	0	-1.05e+06	0	-0.0459781	
56	0.000163844	0.00950163	0	-1.05e+06	0	-0.0475617	
57	0.00016345	0.00966547	0	-1.05e+06	0	-0.0491683	
58	0.000163058	0.00982892	0	-1.05e+06	0	-0.0507975	
59	0.000162668	0.00999198	0	-1.05e+06	0	-0.0524494	
60	0.00016228	0.0101546	0	-1.05e+06	0	-0.0541236	
61	0.000161894	0.0103169	0	-1.05e+06	0	-0.05582	
62	0.00016151	0.0104788	0	-1.05e+06	0	-0.0575386	
63	0.000161129	0.0106403	0	-1.05e+06	0	-0.059279	
64	0.00016075	0.0108015	0	-1.05e+06	0	-0.0610412	
65	0.000160373	0.0109622	0	-1.05e+06	0	-0.0628249	
66	0.000159999	0.0111226	0	-1.05e+06	0	-0.0646301	
67	0.000159627	0.0112826	0	-1.05e+06	0	-0.0664566	
68	0.000159258	0.0114422	0	-1.05e+06	0	-0.0683043	
69	0.000158891	0.0116015	0	-1.05e+06	0	-0.0701729	
70	0.000158527	0.0117604	0	-1.05e+06	0	-0.0720623	
71	0.000158166	0.0119189	0	-1.05e+06	0	-0.0739725	
72	0.000157808	0.0120771	0	-1.05e+06	0	-0.0759033	
73	0.000157454	0.0122349	0	-1.05e+06	0	-0.0778545	
74	0.000157102	0.0123923	0	-1.05e+06	0	-0.079826	
75	0.000156754	0.0125494	0	-1.05e+06	0	-0.0818178	
76	0.00015641	0.0127062	0	-1.05e+06	0	-0.0838296	
77	0.00015607	0.0128626	0	-1.05e+06	0	-0.0858614	
78	0.000155733	0.0130187	0	-1.05e+06	0	-0.0879131	
79	0.000155401	0.0131744	0	-1.05e+06	0	-0.0899846	
80	0.000155073	0.0133298	0	-1.05e+06	0	-0.0920757	
81	0.00015475	0.0134849	0	-1.05e+06	0	-0.0941865	
82	0.000154431	0.0136396	0	-1.05e+06	0	-0.0963167	
83	0.000154118	0.013794	0	-1.05e+06	0	-0.0984664	
84	0.00015381	0.0139482	0	-1.05e+06	0	-0.100635	
85	0.000153507	0.014102	0	-1.05e+06	0	-0.102824	
86	0.00015321	0.0142555	0	-1.05e+06	0	-0.105031	
87	0.000152918	0.0144087	0	-1.05e+06	0	-0.107258	
88	0.000152633	0.0145616	0	-1.05e+06	0	-0.109504	
89	0.000152354	0.0147142	0	-1.05e+06	0	-0.111769	
90	0.000152082	0.0148666	0	-1.05e+06	0	-0.114053	
91	0.000151816	0.0150187	0	-1.05e+06	0	-0.116356	
92	0.000151557	0.0151705	0	-1.05e+06	0	-0.118678	
93	0.000151306	0.015322	0	-1.05e+06	0	-0.121019	
94	0.000151062	0.0154734	0	-1.05e+06	0	-0.12338	
95	0.000150826	0.0156244	0	-1.05e+06	0	-0.125759	
96	0.000150597	0.0157752	0	-1.05e+06	0	-0.128157	
97	0.000150377	0.0159258	0	-1.05e+06	0	-0.130575	
98	0.000150165	0.0160762	0	-1.05e+06	0	-0.133011	
99	0.000149962	0.0162264	0	-1.05e+06	0	-0.135467	
100	0.000149768	0.0163763	0	-1.05e+06	0	-0.137942	
101	0.000149582	0.0165261	0	-1.05e+06	0	-0.140436	
102	0.000149406	0.0166757	0	-1.05e+06	0	-0.14295	
103	0.000149239	0.0168251	0	-1.05e+06	0	-0.145483	
104	0.000149082	0.0169743	0	-1.05e+06	0	-0.148036	
105	0.000148935	0.0171234	0	-1.05e+06	0	-0.150608	
106	0.000148797	0.0172724	0	-1.05e+06	0	-0.1532	
107	0.00014867	0.0174212	0	-1.05e+06	0	-0.155812	
108	0.000148553	0.0175698	0	-1.05e+06	0	-0.158444	
109	0.000148447	0.0177184	0	-1.05e+06	0	-0.161096	
110	0.000148351	0.0178668	0	-1.05e+06	0	-0.163769	
111	0.000148266	0.0180152	0	-1.05e+06	0	-0.166461	
112	0.000148192	0.0181634	0	-1.05e+06	0	-0.169175	
113	0.000148129	0.0183116	0	-1.05e+06	0	-0.171909	
114	0.000148077	0.0184598	0	-1.05e+06	0	-0.174664	
115	0.000148036	0.0186078	0	-1.05e+06	0	-0.17744	
116	0.000148007	0.0187559	0	-1.05e+06	0	-0.180237	
117	0.000147988	0.0189039	0	-1.05e+06	0	-0.183056	
118	0.000147981	0.0190519	0	-1.05e+06	0	-0.185896	
119	0.000147985	0.0191999	0	-1.05e+06	0	-0.188759	
120	0.000148001	0.0193478	0	-1.05e+06	0	-0.191643	
121	0.000148027	0.0194958	0	-1.05e+06	0	-0.19455	
122	0.000148065	0.0196439	0	-1.05e+06	0	-0.197479	
123	0.000148113	0.0197919	0	-1.05e+06	0	-0.200431	
124	0.000148173	0.01994	0	-1.05e+06	0	-0.203406	
125	0.000148243	0.0200882	0	-1.05e+06	0	-0.206404	
126	0.000148323	0.0202365	0	-1.05e+06	0	-0.209426	
127	0.000148414	0.0203848	0	-1.05e+06	0	-0.212471	
128	0.000148515	0.0205332	0	-1.05e+06	0	-0.21554	
129	0.000148625	0.0206817	0	-1.05e+06	0	-0.218633	
130	0.000148745	0.0208303	0	-1.05e+06	0	-0.221751	
131	0.000148874	0.0209791	0	-1.05e+06	0	-0.224892	
132	0.000149012	0.021128	0	-1.05e+06	0	-0.228059	
133	0.000149158	0.021277	0	-1.05e+06	0	-0.23125	
134	0.000149311	0.0214261	0	-1.05e+06	0	-0.234467	
135	0.000149472	0.0215754	0	-1.05e+06	0	-0.237709	
136	0.000149639	0.0217249	0	-1.05e+06	0	-0.240976	
137	0.000149813	0.0218745	0	-1.05e+06	0	-0.244269	
138	0.000149991	0.0220244	0	-1.05e+06	0	-0.247587	
139	0.000150175	0.0221744	0	-1.05e+06	0	-0.250931	
140	0.000150363	0.0223245	0	-1.05e+06	0	-0.254301	
141	0.000150554	0.0224749	0	-1.05e+06	0	-0.257698	
142	0.000150749	0.0226254	0	-1.05e+06	0	-0.26112	
143	0.000150945	0.0227762	0	-1.05e+06	0	-0.264568	
144	0.000151027	0.0229271	0	-1.05e+06	0	-0.26804	
145	0.000151074	0.0230782	0	-1.05e+06	0	-0.271534	
146	0.000151128	0.0232292	0	-1.05e+06	0	-0.275051	
147	0.000151191	0.0233804	0	-1.05e+06	0	-0.27859	
148	0.000151175	0.0235316	0	-1.05e+06	0	-0.282151	
149	0.000151159	0.0236827	0	-1.05e+06	0	-0.285732	
150	0.00015115	0.0238339	0	-1.05e+06	0	-0.289333	
151	0.000151149	0.023985	0	-1.05e+06	0	-0.292955	
152	0.000151155	0.0241362	0	-1.05e+06	0	-0.296598	
153	0.000151169	0.0242873	0	-1.05e+06	0	-0.300262	
154	0.000151191	0.0244385	0	-1.05e+06	0	-0.303946	
155	0.000151221	0.0245897	0	-1.05e+06	0	-0.307651	
156	0.000151258	0.0247409	0	-1.05e+06	0	-0.311376	
157	0.000151304	0.0248922	0	-1.05e+06	0	-0.315123	
158	0.000151357	0.0250435	0	-1.05e+06	0	-0.31889	
159	0.000151418	0.0251948	0	-1.05e+06	0	-0.322678	
160	0.000151487	0.0253463	0	-1.05e+06	0	-0.326486	
161	0.000151562	0.0254978	0	-1.05e+06	0	-0.330315	
162	0.000151644	0.0256493	0	-1.05e+06	0	-0.334165	
163	0.000151732	0.025801	0	-1.05e+06	0	-0.338035	
164	0.000151826	0.0259527	0	-1.05e+06	0	-0.341926	
165	0.000151926	0.0261045	0	-1.05e+06	0	-0.345837	
166	0.00015203	0.0262564	0	-1.05e+06	0	-0.349768	
167	0.000152139	0.0264085	0	-1.05e+06	0	-0.353719	
168	0.000152251	0.0265606	0	-1.05e+06	0	-0.35769	
169	0.000152366	0.0267129	0	-1.05e+06	0	-0.361681	
170	0.000152483	0.0268652	0	-1.05e+06	0	-0.36569	
171	0.000152587	0.0270177	0	-1.05e+06	0	-0.369719	
172	0.000152625	0.0271703	0	-1.05e+06	0	-0.373764	
173	0.000152669	0.0273229	0	-1.05e+06	0	-0.377826	
174	0.000152719	0.0274756	0	-1.05e+06	0	-0.381904	
175	0.000152774	0.0276283	0	-1.05e+06	0	-0.385997	
176	0.000152834	0.0277811	0	-1.05e+06	0	-0.390107	
177	0.000152876	0.0279339	0	-1.05e+06	0	-0.394232	
178	0.000152911	0.0280868	0	-1.05e+06	0	-0.398371	
179	0.000152954	0.0282397	0	-1.05e+06	0	-0.402524	
180	0.000153006	0.0283927	0	-1.05e+06	0	-0.406692	
181	0.000153065	0.0285457	0	-1.05e+06	0	-0.410873	
182	0.000153131	0.0286987	0	-1.05e+06	0	-0.415068	
183	0.000153203	0.0288519	0	-1.05e+06	0	-0.419277	
184	0.000153279	0.0290051	0	-1.05e+06	0	-0.423499	
185	0.00015336	0.0291583	0	-1.05e+06	0	-0.427734	
186	0.000153443	0.0293117	0	-1.05e+06	0	-0.431981	
187	0.000153528	0.0294651	0	-1.05e+06	0	-0.436242	
188	0.000153614	0.0296187	0	-1.05e+06	0	-0.440514	
189	0.0001537	0.0297723	0	-1.05e+06	0	-0.444798	
190	0.000153785	0.029926	0	-1.05e+06	0	-0.449093	
191	0.000153868	0.0300798	0	-1.05e+06	0	-0.453399	
192	0.000153948	0.0302336	0	-1.05e+06	0	-0.457716	
193	0.000154026	0.0303876	0	-1.05e+06	0	-0.462043	
194	0.000154098	0.0305416	0	-1.05e+06	0	-0.466379	
195	0.000154167	0.0306957	0	-1.05e+06	0	-0.470725	
196	0.00015423	0.0308499	0	-1.05e+06	0	-0.47508	
197	0.00015426	0.0310041	0	-1.05e+06	0	-0.479442	
198	0.000154231	0.0311584	0	-1.05e+06	0	-0.483809	
199	0.000154204	0.0313126	0	-1.05e+06	0	-0.488183	
200	0.000154181	0.0314668	0	-1.05e+06	0	-0.492561	
201	0.000154163	0.031621	0	-1.05e+06	0	-0.496945	
202	0.00015415	0.0317752	0	-1.05e+06	0	-0.501333	
203	0.000154142	0.0319293	0	-1.05e+06	0	-0.505727	
204	0.000154139	0.0320834	0	-1.05e+06	0	-0.510126	
205	0.000154144	0.0322376	0	-1.05e+06	0	-0.514529	
206	0.000154155	0.0323917	0	-1.05e+06	0	-0.518938	
207	0.000154173	0.0325459	0	-1.05e+06	0	-0.523352	
208	0.000154198	0.0327001	0	-1.05e+06	0	-0.527771	
209	0.00015423	0.0328542	0	-1.05e+06	0	-0.532196	
210	0.00015427	0.0330085	0	-1.05e+06	0	-0.536626	
211	0.000154316	0.0331627	0	-1.05e+06	0	-0.541061	
212	0.00015437	0.0333171	0	-1.05e+06	0	-0.545503	
213	0.00015443	0.0334714	0	-1.05e+06	0	-0.54995	
214	0.000154497	0.0336259	0	-1.05e+06	0	-0.554404	
215	0.000154569	0.0337804	0	-1.05e+06	0	-0.558864	
216	0.000154569	0.0339349	0	-1.05e+06	0	-0.563329	
217	0.000154571	0.0340895	0	-1.05e+06	0	-0.567798	
218	0.000154575	0.0342441	0	-1.05e+06	0	-0.572272	
219	0.00015458	0.0343986	0	-1.05e+06	0	-0.576751	
220	0.000154587	0.0345532	0	-1.05e+06	0	-0.581235	
221	0.000154596	0.0347078	0	-1.05e+06	0	-0.585724	
222	0.000154606	0.0348624	0	-1.05e+06	0	-0.590218	
223	0.000154618	0.035017	0	-1.05e+06	0	-0.594719	
224	0.000154631	0.0351716	0	-1.05e+06	0	-0.599225	
225	0.000154645	0.0353263	0	-1.05e+06	0	-0.603737	
226	0.000154659	0.0354809	0	-1.05e+06	0	-0.608256	
227	0.000154673	0.0356356	0	-1.05e+06	0	-0.612782	
228	0.000154686	0.0357902	0	-1.05e+06	0	-0.617315	
229	0.000154698	0.0359449	0	-1.05e+06	0	-0.621855	
230	0.000154708	0.0360996	0	-1.05e+06	0	-0.626402	
231	0.000154716	0.0362543	0	-1.05e+06	0	-0.630957	
232	0.000154716	0.0364091	0	-1.05e+06	0	-0.635521	
233	0.000154685	0.0365638	0	-1.05e+06	0	-0.640091	
234	0.000154652	0.0367185	0	-1.05e+06	0	-0.644669	
235	0.000154582	0.0368731	0	-1.05e+06	0	-0.649254	
236	0.0001545	0.0370277	0	-1.05e+06	0	-0.653846	
237	0.000154417	0.0371822	0	-1.05e+06	0	-0.658445	
238	0.000154332	0.0373366	0	-1.05e+06	0	-0.663051	
239	0.000154247	0.0374909	0	-1.05e+06	0	-0.667665	
240	0.000154161	0.0376452	0	-1.05e+06	0	-0.672288	
241	0.000154075	0.0377993	0	-1.05e+06	0	-0.676919	
242	0.00015399	0.0379534	0	-1.05e+06	0	-0.681559	
243	0.000153905	0.0381074	0	-1.05e+06	0	-0.686209	
244	0.000153822	0.0382613	0	-1.05e+06	0	-0.690868	
245	0.00015374	0.0384151	0	-1.05e+06	0	-0.695537	
246	0.00015363	0.0385689	0	-1.05e+06	0	-0.700216	
247	0.000153514	0.0387225	0	-1.05e+06	0	-0.704906	
248	0.000153402	0.038876	0	-1.05e+06	0	-0.709605	
249	0.000153294	0.0390294	0	-1.05e+06	0	-0.714315	
250	0.000153192	0.0391827	0	-1.05e+06	0	-0.719037	
251	0.000153095	0.0393359	0	-1.05e+06	0	-0.72377	
252	0.000153003	0.039489	0	-1.05e+06	0	-0.728515	
253	0.000152916	0.039642	0	-1.05e+06	0	-0.733273	
254	0.000152833	0.0397949	0	-1.05e+06	0	-0.738044	
255	0.000152755	0.0399478	0	-1.05e+06	0	-0.742829	
256	0.000152681	0.0401005	0	-1.05e+06	0	-0.747627	
257	0.00015261	0.0402532	0	-1.05e+06	0	-0.75244	
258	0.000152543	0.0404058	0	-1.05e+06	0	-0.757267	
259	0.000152478	0.0405583	0	-1.05e+06	0	-0.762108	
260	0.000152381	0.0407108	0	-1.05e+06	0	-0.766964	
261	0.000152259	0.0408632	0	-1.05e+06	0	-0.771833	
262	0.000152137	0.0410155	0	-1.05e+06	0	-0.776715	
263	0.000152014	0.0411676	0	-1.05e+06	0	-0.78161	
264	0.000151892	0.0413196	0	-1.05e+06	0	-0.786519	
265	0.000151756	0.0414715	0	-1.05e+06	0	-0.791441	
266	0.000151608	0.0416233	0	-1.05e+06	0	-0.796375	
267	0.00015146	0.0417749	0	-1.05e+06	0	-0.801322	
268	0.000151312	0.0419263	0	-1.05e+06	0	-0.806282	
269	0.000151165	0.0420776	0	-1.05e+06	0	-0.811253	
270	0.000151019	0.0422288	0	-1.05e+06	0	-0.816238	
271	0.000150874	0.0423798	0	-1.05e+06	0	-0.821234	
272	0.00015073	0.0425307	0	-1.05e+06	0	-0.826243	
273	0.000150588	0.0426814	0	-1.05e+06	0	-0.831264	
274	0.000150447	0.042832	0	-1.05e+06	0	-0.836296	
275	0.000150308	0.0429825	0	-1.05e+06	0	-0.841341	
276	0.000150172	0.0431328	0	-1.05e+06	0	-0.846397	
277	0.000150038	0.0432829	0	-1.05e+06	0	-0.851464	
278	0.000149906	0.043433	0	-1.05e+06	0	-0.856542	
279	0.000149777	0.0435829	0	-1.05e+06	0	-0.861632	
280	0.000149651	0.0437327	0	-1.05e+06	0	-0.866732	
281	0.000149528	0.0438823	0	-1.05e+06	0	-0.871842	
282	0.000149409	0.0440318	0	-1.05e+06	0	-0.876963	
283	0.000149293	0.0441812	0	-1.05e+06	0	-0.882094	
284	0.000149181	0.0443305	0	-1.05e+06	0	-0.887234	
285	0.000149074	0.0444797	0	-1.05e+06	0	-0.892384	
286	0.00014897	0.0446288	0	-1.05e+06	0	-0.897543	
287	0.000148871	0.0447778	0	-1.05e+06	0	-0.902711	
288	0.000148776	0.0449266	0	-1.05e+06	0	-0.907888	
289	0.000148686	0.0450754	0	-1.05e+06	0	-0.913072	
290	0.000148601	0.0452241	0	-1.05e+06	0	-0.918266	
291	0.000148509	0.0453727	0	-1.05e+06	0	-0.923466	
292	0.000148339	0.0455212	0	-1.05e+06	0	-0.928671	
293	0.000148174	0.0456695	0	-1.05e+06	0	-0.933879	
294	0.000148014	0.0458177	0	-1.05e+06	0	-0.939091	
295	0.000147861	0.0459657	0	-1.05e+06	0	-0.944306	
296	0.000147713	0.0461136	0	-1.05e+06	0	-0.949525	
297	0.00014757	0.0462613	0	-1.05e+06	0	-0.954746	
298	0.000147434	0.0464089	0	-1.05e+06	0	-0.95997	
299	0.000147304	0.0465563	0	-1.05e+06	0	-0.965196	
300	0.000147179	0.0467036	0	-1.05e+06	0	-0.970423	
301	0.000147024	0.0468508	0	-1.05e+06	0	-0.975652	
302	0.000146785	0.0469978	0	-1.05e+06	0	-0.980877	
303	0.000146551	0.0471446	0	-1.05e+06	0	-0.986099	
304	0.000146322	0.0472912	0	-1.05e+06	0	-0.991318	
305	0.000146069	0.0474375	0	-1.05e+06	0	-0.996531	
306	0.000145787	0.0475835	0	-1.05e+06	0	-1.00174	
307	0.000145508	0.0477293	0	-1.05e+06	0	-1.00694	
308	0.000145234	0.0478748	0	-1.05e+06	0	-1.01213	
309	0.000144964	0.0480201	0	-1.05e+06	0	-1.01732	
310	0.000144699	0.048165	0	-1.05e+06	0	-1.0225	
311	0.000144439	0.0483097	0	-1.05e+06	0	-1.02767	
312	0.000144184	0.0484542	0	-1.05e+06	0	-1.03283	
313	0.000143935	0.0485984	0	-1.05e+06	0	-1.03799	
314	0.000143691	0.0487423	0	-1.05e+06	0	-1.04314	
315	0.000143452	0.048886	0	-1.05e+06	0	-1.04828	
316	0.00014322	0.0490294	0	-1.05e+06	0	-1.05341	
317	0.000142993	0.0491727	0	-1.05e+06	0	-1.05853	
318	0.000142772	0.0493157	0	-1.05e+06	0	-1.06365	
319	0.000142557	0.0494584	0	-1.05e+06	0	-1.06875	
320	0.000142348	0.049601	0	-1.05e+06	0	-1.07385	
321	0.000142146	0.0497433	0	-1.05e+06	0	-1.07894	
322	0.000141949	0.0498855	0	-1.05e+06	0	-1.08401	
323	0.000141759	0.0500274	0	-1.05e+06	0	-1.08908	
324	0.000141575	0.0501692	0	-1.05e+06	0	-1.09414	
325	0.000141397	0.0503108	0	-1.05e+06	0	-1.0992	
326	0.000141225	0.0504522	0	-1.05e+06	0	-1.10424	
327	0.000141059	0.0505934	0	-1.05e+06	0	-1.10927	
328	0.0001409	0.0507344	0	-1.05e+06	0	-1.11429	
329	0.000140746	0.0508753	0	-1.05e+06	0	-1.1193	
330	0.000140594	0.0510161	0	-1.05e+06	0	-1.12431	
331	0.000140445	0.0511567	0	-1.05e+06	0	-1.1293	
332	0.000140302	0.0512971	0	-1.05e+06	0	-1.13428	
333	0.000140163	0.0514374	0	-1.05e+06	0	-1.13925	
334	0.000140018	0.0515776	0	-1.05e+06	0	-1.14422	
335	0.00013988	0.0517176	0	-1.05e+06	0	-1.14917	
336	0.000139749	0.0518575	0	-1.05e+06	0	-1.1541	
337	0.000139625	0.0519972	0	-1.05e+06	0	-1.15903	
338	0.000139508	0.0521369	0	-1.05e+06	0	-1.16395	
339	0.000139398	0.0522764	0	-1.05e+06	0	-1.16885	
340	0.000139294	0.0524158	0	-1.05e+06	0	-1.17375	
341	0.000139196	0.0525551	0	-1.05e+06	0	-1.17863	
342	0.000139104	0.0526943	0	-1.05e+06	0	-1.18349	
343	0.000139017	0.0528334	0	-1.05e+06	0	-1.18835	
344	0.000138937	0.0529724	0	-1.05e+06	0	-1.1932	
345	0.000138861	0.0531113	0	-1.05e+06	0	-1.19803	
346	0.000138789	0.0532502	0	-1.05e+06	0	-1.20285	
347	0.000138722	0.053389	0	-1.05e+06	0	-1.20765	
348	0.00013866	0.0535277	0	-1.05e+06	0	-1.21244	
349	0.000138601	0.0536663	0	-1.05e+06	0	-1.21722	
350	0.000138545	0.0538049	0	-1.05e+06	0	-1.22198	
351	0.000138493	0.0539435	0	-1.05e+06	0	-1.22673	
352	0.000138443	0.054082	0	-1.05e+06	0	-1.23147	
353	0.000138396	0.0542204	0	-1.05e+06	0	-1.23618	
354	0.000138351	0.0543588	0	-1.05e+06	0	-1.24089	
355	0.000138307	0.0544972	0	-1.05e+06	0	-1.24557	
356	0.000138266	0.0546355	0	-1.05e+06	0	-1.25024	
357	0.000138226	0.0547737	0	-1.05e+06	0	-1.25489	
358	0.000138187	0.054912	0	-1.05e+06	0	-1.25953	
359	0.000138149	0.0550502	0	-1.05e+06	0	-1.26415	
360	0.000138111	0.0551883	0	-1.05e+06	0	-1.26875	
361	0.000138074	0.0553264	0	-1.05e+06	0	-1.27333	
362	0.000138013	0.0554645	0	-1.05e+06	0	-1.27788	
363	0.000137951	0.0556025	0	-1.05e+06	0	-1.28242	
364	0.000137892	0.0557405	0	-1.05e+06	0	-1.28694	
365	0.000137837	0.0558783	0	-1.05e+06	0	-1.29144	
366	0.000137785	0.0560162	0	-1.05e+06	0	-1.29591	
367	0.000137736	0.056154	0	-1.05e+06	0	-1.30036	
368	0.00013769	0.0562917	0	-1.05e+06	0	-1.30479	
369	0.000137647	0.0564294	0	-1.05e+06	0	-1.3092	
370	0.000137607	0.056567	0	-1.05e+06	0	-1.31358	
371	0.000137569	0.0567046	0	-1.05e+06	0	-1.31794	
372	0.000137533	0.0568422	0	-1.05e+06	0	-1.32228	
373	0.0001375	0.0569798	0	-1.05e+06	0	-1.32659	
374	0.000137469	0.0571173	0	-1.05e+06	0	-1.33087	
375	0.00013744	0.0572547	0	-1.05e+06	0	-1.33514	
376	0.000137413	0.0573922	0	-1.05e+06	0	-1.33937	
377	0.000137388	0.0575296	0	-1.05e+06	0	-1.34358	
378	0.000137364	0.057667	0	-1.05e+06	0	-1.34777	
379	0.000137341	0.0578043	0	-1.05e+06	0	-1.35192	
380	0.00013732	0.0579417	0	-1.05e+06	0	-1.35605	
381	0.000137301	0.058079	0	-1.05e+06	0	-1.36016	
382	0.000137274	0.0582163	0	-1.05e+06	0	-1.36423	
383	0.000137237	0.0583536	0	-1.05e+06	0	-1.36828	
384	0.000137201	0.0584908	0	-1.05e+06	0	-1.3723	
385	0.000137166	0.058628	0	-1.05e+06	0	-1.37629	
386	0.000137132	0.0587652	0	-1.05e+06	0	-1.38025	
387	0.0001371	0.0589023	0	-1.05e+06	0	-1.38419	
388	0.00013707	0.0590394	0	-1.05e+06	0	-1.38809	
389	0.000137042	0.0591765	0	-1.05e+06	0	-1.39196	
390	0.000137015	0.0593135	0	-1.05e+06	0	-1.3958	
391	0.000136991	0.0594505	0	-1.05e+06	0	-1.39962	
392	0.000136969	0.0595875	0	-1.05e+06	0	-1.4034	
393	0.00013695	0.0597245	0	-1.05e+06	0	-1.40715	
394	0.000136934	0.0598614	0	-1.05e+06	0	-1.41088	
395	0.00013692	0.0599984	0	-1.05e+06	0	-1.41457	
396	0.00013691	0.0601353	0	-1.05e+06	0	-1.41823	
397	0.000136902	0.0602722	0	-1.05e+06	0	-1.42186	
398	0.000136898	0.0604091	0	-1.05e+06	0	-1.42546	
399	0.000136897	0.060546	0	-1.05e+06	0	-1.42903	
400	0.0001369	0.0606829	0	-1.05e+06	0	-1.43257	
401	0.000136907	0.0608198	0	-1.05e+06	0	-1.43608	
402	0.000136917	0.0609567	0	-1.05e+06	0	-1.43956	
403	0.00013693	0.0610936	0	-1.05e+06	0	-1.443	
404	0.000136948	0.0612305	0	-1.05e+06	0	-1.44642	
405	0.000136969	0.0613675	0	-1.05e+06	0	-1.4498	
406	0.000136993	0.0615045	0	-1.05e+06	0	-1.45316	
407	0.000137022	0.0616415	0	-1.05e+06	0	-1.45648	
408	0.000137054	0.0617785	0	-1.05e+06	0	-1.45977	
409	0.000137083	0.0619155	0	-1.05e+06	0	-1.46303	
410	0.00013711	0.0620526	0	-1.05e+06	0	-1.46626	
411	0.000137138	0.0621897	0	-1.05e+06	0	-1.46946	
412	0.000137169	0.0623269	0	-1.05e+06	0	-1.47263	
413	0.000137201	0.062464	0	-1.05e+06	0	-1.47577	
414	0.000137234	0.0626012	0	-1.05e+06	0	-1.47887	
415	0.000137269	0.0627385	0	-1.05e+06	0	-1.48195	
416	0.000137294	0.0628757	0	-1.05e+06	0	-1.48499	
417	0.00013731	0.063013	0	-1.05e+06	0	-1.48801	
418	0.000137328	0.0631503	0	-1.05e+06	0	-1.49099	
419	0.000137346	0.0632877	0	-1.05e+06	0	-1.49394	
420	0.000137364	0.063425	0	-1.05e+06	0	-1.49685	
421	0.000137384	0.0635624	0	-1.05e+06	0	-1.49974	
422	0.000137404	0.0636998	0	-1.05e+06	0	-1.5026	
423	0.000137425	0.0638372	0	-1.05e+06	0	-1.50542	
424	0.000137445	0.0639746	0	-1.05e+06	0	-1.50822	
425	0.000137464	0.064112	0	-1.05e+06	0	-1.51098	
426	0.000137486	0.0642495	0	-1.05e+06	0	-1.51371	
427	0.000137501	0.064387	0	-1.05e+06	0	-1.51641	
428	0.000137518	0.0645245	0	-1.05e+06	0	-1.51908	
429	0.000137541	0.064662	0	-1.05e+06	0	-1.52172	
430	0.000137571	0.0647995	0	-1.05e+06	0	-1.52433	
431	0.000137608	0.0649371	0	-1.05e+06	0	-1.52692	
432	0.000137652	0.0650747	0	-1.05e+06	0	-1.52947	
433	0.0001377	0.0652124	0	-1.05e+06	0	-1.53199	
434	0.000137737	0.0653501	0	-1.05e+06	0	-1.53448	
435	0.000137777	0.0654878	0	-1.05e+06	0	-1.53694	
436	0.000137819	0.0656256	0	-1.05e+06	0	-1.53938	
437	0.000137863	0.0657634	0	-1.05e+06	0	-1.54178	
438	0.000137911	0.0659013	0	-1.05e+06	0	-1.54416	
439	0.000137961	0.0660392	0	-1.05e+06	0	-1.54651	
440	0.000138014	0.0661771	0	-1.05e+06	0	-1.54883	
441	0.00013807	0.0663152	0	-1.05e+06	0	-1.55112	
442	0.000138129	0.0664532	0	-1.05e+06	0	-1.55338	
443	0.000138191	0.0665914	0	-1.05e+06	0	-1.55562	
444	0.000138256	0.0667295	0	-1.05e+06	0	-1.55783	
445	0.000138325	0.0668678	0	-1.05e+06	0	-1.56002	
446	0.000138396	0.0670061	0	-1.05e+06	0	-1.56218	
447	0.000138469	0.0671445	0	-1.05e+06	0	-1.56431	
448	0.000138546	0.067283	0	-1.05e+06	0	-1.56641	
449	0.000138625	0.0674215	0	-1.05e+06	0	-1.5685	
450	0.000138706	0.0675602	0	-1.05e+06	0	-1.57055	
451	0.000138789	0.0676989	0	-1.05e+06	0	-1.57258	
452	0.000138874	0.0678377	0	-1.05e+06	0	-1.57459	
453	0.00013896	0.0679765	0	-1.05e+06	0	-1.57657	
454	0.000139028	0.0681155	0	-1.05e+06	0	-1.57853	
455	0.000139084	0.0682545	0	-1.05e+06	0	-1.58046	
456	0.000139146	0.0683936	0	-1.05e+06	0	-1.58237	
457	0.000139215	0.0685328	0	-1.05e+06	0	-1.58426	
458	0.000139289	0.068672	0	-1.05e+06	0	-1.58612	
459	0.000139322	0.0688113	0	-1.05e+06	0	-1.58797	
460	0.000139302	0.0689506	0	-1.05e+06	0	-1.58978	
461	0.000139285	0.0690899	0	-1.05e+06	0	-1.59158	
462	0.000139272	0.0692292	0	-1.05e+06	0	-1.59335	
463	0.000139262	0.0693684	0	-1.05e+06	0	-1.5951	
464	0.000139256	0.0695077	0	-1.05e+06	0	-1.59683	
465	0.000139256	0.069647	0	-1.05e+06	0	-1.59854	
466	0.00013926	0.0697862	0	-1.05e+06	0	-1.60023	
467	0.000139269	0.0699255	0	-1.05e+06	0	-1.6019	
468	0.000139284	0.0700647	0	-1.05e+06	0	-1.60354	
469	0.000139304	0.070204	0	-1.05e+06	0	-1.60517	
470	0.000139329	0.0703433	0	-1.05e+06	0	-1.60678	
471	0.000139359	0.0704827	0	-1.05e+06	0	-1.60837	
472	0.000139395	0.070622	0	-1.05e+06	0	-1.60995	
473	0.000139434	0.0707614	0	-1.05e+06	0	-1.6115	
474	0.000139478	0.0709008	0	-1.05e+06	0	-1.61304	
475	0.000139526	0.0710403	0	-1.05e+06	0	-1.61456	
476	0.000139576	0.0711799	0	-1.05e+06	0	-1.61607	
477	0.000139549	0.0713194	0	-1.05e+06	0	-1.61756	
478	0.000139518	0.071459	0	-1.05e+06	0	-1.61903	
479	0.000139491	0.0715985	0	-1.05e+06	0	-1.62049	
480	0.000139469	0.071738	0	-1.05e+06	0	-1.62193	
481	0.000139452	0.0718775	0	-1.05e+06	0	-1.62336	
482	0.00013944	0.0720169	0	-1.05e+06	0	-1.62477	
483	0.000139434	0.0721563	0	-1.05e+06	0	-1.62617	
484	0.000139434	0.0722958	0	-1.05e+06	0	-1.62756	
485	0.00013944	0.0724352	0	-1.05e+06	0	-1.62893	
486	0.000139452	0.0725747	0	-1.05e+06	0	-1.63029	
487	0.00013947	0.0727141	0	-1.05e+06	0	-1.63164	
488	0.000139494	0.0728536	0	-1.05e+06	0	-1.63298	
489	0.000139524	0.0729931	0	-1.05e+06	0	-1.63431	
490	0.000139559	0.0731326	0	-1.05e+06	0	-1.63562	
491	0.000139598	0.0732722	0	-1.05e+06	0	-1.63693	
492	0.000139641	0.0734117	0	-1.05e+06	0	-1.63822	
493	0.000139688	0.0735514	0	-1.05e+06	0	-1.63951	
494	0.000139738	0.0736911	0	-1.05e+06	0	-1.64079	
495	0.000139789	0.0738308	0	-1.05e+06	0	-1.64205	
496	0.000139841	0.0739706	0	-1.05e+06	0	-1.64332	
497	0.000139893	0.0741104	0	-1.05e+06	0	-1.64457	
498	0.000139869	0.0742503	0	-1.05e+06	0	-1.64581	
499	0.000139846	0.0743902	0	-1.05e+06	0	-1.64705	
500	0.000139824	0.0745301	0	-1.05e+06	0	-1.64828	
501	0.000139803	0.0746699	0	-1.05e+06	0	-1.64951	
502	0.000139783	0.0748097	0	-1.05e+06	0	-1.65072	
503	0.000139766	0.0749495	0	-1.05e+06	0	-1.65193	
504	0.000139751	0.0750892	0	-1.05e+06	0	-1.65314	
505	0.000139739	0.075229	0	-1.05e+06	0	-1.65434	
506	0.00013973	0.0753687	0	-1.05e+06	0	-1.65554	
507	0.000139724	0.0755085	0	-1.05e+06	0	-1.65673	
508	0.000139663	0.0756482	0	-1.05e+06	0	-1.65791	
509	0.000139536	0.0757878	0	-1.05e+06	0	-1.6591	
510	0.000139418	0.0759274	0	-1.05e+06	0	-1.66027	
511	0.000139308	0.0760668	0	-1.05e+06	0	-1.66145	
512	0.000139207	0.0762061	0	-1.05e+06	0	-1.66262	
513	0.000139115	0.0763453	0	-1.05e+06	0	-1.66378	
514	0.000139033	0.0764844	0	-1.05e+06	0	-1.66495	
515	0.00013896	0.0766235	0	-1.05e+06	0	-1.66611	
516	0.000138896	0.0767624	0	-1.05e+06	0	-1.66727	
517	0.000138842	0.0769013	0	-1.05e+06	0	-1.66842	
518	0.000138797	0.0770402	0	-1.05e+06	0	-1.66958	
519	0.00013876	0.077179	0	-1.05e+06	0	-1.67073	
520	0.000138731	0.0773177	0	-1.05e+06	0	-1.67189	
521	0.00013871	0.0774564	0	-1.05e+06	0	-1.67304	
522	0.000138695	0.0775952	0	-1.05e+06	0	-1.67419	
523	0.000138686	0.0777338	0	-1.05e+06	0	-1.67535	
524	0.000138681	0.0778725	0	-1.05e+06	0	-1.6765	
525	0.000138681	0.0780112	0	-1.05e+06	0	-1.67765	
526	0.000138684	0.0781499	0	-1.05e+06	0	-1.67881	
527	0.000138689	0.0782886	0	-1.05e+06	0	-1.67996	
528	0.000138687	0.0784273	0	-1.05e+06	0	-1.68112	
529	0.000138647	0.078566	0	-1.05e+06	0	-1.68227	
530	0.000138591	0.0787046	0	-1.05e+06	0	-1.68343	
531	0.000138515	0.0788432	0	-1.05e+06	0	-1.68459	
532	0.000138432	0.0789817	0	-1.05e+06	0	-1.68574	
533	0.000138357	0.0791201	0	-1.05e+06	0	-1.6869	
534	0.000138289	0.0792585	0	-1.05e+06	0	-1.68806	
535	0.00013823	0.0793968	0	-1.05e+06	0	-1.68922	
536	0.000138178	0.079535	0	-1.05e+06	0	-1.69038	
537	0.000138125	0.0796732	0	-1.05e+06	0	-1.69155	
538	0.000138076	0.0798113	0	-1.05e+06	0	-1.69271	
539	0.000138032	0.0799494	0	-1.05e+06	0	-1.69387	
540	0.000137994	0.0800874	0	-1.05e+06	0	-1.69504	
541	0.00013796	0.0802254	0	-1.05e+06	0	-1.6962	
542	0.000137932	0.0803634	0	-1.05e+06	0	-1.69737	
543	0.000137908	0.0805013	0	-1.05e+06	0	-1.69854	
544	0.000137876	0.0806392	0	-1.05e+06	0	-1.69971	
545	0.00013782	0.0807771	0	-1.05e+06	0	-1.70088	
546	0.000137767	0.0809149	0	-1.05e+06	0	-1.70205	
547	0.000137716	0.0810527	0	-1.05e+06	0	-1.70322	
548	0.000137669	0.0811904	0	-1.05e+06	0	-1.7044	
549	0.000137624	0.0813281	0	-1.05e+06	0	-1.70557	
550	0.000137584	0.0814657	0	-1.05e+06	0	-1.70674	
551	0.000137548	0.0816033	0	-1.05e+06	0	-1.70792	
552	0.000137516	0.0817408	0	-1.05e+06	0	-1.70909	
553	0.000137488	0.0818783	0	-1.05e+06	0	-1.71026	
554	0.000137465	0.0820158	0	-1.05e+06	0	-1.71144	
555	0.000137447	0.0821533	0	-1.05e+06	0	-1.71261	
556	0.000137434	0.0822907	0	-1.05e+06	0	-1.71378	
557	0.000137425	0.0824282	0	-1.05e+06	0	-1.71496	
558	0.000137422	0.0825656	0	-1.05e+06	0	-1.71613	
559	0.000137424	0.082703	0	-1.05e+06	0	-1.7173	
560	0.00013743	0.0828404	0	-1.05e+06	0	-1.71847	
561	0.000137441	0.0829779	0	-1.05e+06	0	-1.71964	
562	0.000137457	0.0831153	0	-1.05e+06	0	-1.72081	
563	0.000137475	0.0832528	0	-1.05e+06	0	-1.72198	
564	0.000137499	0.0833902	0	-1.05e+06	0	-1.72314	
565	0.000137528	0.0835277	0	-1.05e+06	0	-1.72431	
566	0.000137559	0.0836653	0	-1.05e+06	0	-1.72547	
567	0.000137593	0.0838028	0	-1.05e+06	0	-1.72663	
568	0.000137629	0.0839404	0	-1.05e+06	0	-1.72779	
569	0.000137668	0.0840781	0	-1.05e+06	0	-1.72894	
570	0.000137709	0.0842157	0	-1.05e+06	0	-1.7301	
571	0.00013775	0.0843534	0	-1.05e+06	0	-1.73125	
572	0.000137793	0.0844912	0	-1.05e+06	0	-1.73239	
573	0.000137836	0.084629	0	-1.05e+06	0	-1.73354	
574	0.000137851	0.0847668	0	-1.05e+06	0	-1.73468	
575	0.000137783	0.0849047	0	-1.05e+06	0	-1.73582	
576	0.000137717	0.0850424	0	-1.05e+06	0	-1.73695	
577	0.000137655	0.0851802	0	-1.05e+06	0	-1.73807	
578	0.000137597	0.0853178	0	-1.05e+06	0	-1.73919	
579	0.000137544	0.0854554	0	-1.05e+06	0	-1.74031	
580	0.000137497	0.085593	0	-1.05e+06	0	-1.74142	
581	0.000137458	0.0857305	0	-1.05e+06	0	-1.74253	
582	0.000137426	0.0858679	0	-1.05e+06	0	-1.74363	
583	0.000137402	0.0860053	0	-1.05e+06	0	-1.74472	
584	0.000137387	0.0861427	0	-1.05e+06	0	-1.74581	
585	0.000137381	0.0862801	0	-1.05e+06	0	-1.74689	
586	0.000137385	0.0864175	0	-1.05e+06	0	-1.74796	
587	0.000137398	0.0865549	0	-1.05e+06	0	-1.74903	
588	0.00013742	0.0866923	0	-1.05e+06	0	-1.75009	
589	0.000137452	0.0868297	0	-1.05e+06	0	-1.75115	
590	0.000137493	0.0869672	0	-1.05e+06	0	-1.7522	
591	0.000137542	0.0871047	0	-1.05e+06	0	-1.75324	
592	0.0001376	0.0872422	0	-1.05e+06	0	-1.75428	
593	0.000137664	0.0873798	0	-1.05e+06	0	-1.7553	
594	0.000137736	0.0875175	0	-1.05e+06	0	-1.75632	
595	0.000137813	0.0876552	0	-1.05e+06	0	-1.75734	
596	0.000137896	0.087793	0	-1.05e+06	0	-1.75834	
597	0.000137982	0.0879309	0	-1.05e+06	0	-1.75934	
598	0.000138033	0.0880689	0	-1.05e+06	0	-1.76033	
599	0.000138037	0.0882069	0	-1.05e+06	0	-1.76131	
600	0.000138041	0.088345	0	-1.05e+06	0	-1.76228	
601	0.000138045	0.088483	0	-1.05e+06	0	-1.76325	
602	0.000138033	0.088621	0	-1.05e+06	0	-1.7642	
603	0.000138011	0.0887591	0	-1.05e+06	0	-1.76514	
604	0.000137961	0.0888971	0	-1.05e+06	0	-1.76608	
605	0.000137908	0.0890351	0	-1.05e+06	0	-1.767	
606	0.000137859	0.089173	0	-1.05e+06	0	-1.76792	
607	0.000137814	0.0893108	0	-1.05e+06	0	-1.76882	
608	0.000137775	0.0894486	0	-1.05e+06	0	-1.76972	
609	0.000137741	0.0895864	0	-1.05e+06	0	-1.7706	
610	0.000137713	0.0897241	0	-1.05e+06	0	-1.77147	
611	0.000137692	0.0898619	0	-1.05e+06	0	-1.77234	
612	0.000137678	0.0899996	0	-1.05e+06	0	-1.77319	
613	0.000137671	0.0901372	0	-1.05e+06	0	-1.77403	
614	0.000137672	0.0902749	0	-1.05e+06	0	-1.77486	
615	0.000137681	0.0904126	0	-1.05e+06	0	-1.77568	
616	0.000137697	0.0905503	0	-1.05e+06	0	-1.77649	
617	0.000137721	0.090688	0	-1.05e+06	0	-1.77728	
618	0.000137752	0.0908257	0	-1.05e+06	0	-1.77807	
619	0.00013779	0.0909634	0	-1.05e+06	0	-1.77884	
620	0.000137835	0.0911012	0	-1.05e+06	0	-1.77961	
621	0.000137886	0.091239	0	-1.05e+06	0	-1.78036	
622	0.000137943	0.0913769	0	-1.05e+06	0	-1.78109	
623	0.000138005	0.0915149	0	-1.05e+06	0	-1.78182	
624	0.000138055	0.0916529	0	-1.05e+06	0	-1.78254	
625	0.000138098	0.0917909	0	-1.05e+06	0	-1.78324	
626	0.000138144	0.091929	0	-1.05e+06	0	-1.78393	
627	0.000138192	0.0920672	0	-1.05e+06	0	-1.78461	
628	0.000138241	0.0922054	0	-1.05e+06	0	-1.78527	
629	0.000138291	0.0923436	0	-1.05e+06	0	-1.78592	
630	0.000138342	0.0924819	0	-1.05e+06	0	-1.78656	
631	0.000138392	0.0926202	0	-1.05e+06	0	-1.78719	
632	0.000138438	0.0927586	0	-1.05e+06	0	-1.7878	
633	0.000138438	0.0928971	0	-1.05e+06	0	-1.7884	
634	0.000138442	0.0930355	0	-1.05e+06	0	-1.78898	
635	0.000138452	0.093174	0	-1.05e+06	0	-1.78955	
636	0.000138468	0.0933124	0	-1.05e+06	0	-1.7901	
637	0.000138489	0.0934509	0	-1.05e+06	0	-1.79064	
638	0.000138515	0.0935894	0	-1.05e+06	0	-1.79117	
639	0.000138547	0.0937279	0	-1.05e+06	0	-1.79168	
640	0.000138583	0.0938664	0	-1.05e+06	0	-1.79217	
641	0.000138625	0.094005	0	-1.05e+06	0	-1.79266	
642	0.00013867	0.0941436	0	-1.05e+06	0	-1.79312	
643	0.00013872	0.0942823	0	-1.05e+06	0	-1.79357	
644	0.000138772	0.094421	0	-1.05e+06	0	-1.794	
645	0.000138826	0.0945598	0	-1.05e+06	0	-1.79442	
646	0.000138862	0.0946986	0	-1.05e+06	0	-1.79482	
647	0.000138868	0.0948375	0	-1.05e+06	0	-1.79521	
648	0.000138872	0.0949764	0	-1.05e+06	0	-1.79558	
649	0.000138872	0.0951152	0	-1.05e+06	0	-1.79593	
650	0.000138867	0.0952541	0	-1.05e+06	0	-1.79627	
651	0.000138864	0.095393	0	-1.05e+06	0	-1.79659	
652	0.000138861	0.0955318	0	-1.05e+06	0	-1.79689	
653	0.000138859	0.0956707	0	-1.05e+06	0	-1.79717	
654	0.000138856	0.0958095	0	-1.05e+06	0	-1.79744	
655	0.000138849	0.0959484	0	-1.05e+06	0	-1.79769	
656	0.000138843	0.0960873	0	-1.05e+06	0	-1.79792	
657	0.000138837	0.0962261	0	-1.05e+06	0	-1.79813	
658	0.000138823	0.0963649	0	-1.05e+06	0	-1.79833	
659	0.000138803	0.0965038	0	-1.05e+06	0	-1.7985	
660	0.000138784	0.0966426	0	-1.05e+06	0	-1.79866	
661	0.000138768	0.0967813	0	-1.05e+06	0	-1.7988	
662	0.000138754	0.0969201	0	-1.05e+06	0	-1.79892	
663	0.000138743	0.0970589	0	-1.05e+06	0	-1.79902	
664	0.000138733	0.0971976	0	-1.05e+06	0	-1.79911	
665	0.000138725	0.0973363	0	-1.05e+06	0	-1.79917	
666	0.000138718	0.0974751	0	-1.05e+06	0	-1.79922	
667	0.000138709	0.0976138	0	-1.05e+06	0	-1.79925	
668	0.000138685	0.0977525	0	-1.05e+06	0	-1.79925	
669	0.000138662	0.0978912	0	-1.05e+06	0	-1.79924	
670	0.00013864	0.0980298	0	-1.05e+06	0	-1.79921	
671	0.000138619	0.0981685	0	-1.05e+06	0	-1.79916	
672	0.000138598	0.0983071	0	-1.05e+06	0	-1.79909	
673	0.000138578	0.0984457	0	-1.05e+06	0	-1.799	
674	0.000138557	0.0985843	0	-1.05e+06	0	-1.79889	
675	0.000138535	0.0987228	0	-1.05e+06	0	-1.79876	
676	0.000138508	0.0988614	0	-1.05e+06	0	-1.79861	
677	0.00013847	0.0989999	0	-1.05e+06	0	-1.79844	
678	0.00013843	0.0991383	0	-1.05e+06	0	-1.79825	
679	0.000138388	0.0992768	0	-1.05e+06	0	-1.79804	
680	0.000138344	0.0994152	0	-1.05e+06	0	-1.79781	
681	0.000138282	0.0995535	0	-1.05e+06	0	-1.79756	
682	0.000138219	0.0996918	0	-1.05e+06	0	-1.79729	
683	0.000138156	0.09983	0	-1.05e+06	0	-1.797	
684	0.000138093	0.0999682	0	-1.05e+06	0	-1.79669	
685	0.000138029	0.100106	0	-1.05e+06	0	-1.79636	
686	0.000137966	0.100244	0	-1.05e+06	0	-1.79601	
687	0.000137903	0.100382	0	-1.05e+06	0	-1.79564	
688	0.000137839	0.10052	0	-1.05e+06	0	-1.79525	
689	0.000137774	0.100658	0	-1.05e+06	0	-1.79483	
690	0.000137709	0.100796	0	-1.05e+06	0	-1.7944	
691	0.000137644	0.100933	0	-1.05e+06	0	-1.79395	
692	0.000137577	0.101071	0	-1.05e+06	0	-1.79348	
693	0.000137509	0.101209	0	-1.05e+06	0	-1.79298	
694	0.00013744	0.101346	0	-1.05e+06	0	-1.79247	
695	0.000137369	0.101484	0	-1.05e+06	0	-1.79193	
696	0.000137297	0.101621	0	-1.05e+06	0	-1.79138	
697	0.000137217	0.101758	0	-1.05e+06	0	-1.7908	
698	0.000137129	0.101896	0	-1.05e+06	0	-1.79021	
699	0.000137039	0.102033	0	-1.05e+06	0	-1.78959	
700	0.000136947	0.10217	0	-1.05e+06	0	-1.78895	
701	0.000136854	0.102307	0	-1.05e+06	0	-1.7883	
702	0.00013676	0.102443	0	-1.05e+06	0	-1.78762	
703	0.000136664	0.10258	0	-1.05e+06	0	-1.78692	
704	0.000136568	0.102717	0	-1.05e+06	0	-1.7862	
705	0.000136471	0.102853	0	-1.05e+06	0	-1.78546	
706	0.000136373	0.10299	0	-1.05e+06	0	-1.7847	
707	0.000136275	0.103126	0	-1.05e+06	0	-1.78392	
708	0.000136177	0.103263	0	-1.05e+06	0	-1.78312	
709	0.000136079	0.103399	0	-1.05e+06	0	-1.78229	
710	0.000135981	0.103535	0	-1.05e+06	0	-1.78145	
711	0.000135884	0.103671	0	-1.05e+06	0	-1.78059	
712	0.000135787	0.103807	0	-1.05e+06	0	-1.7797	
713	0.000135692	0.103943	0	-1.05e+06	0	-1.7788	
714	0.000135597	0.104078	0	-1.05e+06	0	-1.77787	
715	0.000135504	0.104214	0	-1.05e+06	0	-1.77693	
716	0.000135413	0.104349	0	-1.05e+06	0	-1.77596	
717	0.000135323	0.104485	0	-1.05e+06	0	-1.77497	
718	0.000135222	0.10462	0	-1.05e+06	0	-1.77396	
719	0.000135123	0.104755	0	-1.05e+06	0	-1.77293	
720	0.000135026	0.10489	0	-1.05e+06	0	-1.77188	
721	0.000134931	0.105025	0	-1.05e+06	0	-1.77081	
722	0.000134839	0.10516	0	-1.05e+06	0	-1.76972	
723	0.000134749	0.105295	0	-1.05e+06	0	-1.76861	
724	0.000134662	0.10543	0	-1.05e+06	0	-1.76747	
725	0.000134577	0.105565	0	-1.05e+06	0	-1.76632	
726	0.000134496	0.105699	0	-1.05e+06	0	-1.76514	
727	0.000134418	0.105834	0	-1.05e+06	0	-1.76395	
728	0.000134343	0.105968	0	-1.05e+06	0	-1.76273	
729	0.000134271	0.106102	0	-1.05e+06	0	-1.76149	
730	0.000134203	0.106237	0	-1.05e+06	0	-1.76024	
731	0.000134138	0.106371	0	-1.05e+06	0	-1.75896	
732	0.000134078	0.106505	0	-1.05e+06	0	-1.75766	
733	0.00013402	0.106639	0	-1.05e+06	0	-1.75633	
734	0.000133967	0.106773	0	-1.05e+06	0	-1.75499	
735	0.000133917	0.106907	0	-1.05e+06	0	-1.75363	
736	0.000133872	0.107041	0	-1.05e+06	0	-1.75224	
737	0.00013383	0.107175	0	-1.05e+06	0	-1.75084	
738	0.000133792	0.107309	0	-1.05e+06	0	-1.74941	
739	0.000133758	0.107443	0	-1.05e+06	0	-1.74796	
740	0.000133728	0.107576	0	-1.05e+06	0	-1.74649	
741	0.000133685	0.10771	0	-1.05e+06	0	-1.745	
742	0.000133646	0.107844	0	-1.05e+06	0	-1.74349	
743	0.00013361	0.107977	0	-1.05e+06	0	-1.74196	
744	0.000133578	0.108111	0	-1.05e+06	0	-1.74041	
745	0.000133549	0.108245	0	-1.05e+06	0	-1.73883	
746	0.000133524	0.108378	0	-1.05e+06	0	-1.73724	
747	0.000133503	0.108512	0	-1.05e+06	0	-1.73562	
748	0.000133485	0.108645	0	-1.05e+06	0	-1.73398	
749	0.00013347	0.108779	0	-1.05e+06	0	-1.73232	
750	0.000133458	0.108912	0	-1.05e+06	0	-1.73064	
751	0.000133449	0.109046	0	-1.05e+06	0	-1.72894	
752	0.000133444	0.109179	0	-1.05e+06	0	-1.72722	
753	0.000133441	0.109312	0	-1.05e+06	0	-1.72548	
754	0.000133441	0.109446	0	-1.05e+06	0	-1.72371	
755	0.000133444	0.109579	0	-1.05e+06	0	-1.72192	
756	0.000133449	0.109713	0	-1.05e+06	0	-1.72012	
757	0.000133457	0.109846	0	-1.05e+06	0	-1.71829	
758	0.000133467	0.10998	0	-1.05e+06	0	-1.71644	
759	0.00013348	0.110113	0	-1.05e+06	0	-1.71457	
760	0.000133494	0.110247	0	-1.05e+06	0	-1.71268	
761	0.000133511	0.11038	0	-1.05e+06	0	-1.71076	
762	0.000133521	0.110514	0	-1.05e+06	0	-1.70883	
763	0.000133533	0.110647	0	-1.05e+06	0	-1.70687	
764	0.000133547	0.110781	0	-1.05e+06	0	-1.7049	
765	0.000133563	0.110914	0	-1.05e+06	0	-1.7029	
766	0.000133582	0.111048	0	-1.05e+06	0	-1.70088	
767	0.000133602	0.111181	0	-1.05e+06	0	-1.69884	
768	0.000133624	0.111315	0	-1.05e+06	0	-1.69678	
769	0.000133649	0.111449	0	-1.05e+06	0	-1.6947	
770	0.000133674	0.111582	0	-1.05e+06	0	-1.69259	
771	0.000133702	0.111716	0	-1.05e+06	0	-1.69047	
772	0.000133731	0.11185	0	-1.05e+06	0	-1.68832	
773	0.000133762	0.111983	0	-1.05e+06	0	-1.68615	
774	0.000133793	0.112117	0	-1.05e+06	0	-1.68397	
775	0.000133827	0.112251	0	-1.05e+06	0	-1.68176	
776	0.000133861	0.112385	0	-1.05e+06	0	-1.67953	
777	0.000133897	0.112519	0	-1.05e+06	0	-1.67728	
778	0.000133933	0.112652	0	-1.05e+06	0	-1.675	
779	0.000133971	0.112786	0	-1.05e+06	0	-1.67271	
780	0.000134009	0.11292	0	-1.05e+06	0	-1.67039	
781	0.000134048	0.113054	0	-1.05e+06	0	-1.66806	
782	0.000134088	0.113188	0	-1.05e+06	0	-1.6657	
783	0.000134128	0.113323	0	-1.05e+06	0	-1.66332	
784	0.000134169	0.113457	0	-1.05e+06	0	-1.66092	
785	0.00013421	0.113591	0	-1.05e+06	0	-1.6585	
786	0.000134252	0.113725	0	-1.05e+06	0	-1.65606	
787	0.000134294	0.113859	0	-1.05e+06	0	-1.6536	
788	0.000134335	0.113994	0	-1.05e+06	0	-1.65112	
789	0.000134378	0.114128	0	-1.05e+06	0	-1.64861	
790	0.00013442	0.114262	0	-1.05e+06	0	-1.64609	
791	0.000134462	0.114397	0	-1.05e+06	0	-1.64354	
792	0.000134502	0.114531	0	-1.05e+06	0	-1.64097	
793	0.000134542	0.114666	0	-1.05e+06	0	-1.63839	
794	0.000134583	0.1148	0	-1.05e+06	0	-1.63578	
795	0.000134626	0.114935	0	-1.05e+06	0	-1.63315	
796	0.000134671	0.115069	0	-1.05e+06	0	-1.6305	
797	0.000134715	0.115204	0	-1.05e+06	0	-1.62783	
798	0.000134757	0.115339	0	-1.05e+06	0	-1.62514	
799	0.0001348	0.115474	0	-1.05e+06	0	-1.62243	
800	0.000134842	0.115608	0	-1.05e+06	0	-1.6197	
801	0.000134885	0.115743	0	-1.05e+06	0	-1.61695	
802	0.000134927	0.115878	0	-1.05e+06	0	-1.61417	
803	0.000134971	0.116013	0	-1.05e+06	0	-1.61138	
804	0.000135014	0.116148	0	-1.05e+06	0	-1.60857	
805	0.000135058	0.116283	0	-1.05e+06	0	-1.60574	
806	0.000135103	0.116418	0	-1.05e+06	0	-1.60288	
807	0.000135148	0.116553	0	-1.05e+06	0	-1.60001	
808	0.000135195	0.116688	0	-1.05e+06	0	-1.59711	
809	0.000135242	0.116823	0	-1.05e+06	0	-1.5942	
810	0.000135291	0.116959	0	-1.05e+06	0	-1.59127	
811	0.00013534	0.117094	0	-1.05e+06	0	-1.58831	
812	0.000135391	0.117229	0	-1.05e+06	0	-1.58534	
813	0.000135444	0.117365	0	-1.05e+06	0	-1.58234	
814	0.000135498	0.1175	0	-1.05e+06	0	-1.57933	
815	0.000135554	0.117636	0	-1.05e+06	0	-1.5763	
816	0.000135612	0.117771	0	-1.05e+06	0	-1.57324	
817	0.000135672	0.117907	0	-1.05e+06	0	-1.57017	
818	0.000135734	0.118043	0	-1.05e+06	0	-1.56707	
819	0.000135798	0.118178	0	-1.05e+06	0	-1.56396	
820	0.000135865	0.118314	0	-1.05e+06	0	-1.56083	
821	0.000135934	0.11845	0	-1.05e+06	0	-1.55767	
822	0.000136006	0.118586	0	-1.05e+06	0	-1.5545	
823	0.00013608	0.118722	0	-1.05e+06	0	-1.5513	
824	0.000136157	0.118858	0	-1.05e+06	0	-1.54809	
825	0.000136236	0.118994	0	-1.05e+06	0	-1.54485	
826	0.000136319	0.11913	0	-1.05e+06	0	-1.5416	
827	0.000136404	0.119267	0	-1.05e+06	0	-1.53832	
828	0.000136492	0.119403	0	-1.05e+06	0	-1.53503	
829	0.000136582	0.11954	0	-1.05e+06	0	-1.53171	
830	0.000136675	0.119676	0	-1.05e+06	0	-1.52837	
831	0.000136771	0.119813	0	-1.05e+06	0	-1.52502	
832	0.00013687	0.11995	0	-1.05e+06	0	-1.52164	
833	0.000136971	0.120086	0	-1.05e+06	0	-1.51824	
834	0.000137075	0.120223	0	-1.05e+06	0	-1.51482	
835	0.000137181	0.120361	0	-1.05e+06	0	-1.51138	
836	0.000137289	0.120498	0	-1.05e+06	0	-1.50792	
837	0.0001374	0.120635	0	-1.05e+06	0	-1.50444	
838	0.000137513	0.120772	0	-1.05e+06	0	-1.50094	
839	0.000137627	0.12091	0	-1.05e+06	0	-1.49741	
840	0.000137743	0.121048	0	-1.05e+06	0	-1.49387	
841	0.000137861	0.121185	0	-1.05e+06	0	-1.49031	
842	0.000137981	0.121323	0	-1.05e+06	0	-1.48672	
843	0.000138093	0.121461	0	-1.05e+06	0	-1.48311	
844	0.000138202	0.121599	0	-1.05e+06	0	-1.47949	
845	0.000138314	0.121737	0	-1.05e+06	0	-1.47584	
846	0.000138427	0.121876	0	-1.05e+06	0	-1.47217	
847	0.000138541	0.122014	0	-1.05e+06	0	-1.46848	
848	0.000138656	0.122153	0	-1.05e+06	0	-1.46477	
849	0.000138772	0.122291	0	-1.05e+06	0	-1.46104	
850	0.000138889	0.12243	0	-1.05e+06	0	-1.45728	
851	0.000139007	0.122569	0	-1.05e+06	0	-1.45351	
852	0.000139125	0.122708	0	-1.05e+06	0	-1.44972	
853	0.000139244	0.122847	0	-1.05e+06	0	-1.4459	
854	0.000139363	0.122986	0	-1.05e+06	0	-1.44206	
855	0.000139482	0.123126	0	-1.05e+06	0	-1.43821	
856	0.000139601	0.123265	0	-1.05e+06	0	-1.43433	
857	0.000139719	0.123405	0	-1.05e+06	0	-1.43043	
858	0.000139833	0.123545	0	-1.05e+06	0	-1.42651	
859	0.000139938	0.123684	0	-1.05e+06	0	-1.42257	
860	0.000140043	0.123824	0	-1.05e+06	0	-1.41861	
861	0.000140148	0.123964	0	-1.05e+06	0	-1.41463	
862	0.000140253	0.124104	0	-1.05e+06	0	-1.41063	
863	0.000140358	0.124245	0	-1.05e+06	0	-1.40661	
864	0.000140463	0.124385	0	-1.05e+06	0	-1.40257	
865	0.000140569	0.124526	0	-1.05e+06	0	-1.39852	
866	0.000140674	0.124666	0	-1.05e+06	0	-1.39444	
867	0.00014078	0.124807	0	-1.05e+06	0	-1.39034	
868	0.000140881	0.124948	0	-1.05e+06	0	-1.38622	
869	0.000140981	0.125088	0	-1.05e+06	0	-1.38208	
870	0.000141082	0.125229	0	-1.05e+06	0	-1.37792	
871	0.000141184	0.125371	0	-1.05e+06	0	-1.37375	
872	0.000141287	0.125512	0	-1.05e+06	0	-1.36955	
873	0.00014139	0.125653	0	-1.05e+06	0	-1.36534	
874	0.000141495	0.125794	0	-1.05e+06	0	-1.3611	
875	0.0001416	0.125936	0	-1.05e+06	0	-1.35685	
876	0.000141705	0.126077	0	-1.05e+06	0	-1.35258	
877	0.00014181	0.126219	0	-1.05e+06	0	-1.34829	
878	0.000141915	0.126361	0	-1.05e+06	0	-1.34398	
879	0.000142019	0.126503	0	-1.05e+06	0	-1.33966	
880	0.000142122	0.126645	0	-1.05e+06	0	-1.33532	
881	0.000142224	0.126787	0	-1.05e+06	0	-1.33096	
882	0.000142325	0.126929	0	-1.05e+06	0	-1.32658	
883	0.000142424	0.127072	0	-1.05e+06	0	-1.32218	
884	0.000142522	0.127214	0	-1.05e+06	0	-1.31777	
885	0.000142617	0.127357	0	-1.05e+06	0	-1.31334	
886	0.000142709	0.127499	0	-1.05e+06	0	-1.30889	
887	0.000142786	0.127642	0	-1.05e+06	0	-1.30443	
888	0.000142835	0.127785	0	-1.05e+06	0	-1.29996	
889	0.000142885	0.127928	0	-1.05e+06	0	-1.29547	
890	0.000142934	0.12807	0	-1.05e+06	0	-1.29096	
891	0.000142963	0.128213	0	-1.05e+06	0	-1.28645	
892	0.000142992	0.128356	0	-1.05e+06	0	-1.28192	
893	0.000143022	0.128499	0	-1.05e+06	0	-1.27737	
894	0.000143054	0.128642	0	-1.05e+06	0	-1.27282	
895	0.000143086	0.128785	0	-1.05e+06	0	-1.26825	
896	0.00014312	0.128928	0	-1.05e+06	0	-1.26367	
897	0.000143154	0.129072	0	-1.05e+06	0	-1.25908	
898	0.00014319	0.129215	0	-1.05e+06	0	-1.25448	
899	0.000143226	0.129358	0	-1.05e+06	0	-1.24986	
900	0.000143263	0.129501	0	-1.05e+06	0	-1.24524	
901	0.0001433	0.129644	0	-1.05e+06	0	-1.24061	
902	0.000143338	0.129788	0	-1.05e+06	0	-1.23596	
903	0.000143376	0.129931	0	-1.05e+06	0	-1.23131	
904	0.000143414	0.130074	0	-1.05e+06	0	-1.22664	
905	0.000143452	0.130218	0	-1.05e+06	0	-1.22197	
906	0.000143489	0.130361	0	-1.05e+06	0	-1.21728	
907	0.000143526	0.130505	0	-1.05e+06	0	-1.21259	
908	0.000143561	0.130648	0	-1.05e+06	0	-1.20789	
909	0.000143596	0.130792	0	-1.05e+06	0	-1.20318	
910	0.000143628	0.130935	0	-1.05e+06	0	-1.19847	
911	0.00014366	0.131079	0	-1.05e+06	0	-1.19374	
912	0.000143689	0.131223	0	-1.05e+06	0	-1.18901	
913	0.000143716	0.131366	0	-1.05e+06	0	-1.18428	
914	0.000143734	0.13151	0	-1.05e+06	0	-1.17953	
915	0.000143744	0.131654	0	-1.05e+06	0	-1.17479	
916	0.000143748	0.131798	0	-1.05e+06	0	-1.17003	
917	0.000143743	0.131941	0	-1.05e+06	0	-1.16528	
918	0.000143736	0.132085	0	-1.05e+06	0	-1.16051	
919	0.000143727	0.132229	0	-1.05e+06	0	-1.15575	
920	0.000143716	0.132373	0	-1.05e+06	0	-1.15098	
921	0.000143703	0.132516	0	-1.05e+06	0	-1.14621	
922	0.000143688	0.13266	0	-1.05e+06	0	-1.14144	
923	0.000143672	0.132804	0	-1.05e+06	0	-1.13666	
924	0.000143654	0.132947	0	-1.05e+06	0	-1.13189	
925	0.000143635	0.133091	0	-1.05e+06	0	-1.12711	
926	0.000143615	0.133235	0	-1.05e+06	0	-1.12233	
927	0.000143593	0.133378	0	-1.05e+06	0	-1.11755	
928	0.00014357	0.133522	0	-1.05e+06	0	-1.11277	
929	0.000143547	0.133665	0	-1.05e+06	0	-1.10798	
930	0.000143517	0.133809	0	-1.05e+06	0	-1.1032	
931	0.000143462	0.133952	0	-1.05e+06	0	-1.09842	
932	0.000143408	0.134096	0	-1.05e+06	0	-1.09364	
933	0.000143354	0.134239	0	-1.05e+06	0	-1.08887	
934	0.000143299	0.134383	0	-1.05e+06	0	-1.08409	
935	0.000143245	0.134526	0	-1.05e+06	0	-1.07932	
936	0.000143191	0.134669	0	-1.05e+06	0	-1.07455	
937	0.000143137	0.134812	0	-1.05e+06	0	-1.06978	
938	0.000143083	0.134956	0	-1.05e+06	0	-1.06502	
939	0.000143029	0.135099	0	-1.05e+06	0	-1.06026	
940	0.000142975	0.135242	0	-1.05e+06	0	-1.0555	
941	0.000142921	0.135385	0	-1.05e+06	0	-1.05075	
942	0.000142866	0.135528	0	-1.05e+06	0	-1.046	
943	0.000142811	0.13567	0	-1.05e+06	0	-1.04125	
944	0.000142756	0.135813	0	-1.05e+06	0	-1.03651	
945	0.0001427	0.135956	0	-1.05e+06	0	-1.03178	
946	0.000142644	0.136099	0	-1.05e+06	0	-1.02705	
947	0.000142569	0.136241	0	-1.05e+06	0	-1.02232	
948	0.000142493	0.136384	0	-1.05e+06	0	-1.0176	
949	0.000142417	0.136526	0	-1.05e+06	0	-1.01289	
950	0.000142342	0.136669	0	-1.05e+06	0	-1.00819	
951	0.000142268	0.136811	0	-1.05e+06	0	-1.00349	
952	0.000142194	0.136953	0	-1.05e+06	0	-0.998796	
953	0.000142122	0.137096	0	-1.05e+06	0	-0.994111	
954	0.000142051	0.137238	0	-1.05e+06	0	-0.989435	
955	0.000141981	0.13738	0	-1.05e+06	0	-0.984765	
956	0.000141912	0.137522	0	-1.05e+06	0	-0.980104	
957	0.000141845	0.137664	0	-1.05e+06	0	-0.97545	
958	0.000141779	0.137806	0	-1.05e+06	0	-0.970805	
959	0.000141714	0.137947	0	-1.05e+06	0	-0.966169	
960	0.000141652	0.138089	0	-1.05e+06	0	-0.961541	
961	0.00014159	0.138231	0	-1.05e+06	0	-0.956922	
962	0.000141531	0.138372	0	-1.05e+06	0	-0.952312	
963	0.000141472	0.138514	0	-1.05e+06	0	-0.947712	
964	0.000141416	0.138655	0	-1.05e+06	0	-0.943121	
965	0.000141361	0.138797	0	-1.05e+06	0	-0.93854	
966	0.000141307	0.138938	0	-1.05e+06	0	-0.933968	
967	0.000141255	0.139079	0	-1.05e+06	0	-0.929407	
968	0.000141204	0.139221	0	-1.05e+06	0	-0.924856	
969	0.000141154	0.139362	0	-1.05e+06	0	-0.920316	
970	0.000141106	0.139503	0	-1.05e+06	0	-0.915787	
971	0.000141058	0.139644	0	-1.05e+06	0	-0.911268	
972	0.000141012	0.139785	0	-1.05e+06	0	-0.906761	
973	0.000140964	0.139926	0	-1.05e+06	0	-0.902265	
974	0.000140906	0.140067	0	-1.05e+06	0	-0.897782	
975	0.00014085	0.140208	0	-1.05e+06	0	-0.89331	
976	0.000140795	0.140349	0	-1.05e+06	0	-0.888851	
977	0.000140742	0.14049	0	-1.05e+06	0	-0.884405	
978	0.000140691	0.14063	0	-1.05e+06	0	-0.879972	
979	0.000140642	0.140771	0	-1.05e+06	0	-0.875551	
980	0.000140594	0.140912	0	-1.05e+06	0	-0.871143	
981	0.000140549	0.141052	0	-1.05e+06	0	-0.866749	
982	0.000140505	0.141193	0	-1.05e+06	0	-0.862368	
983	0.000140464	0.141333	0	-1.05e+06	0	-0.858	
984	0.000140424	0.141474	0	-1.05e+06	0	-0.853646	
985	0.000140387	0.141614	0	-1.05e+06	0	-0.849305	
986	0.000140352	0.141755	0	-1.05e+06	0	-0.844979	
987	0.000140319	0.141895	0	-1.05e+06	0	-0.840666	
988	0.000140289	0.142035	0	-1.05e+06	0	-0.836366	
989	0.00014026	0.142176	0	-1.05e+06	0	-0.832081	
990	0.000140234	0.142316	0	-1.05e+06	0	-0.82781	
991	0.00014021	0.142456	0	-1.05e+06	0	-0.823552	
992	0.000140188	0.142596	0	-1.05e+06	0	-0.819309	
993	0.000140168	0.142737	0	-1.05e+06	0	-0.81508	
994	0.000140151	0.142877	0	-1.05e+06	0	-0.810864	
995	0.000140135	0.143017	0	-1.05e+06	0	-0.806663	
996	0.000140122	0.143157	0	-1.05e+06	0	-0.802476	
997	0.00014011	0.143297	0	-1.05e+06	0	-0.798302	
998	0.000140101	0.143437	0	-1.05e+06	0	-0.794142	
999	0.000140093	0.143577	0	-1.05e+06	0	-0.789997	
1000	0.000140088	0.143717	0	-1.05e+06	0	-0.785865	
1001	0.000140084	0.143858	0	-1.05e+06	0	-0.781746	
1002	0.00014008	0.143998	0	-1.05e+06	0	-0.777641	
1003	0.000140075	0.144138	0	-1.05e+06	0	-0.77355	
1004	0.000140073	0.144278	0	-1.05e+06	0	-0.769473	
1005	0.000140075	0.144418	0	-1.05e+06	0	-0.765408	
1006	0.00014008	0.144558	0	-1.05e+06	0	-0.761357	
1007	0.000140088	0.144698	0	-1.05e+06	0	-0.757319	
1008	0.0001401	0.144838	0	-1.05e+06	0	-0.753293	
1009	0.000140115	0.144978	0	-1.05e+06	0	-0.74928	
1010	0.000140133	0.145118	0	-1.05e+06	0	-0.745279	
1011	0.000140148	0.145258	0	-1.05e+06	0	-0.74129	
1012	0.000140164	0.145399	0	-1.05e+06	0	-0.737314	
1013	0.000140181	0.145539	0	-1.05e+06	0	-0.733349	
1014	0.0001402	0.145679	0	-1.05e+06	0	-0.729396	
1015	0.000140221	0.145819	0	-1.05e+06	0	-0.725455	
1016	0.000140244	0.145959	0	-1.05e+06	0	-0.721525	
1017	0.000140268	0.1461	0	-1.05e+06	0	-0.717606	
1018	0.000140294	0.14624	0	-1.05e+06	0	-0.713697	
1019	0.000140322	0.14638	0	-1.05e+06	0	-0.7098	
1020	0.000140351	0.14652	0	-1.05e+06	0	-0.705913	
1021	0.000140382	0.146661	0	-1.05e+06	0	-0.702035	
1022	0.000140414	0.146801	0	-1.05e+06	0	-0.698168	
1023	0.000140448	0.146942	0	-1.05e+06	0	-0.694311	
1024	0.000140483	0.147082	0	-1.05e+06	0	-0.690462	
1025	0.00014052	0.147223	0	-1.05e+06	0	-0.686623	
1026	0.000140559	0.147363	0	-1.05e+06	0	-0.682793	
1027	0.000140599	0.147504	0	-1.05e+06	0	-0.678972	
1028	0.00014064	0.147644	0	-1.05e+06	0	-0.675159	
1029	0.000140683	0.147785	0	-1.05e+06	0	-0.671355	
1030	0.000140727	0.147926	0	-1.05e+06	0	-0.667558	
1031	0.000140772	0.148066	0	-1.05e+06	0	-0.663769	
1032	0.000140819	0.148207	0	-1.05e+06	0	-0.659988	
1033	0.000140867	0.148348	0	-1.05e+06	0	-0.656214	
1034	0.000140915	0.148489	0	-1.05e+06	0	-0.652447	
1035	0.000140965	0.14863	0	-1.05e+06	0	-0.648687	
1036	0.000141016	0.148771	0	-1.05e+06	0	-0.644934	
1037	0.000141067	0.148912	0	-1.05e+06	0	-0.641188	
1038	0.00014112	0.149053	0	-1.05e+06	0	-0.637447	
1039	0.000141173	0.149194	0	-1.05e+06	0	-0.633713	
1040	0.000141226	0.149335	0	-1.05e+06	0	-0.629985	
1041	0.00014128	0.149476	0	-1.05e+06	0	-0.626263	
1042	0.000141335	0.149617	0	-1.05e+06	0	-0.622546	
1043	0.00014139	0.149759	0	-1.05e+06	0	-0.618834	
1044	0.000141445	0.1499	0	-1.05e+06	0	-0.615128	
1045	0.0001415	0.150042	0	-1.05e+06	0	-0.611427	
1046	0.000141556	0.150183	0	-1.05e+06	0	-0.607731	
1047	0.000141611	0.150325	0	-1.05e+06	0	-0.60404	
1048	0.000141667	0.150466	0	-1.05e+06	0	-0.600353	
1049	0.000141722	0.150608	0	-1.05e+06	0	-0.596671	
1050	0.000141777	0.15075	0	-1.05e+06	0	-0.592993	
1051	0.000141832	0.150891	0	-1.05e+06	0	-0.58932	
1052	0.000141887	0.151033	0	-1.05e+06	0	-0.585651	
1053	0.000141942	0.151175	0	-1.05e+06	0	-0.581986	
1054	0.000141996	0.151317	0	-1.05e+06	0	-0.578324	
1055	0.00014205	0.151459	0	-1.05e+06	0	-0.574667	
1056	0.000142104	0.151601	0	-1.05e+06	0	-0.571013	
1057	0.000142158	0.151743	0	-1.05e+06	0	-0.567363	
1058	0.000142211	0.151885	0	-1.05e+06	0	-0.563716	
1059	0.000142264	0.152028	0	-1.05e+06	0	-0.560073	
1060	0.000142317	0.15217	0	-1.05e+06	0	-0.556432	
1061	0.00014237	0.152312	0	-1.05e+06	0	-0.552795	
1062	0.000142423	0.152455	0	-1.05e+06	0	-0.549161	
1063	0.000142476	0.152597	0	-1.05e+06	0	-0.54553	
1064	0.000142529	0.15274	0	-1.05e+06	0	-0.541902	
1065	0.000142582	0.152882	0	-1.05e+06	0	-0.538277	
1066	0.000142635	0.153025	0	-1.05e+06	0	-0.534654	
1067	0.000142683	0.153167	0	-1.05e+06	0	-0.531034	
1068	0.000142727	0.15331	0	-1.05e+06	0	-0.527416	
1069	0.000142771	0.153453	0	-1.05e+06	0	-0.523802	
1070	0.000142815	0.153595	0	-1.05e+06	0	-0.520189	
1071	0.00014286	0.153738	0	-1.05e+06	0	-0.516579	
1072	0.000142906	0.153881	0	-1.05e+06	0	-0.512972	
1073	0.000142952	0.154024	0	-1.05e+06	0	-0.509366	
1074	0.000142994	0.154167	0	-1.05e+06	0	-0.505763	
1075	0.000143037	0.15431	0	-1.05e+06	0	-0.502162	
1076	0.00014308	0.154453	0	-1.05e+06	0	-0.498563	
1077	0.000143126	0.154596	0	-1.05e+06	0	-0.494965	
1078	0.000143173	0.154739	0	-1.05e+06	0	-0.49137	
1079	0.000143222	0.154882	0	-1.05e+06	0	-0.487777	
1080	0.000143273	0.155026	0	-1.05e+06	0	-0.484185	
1081	0.000143327	0.155169	0	-1.05e+06	0	-0.480594	
1082	0.000143383	0.155312	0	-1.05e+06	0	-0.477005	
1083	0.000143442	0.155456	0	-1.05e+06	0	-0.473417	
1084	0.000143503	0.155599	0	-1.05e+06	0	-0.469831	
1085	0.000143568	0.155743	0	-1.05e+06	0	-0.466246	
1086	0.000143636	0.155886	0	-1.05e+06	0	-0.462661	
1087	0.000143707	0.15603	0	-1.05e+06	0	-0.459078	
1088	0.000143781	0.156173	0	-1.05e+06	0	-0.455495	
1089	0.000143859	0.156317	0	-1.05e+06	0	-0.451914	
1090	0.000143939	0.156461	0	-1.05e+06	0	-0.448333	
1091	0.000144024	0.156605	0	-1.05e+06	0	-0.444752	
1092	0.000144111	0.156749	0	-1.05e+06	0	-0.441173	
1093	0.000144202	0.156893	0	-1.05e+06	0	-0.437593	
1094	0.000144295	0.157037	0	-1.05e+06	0	-0.434015	
1095	0.000144392	0.157182	0	-1.05e+06	0	-0.430437	
1096	0.000144492	0.157326	0	-1.05e+06	0	-0.426859	
1097	0.000144594	0.157471	0	-1.05e+06	0	-0.423282	
1098	0.000144699	0.157615	0	-1.05e+06	0	-0.419705	
1099	0.000144807	0.15776	0	-1.05e+06	0	-0.416129	
1100	0.000144917	0.157905	0	-1.05e+06	0	-0.412553	
1101	0.000145029	0.15805	0	-1.05e+06	0	-0.408978	
1102	0.000145143	0.158195	0	-1.05e+06	0	-0.405403	
1103	0.000145258	0.15834	0	-1.05e+06	0	-0.401829	
1104	0.000145375	0.158485	0	-1.05e+06	0	-0.398256	
1105	0.000145493	0.15863	0	-1.05e+06	0	-0.394684	
1106	0.000145612	0.158776	0	-1.05e+06	0	-0.391113	
1107	0.000145731	0.158921	0	-1.05e+06	0	-0.387544	
1108	0.000145848	0.159067	0	-1.05e+06	0	-0.383975	
1109	0.000145962	0.159213	0	-1.05e+06	0	-0.380408	
1110	0.000146076	0.159359	0	-1.05e+06	0	-0.376843	
1111	0.000146189	0.159505	0	-1.05e+06	0	-0.37328	
1112	0.000146303	0.159651	0	-1.05e+06	0	-0.369719	
1113	0.000146417	0.159798	0	-1.05e+06	0	-0.36616	
1114	0.00014653	0.159944	0	-1.05e+06	0	-0.362604	
1115	0.000146643	0.160091	0	-1.05e+06	0	-0.359051	
1116	0.000146756	0.160237	0	-1.05e+06	0	-0.3555	
1117	0.000146865	0.160384	0	-1.05e+06	0	-0.351953	
1118	0.000146973	0.160531	0	-1.05e+06	0	-0.348409	
1119	0.000147084	0.160678	0	-1.05e+06	0	-0.344869	
1120	0.000147196	0.160825	0	-1.05e+06	0	-0.341333	
1121	0.000147309	0.160972	0	-1.05e+06	0	-0.3378	
1122	0.00014742	0.161119	0	-1.05e+06	0	-0.334272	
1123	0.000147529	0.161267	0	-1.05e+06	0	-0.330749	
1124	0.000147634	0.161414	0	-1.05e+06	0	-0.32723	
1125	0.000147739	0.161562	0	-1.05e+06	0	-0.323717	
1126	0.000147845	0.16171	0	-1.05e+06	0	-0.320209	
1127	0.000147952	0.161858	0	-1.05e+06	0	-0.316707	
1128	0.000148059	0.162005	0	-1.05e+06	0	-0.313211	
1129	0.000148168	0.162154	0	-1.05e+06	0	-0.30972	
1130	0.000148277	0.162302	0	-1.05e+06	0	-0.306236	
1131	0.000148388	0.16245	0	-1.05e+06	0	-0.302759	
1132	0.000148501	0.162598	0	-1.05e+06	0	-0.299288	
1133	0.000148615	0.162747	0	-1.05e+06	0	-0.295825	
1134	0.000148732	0.162895	0	-1.05e+06	0	-0.292368	
1135	0.00014885	0.163044	0	-1.05e+06	0	-0.28892	
1136	0.000148966	0.163193	0	-1.05e+06	0	-0.285479	
1137	0.000149077	0.163342	0	-1.05e+06	0	-0.282046	
1138	0.000149191	0.163491	0	-1.05e+06	0	-0.278621	
1139	0.000149308	0.16364	0	-1.05e+06	0	-0.275206	
1140	0.000149427	0.16379	0	-1.05e+06	0	-0.271799	
1141	0.000149549	0.163939	0	-1.05e+06	0	-0.268401	
1142	0.000149675	0.164089	0	-1.05e+06	0	-0.265012	
1143	0.000149804	0.164238	0	-1.05e+06	0	-0.261633	
1144	0.000149938	0.164388	0	-1.05e+06	0	-0.258264	
1145	0.000150075	0.164538	0	-1.05e+06	0	-0.254905	
1146	0.000150217	0.164688	0	-1.05e+06	0	-0.251556	
1147	0.000150363	0.164838	0	-1.05e+06	0	-0.248217	
1148	0.000150514	0.164989	0	-1.05e+06	0	-0.244889	
1149	0.00015067	0.165139	0	-1.05e+06	0	-0.241571	
1150	0.000150832	0.16529	0	-1.05e+06	0	-0.238265	
1151	0.000150998	0.165441	0	-1.05e+06	0	-0.23497	
1152	0.000151169	0.165592	0	-1.05e+06	0	-0.231686	
1153	0.000151346	0.165743	0	-1.05e+06	0	-0.228414	
1154	0.000151528	0.165894	0	-1.05e+06	0	-0.225154	
1155	0.000151716	0.166046	0	-1.05e+06	0	-0.221907	
1156	0.000151909	0.166197	0	-1.05e+06	0	-0.218671	
1157	0.000152107	0.166349	0	-1.05e+06	0	-0.215449	
1158	0.000152311	0.166501	0	-1.05e+06	0	-0.212239	
1159	0.00015252	0.166654	0	-1.05e+06	0	-0.209043	
1160	0.000152734	0.166806	0	-1.05e+06	0	-0.20586	
1161	0.000152952	0.166959	0	-1.05e+06	0	-0.202691	
1162	0.000153176	0.167112	0	-1.05e+06	0	-0.199536	
1163	0.000153404	0.167265	0	-1.05e+06	0	-0.196395	
1164	0.000153637	0.167419	0	-1.05e+06	0	-0.19327	
1165	0.000153874	0.167572	0	-1.05e+06	0	-0.190159	
1166	0.000154115	0.167726	0	-1.05e+06	0	-0.187064	
1167	0.00015436	0.16788	0	-1.05e+06	0	-0.183985	
1168	0.000154608	0.168035	0	-1.05e+06	0	-0.180922	
1169	0.00015486	0.168189	0	-1.05e+06	0	-0.177876	
1170	0.000155115	0.168344	0	-1.05e+06	0	-0.174847	
1171	0.000155373	0.168499	0	-1.05e+06	0	-0.171835	
1172	0.000155633	0.168654	0	-1.05e+06	0	-0.168841	
1173	0.000155895	0.16881	0	-1.05e+06	0	-0.165866	
1174	0.00015616	0.168966	0	-1.05e+06	0	-0.162909	
1175	0.000156426	0.169122	0	-1.05e+06	0	-0.159971	
1176	0.000156693	0.169279	0	-1.05e+06	0	-0.157053	
1177	0.000156962	0.169435	0	-1.05e+06	0	-0.154155	
1178	0.000157232	0.169592	0	-1.05e+06	0	-0.151278	
1179	0.000157503	0.169749	0	-1.05e+06	0	-0.148421	
1180	0.000157774	0.169907	0	-1.05e+06	0	-0.145586	
1181	0.000158045	0.170065	0	-1.05e+06	0	-0.142774	
1182	0.000158317	0.170223	0	-1.05e+06	0	-0.139983	
1183	0.000158586	0.170381	0	-1.05e+06	0	-0.137216	
1184	0.000158856	0.17054	0	-1.05e+06	0	-0.134473	
1185	0.000159126	0.170699	0	-1.05e+06	0	-0.131753	
1186	0.000159397	0.170858	0	-1.05e+06	0	-0.129058	
1187	0.000159668	0.171017	0	-1.05e+06	0	-0.126388	
1188	0.00015994	0.171177	0	-1.05e+06	0	-0.123743	
1189	0.000160211	0.171337	0	-1.05e+06	0	-0.121125	
1190	0.000160479	0.171497	0	-1.05e+06	0	-0.118533	
1191	0.000160747	0.171657	0	-1.05e+06	0	-0.115967	
1192	0.000161013	0.171818	0	-1.05e+06	0	-0.11343	
1193	0.000161279	0.171979	0	-1.05e+06	0	-0.11092	
1194	0.000161544	0.17214	0	-1.05e+06	0	-0.108439	
1195	0.000161808	0.172302	0	-1.05e+06	0	-0.105986	
1196	0.000162071	0.172464	0	-1.05e+06	0	-0.103563	
1197	0.000162334	0.172626	0	-1.05e+06	0	-0.10117	
1198	0.000162595	0.172788	0	-1.05e+06	0	-0.0988068	
1199	0.000162856	0.172951	0	-1.05e+06	0	-0.0964744	
1200	0.000163115	0.173114	0	-1.05e+06	0	-0.0941731	
1201	0.000163374	0.173277	0	-1.05e+06	0	-0.0919033	
1202	0.000163632	0.17344	0	-1.05e+06	0	-0.0896654	
1203	0.000163889	0.173604	0	-1.05e+06	0	-0.0874599	
1204	0.000164145	0.173768	0	-1.05e+06	0	-0.085287	
1205	0.0001644	0.173932	0	-1.05e+06	0	-0.0831473	
1206	0.000164654	0.174096	0	-1.05e+06	0	-0.0810411	
1207	0.000164907	0.174261	0	-1.05e+06	0	-0.0789687	
1208	0.000165158	0.174426	0	-1.05e+06	0	-0.0769305	
1209	0.000165408	0.174591	0	-1.05e+06	0	-0.0749268	
1210	0.000165653	0.174756	0	-1.05e+06	0	-0.0729581	
1211	0.000165896	0.174922	0	-1.05e+06	0	-0.0710246	
1212	0.000166137	0.175088	0	-1.05e+06	0	-0.0691266	
1213	0.000166375	0.175254	0	-1.05e+06	0	-0.0672646	
1214	0.000166568	0.17542	0	-1.05e+06	0	-0.0654391	
1215	0.000166749	0.175587	0	-1.05e+06	0	-0.0636506	
1216	0.000166926	0.175754	0	-1.05e+06	0	-0.0618993	
1217	0.000167099	0.175921	0	-1.05e+06	0	-0.0601854	
1218	0.000167268	0.176088	0	-1.05e+06	0	-0.0585091	
1219	0.000167433	0.176255	0	-1.05e+06	0	-0.0568706	
1220	0.000167595	0.176422	0	-1.05e+06	0	-0.05527	
1221	0.000167751	0.17659	0	-1.05e+06	0	-0.0537076	
1222	0.000167903	0.176758	0	-1.05e+06	0	-0.0521834	
1223	0.000168051	0.176926	0	-1.05e+06	0	-0.0506976	
1224	0.000168193	0.177094	0	-1.05e+06	0	-0.0492502	
1225	0.00016833	0.177262	0	-1.05e+06	0	-0.0478413	
1226	0.000168462	0.17743	0	-1.05e+06	0	-0.046471	
1227	0.000168576	0.177599	0	-1.05e+06	0	-0.0451394	
1228	0.000168684	0.177767	0	-1.05e+06	0	-0.0438466	
1229	0.00016879	0.177936	0	-1.05e+06	0	-0.0425924	
1230	0.000168892	0.178105	0	-1.05e+06	0	-0.0413768	
1231	0.00016899	0.178274	0	-1.05e+06	0	-0.0401998	
1232	0.000169085	0.178443	0	-1.05e+06	0	-0.0390613	
1233	0.000169176	0.178612	0	-1.05e+06	0	-0.0379611	
1234	0.000169263	0.178781	0	-1.05e+06	0	-0.0368991	
1235	0.000169345	0.17895	0	-1.05e+06	0	-0.0358753	
1236	0.000169424	0.179119	0	-1.05e+06	0	-0.0348893	
1237	0.000169499	0.179289	0	-1.05e+06	0	-0.033941	
1238	0.000169569	0.179458	0	-1.05e+06	0	-0.0330303	
1239	0.000169635	0.179628	0	-1.05e+06	0	-0.0321569	
1240	0.000169697	0.179798	0	-1.05e+06	0	-0.0313205	
1241	0.000169754	0.179967	0	-1.05e+06	0	-0.0305209	
1242	0.000169806	0.180137	0	-1.05e+06	0	-0.0297579	
1243	0.00016985	0.180307	0	-1.05e+06	0	-0.0290312	
1244	0.000169883	0.180477	0	-1.05e+06	0	-0.0283404	
1245	0.000169911	0.180647	0	-1.05e+06	0	-0.0276853	
1246	0.000169933	0.180817	0	-1.05e+06	0	-0.0270655	
1247	0.000169949	0.180986	0	-1.05e+06	0	-0.0264807	
1248	0.00016996	0.181156	0	-1.05e+06	0	-0.0259306	
1249	0.000169965	0.181326	0	-1.05e+06	0	-0.0254148	
1250	0.000169966	0.181496	0	-1.05e+06	0	-0.0249328	
1251	0.000169962	0.181666	0	-1.05e+06	0	-0.0244844	
1252	0.000169952	0.181836	0	-1.05e+06	0	-0.0240692	
1253	0.000169938	0.182006	0	-1.05e+06	0	-0.0236866	
1254	0.000169919	0.182176	0	-1.05e+06	0	-0.0233364	
1255	0.000169895	0.182346	0	-1.05e+06	0	-0.0230181	
1256	0.000169866	0.182516	0	-1.05e+06	0	-0.0227314	
1257	0.000169832	0.182686	0	-1.05e+06	0	-0.0224757	
1258	0.000169793	0.182856	0	-1.05e+06	0	-0.0222508	
1259	0.000169749	0.183025	0	-1.05e+06	0	-0.0220562	
1260	0.0001697	0.183195	0	-1.05e+06	0	-0.0218914	
1261	0.000169646	0.183365	0	-1.05e+06	0	-0.0217561	
1262	0.000169587	0.183535	0	-1.05e+06	0	-0.0216499	
1263	0.000169523	0.183704	0	-1.05e+06	0	-0.0215723	
1264	0.000169453	0.183874	0	-1.05e+06	0	-0.021523	
1265	0.000169379	0.184043	0	-1.05e+06	0	-0.0215015	
1266	0.000169299	0.184212	0	-1.05e+06	0	-0.0215075	
1267	0.000169214	0.184382	0	-1.05e+06	0	-0.0215405	
1268	0.000169123	0.184551	0	-1.05e+06	0	-0.0216002	
1269	0.000169025	0.18472	0	-1.05e+06	0	-0.0216861	
1270	0.000168888	0.184889	0	-1.05e+06	0	-0.0217979	
1271	0.000168746	0.185058	0	-1.05e+06	0	-0.0219352	
1272	0.0001686	0.185227	0	-1.05e+06	0	-0.0220976	
1273	0.000168449	0.185395	0	-1.05e+06	0	-0.0222847	
1274	0.000168293	0.185564	0	-1.05e+06	0	-0.0224961	
1275	0.000168133	0.185732	0	-1.05e+06	0	-0.0227314	
1276	0.000167969	0.1859	0	-1.05e+06	0	-0.0229903	
1277	0.000167801	0.186068	0	-1.05e+06	0	-0.0232725	
1278	0.00016763	0.186236	0	-1.05e+06	0	-0.0235775	
1279	0.000167443	0.186404	0	-1.05e+06	0	-0.023905	
1280	0.000167247	0.186571	0	-1.05e+06	0	-0.0242547	
1281	0.000167048	0.186738	0	-1.05e+06	0	-0.0246261	
1282	0.000166848	0.186905	0	-1.05e+06	0	-0.0250191	
1283	0.000166645	0.187072	0	-1.05e+06	0	-0.0254332	
1284	0.000166441	0.187239	0	-1.05e+06	0	-0.0258681	
1285	0.000166235	0.187405	0	-1.05e+06	0	-0.0263235	
1286	0.000166028	0.187572	0	-1.05e+06	0	-0.0267992	
1287	0.00016582	0.187738	0	-1.05e+06	0	-0.0272948	
1288	0.000165611	0.187903	0	-1.05e+06	0	-0.02781	
1289	0.000165402	0.188069	0	-1.05e+06	0	-0.0283445	
1290	0.000165192	0.188234	0	-1.05e+06	0	-0.0288982	
1291	0.000164982	0.1884	0	-1.05e+06	0	-0.0294706	
1292	0.000164772	0.188565	0	-1.05e+06	0	-0.0300616	
1293	0.000164561	0.188729	0	-1.05e+06	0	-0.0306709	
1294	0.000164351	0.188894	0	-1.05e+06	0	-0.0312982	
1295	0.00016414	0.189058	0	-1.05e+06	0	-0.0319433	
1296	0.00016393	0.189222	0	-1.05e+06	0	-0.032606	
1297	0.000163719	0.189386	0	-1.05e+06	0	-0.0332861	
1298	0.000163509	0.18955	0	-1.05e+06	0	-0.0339832	
1299	0.000163299	0.189714	0	-1.05e+06	0	-0.0346973	
1300	0.000163089	0.189877	0	-1.05e+06	0	-0.0354281	
1301	0.00016288	0.19004	0	-1.05e+06	0	-0.0361754	
1302	0.00016266	0.190203	0	-1.05e+06	0	-0.036939	
1303	0.000162433	0.190366	0	-1.05e+06	0	-0.0377186	
1304	0.000162208	0.190528	0	-1.05e+06	0	-0.038514	
1305	0.000161983	0.19069	0	-1.05e+06	0	-0.0393252	
1306	0.000161759	0.190852	0	-1.05e+06	0	-0.0401518	
1307	0.000161537	0.191014	0	-1.05e+06	0	-0.0409938	
1308	0.000161315	0.191175	0	-1.05e+06	0	-0.041851	
1309	0.000161094	0.191337	0	-1.05e+06	0	-0.0427233	
1310	0.000160873	0.191498	0	-1.05e+06	0	-0.0436104	
1311	0.000160654	0.191659	0	-1.05e+06	0	-0.0445124	
1312	0.000160435	0.191819	0	-1.05e+06	0	-0.0454289	
1313	0.000160216	0.19198	0	-1.05e+06	0	-0.04636	
1314	0.000159998	0.19214	0	-1.05e+06	0	-0.0473055	
1315	0.000159781	0.1923	0	-1.05e+06	0	-0.0482653	
1316	0.000159563	0.19246	0	-1.05e+06	0	-0.0492393	
1317	0.000159346	0.192619	0	-1.05e+06	0	-0.0502274	
1318	0.00015913	0.192779	0	-1.05e+06	0	-0.0512294	
1319	0.000158913	0.192938	0	-1.05e+06	0	-0.0522454	
1320	0.000158697	0.193097	0	-1.05e+06	0	-0.0532752	
1321	0.00015848	0.193255	0	-1.05e+06	0	-0.0543188	
1322	0.000158264	0.193414	0	-1.05e+06	0	-0.0553761	
1323	0.000158048	0.193572	0	-1.05e+06	0	-0.056447	
1324	0.000157832	0.19373	0	-1.05e+06	0	-0.0575315	
1325	0.000157616	0.193888	0	-1.05e+06	0	-0.0586294	
1326	0.000157401	0.194046	0	-1.05e+06	0	-0.0597409	
1327	0.000157185	0.194203	0	-1.05e+06	0	-0.0608658	
1328	0.00015697	0.19436	0	-1.05e+06	0	-0.0620041	
1329	0.000156754	0.194517	0	-1.05e+06	0	-0.0631558	
1330	0.000156539	0.194674	0	-1.05e+06	0	-0.0643209	
1331	0.000156325	0.194831	0	-1.05e+06	0	-0.0654993	
1332	0.000156111	0.194987	0	-1.05e+06	0	-0.0666911	
1333	0.000155897	0.195143	0	-1.05e+06	0	-0.0678961	
1334	0.000155684	0.195299	0	-1.05e+06	0	-0.0691146	
1335	0.000155472	0.195455	0	-1.05e+06	0	-0.0703464	
1336	0.000155261	0.19561	0	-1.05e+06	0	-0.0715915	
1337	0.00015505	0.195765	0	-1.05e+06	0	-0.0728501	
1338	0.000154841	0.19592	0	-1.05e+06	0	-0.0741221	
1339	0.000154633	0.196075	0	-1.05e+06	0	-0.0754075	
1340	0.000154426	0.19623	0	-1.05e+06	0	-0.0767065	
1341	0.00015422	0.196384	0	-1.05e+06	0	-0.078019	
1342	0.000154017	0.196538	0	-1.05e+06	0	-0.0793452	
1343	0.000153814	0.196692	0	-1.05e+06	0	-0.080685	
1344	0.000153614	0.196846	0	-1.05e+06	0	-0.0820385	
1345	0.000153416	0.197	0	-1.05e+06	0	-0.0834059	
1346	0.00015322	0.197153	0	-1.05e+06	0	-0.0847871	
1347	0.000153026	0.197307	0	-1.05e+06	0	-0.0861823	
1348	0.000152834	0.19746	0	-1.05e+06	0	-0.0875916	
1349	0.000152645	0.197612	0	-1.05e+06	0	-0.089015	
1350	0.000152446	0.197765	0	-1.05e+06	0	-0.0904526	
1351	0.000152246	0.197917	0	-1.05e+06	0	-0.0919044	
1352	0.000152047	0.19807	0	-1.05e+06	0	-0.0933705	
1353	0.000151852	0.198222	0	-1.05e+06	0	-0.0948509	
1354	0.000151659	0.198374	0	-1.05e+06	0	-0.0963459	
1355	0.000151469	0.198525	0	-1.05e+06	0	-0.0978556	
1356	0.000151282	0.198677	0	-1.05e+06	0	-0.09938	
1357	0.000151097	0.198828	0	-1.05e+06	0	-0.100919	
1358	0.000150917	0.198979	0	-1.05e+06	0	-0.102474	
1359	0.000150739	0.19913	0	-1.05e+06	0	-0.104043	
1360	0.000150565	0.199281	0	-1.05e+06	0	-0.105628	
1361	0.000150395	0.199431	0	-1.05e+06	0	-0.107228	
1362	0.000150228	0.199582	0	-1.05e+06	0	-0.108844	
1363	0.000150066	0.199732	0	-1.05e+06	0	-0.110475	
1364	0.000149907	0.199882	0	-1.05e+06	0	-0.112122	
1365	0.000149753	0.200032	0	-1.05e+06	0	-0.113786	
1366	0.000149603	0.200182	0	-1.05e+06	0	-0.115466	
1367	0.000149457	0.200331	0	-1.05e+06	0	-0.117162	
1368	0.000149315	0.200481	0	-1.05e+06	0	-0.118874	
1369	0.000149178	0.20063	0	-1.05e+06	0	-0.120604	
1370	0.000149046	0.200779	0	-1.05e+06	0	-0.12235	
1371	0.000148919	0.200928	0	-1.05e+06	0	-0.124113	
1372	0.000148796	0.201077	0	-1.05e+06	0	-0.125894	
1373	0.000148678	0.201226	0	-1.05e+06	0	-0.127693	
1374	0.000148566	0.201375	0	-1.05e+06	0	-0.129509	
1375	0.000148458	0.201523	0	-1.05e+06	0	-0.131343	
1376	0.000148356	0.201672	0	-1.05e+06	0	-0.133195	
1377	0.000148258	0.20182	0	-1.05e+06	0	-0.135066	
1378	0.000148166	0.201968	0	-1.05e+06	0	-0.136955	
1379	0.00014808	0.202116	0	-1.05e+06	0	-0.138864	
1380	0.000147999	0.202265	0	-1.05e+06	0	-0.140791	
1381	0.000147923	0.202413	0	-1.05e+06	0	-0.142738	
1382	0.000147852	0.202561	0	-1.05e+06	0	-0.144704	
1383	0.000147787	0.202708	0	-1.05e+06	0	-0.146691	
1384	0.000147728	0.202856	0	-1.05e+06	0	-0.148697	
1385	0.000147674	0.203004	0	-1.05e+06	0	-0.150724	
1386	0.000147626	0.203152	0	-1.05e+06	0	-0.152772	
1387	0.000147584	0.203299	0	-1.05e+06	0	-0.15484	
1388	0.000147547	0.203447	0	-1.05e+06	0	-0.15693	
1389	0.000147515	0.203594	0	-1.05e+06	0	-0.159042	
1390	0.000147489	0.203742	0	-1.05e+06	0	-0.161175	
1391	0.000147469	0.203889	0	-1.05e+06	0	-0.163331	
1392	0.000147455	0.204037	0	-1.05e+06	0	-0.165509	
1393	0.000147446	0.204184	0	-1.05e+06	0	-0.167711	
1394	0.000147442	0.204332	0	-1.05e+06	0	-0.169935	
1395	0.000147445	0.204479	0	-1.05e+06	0	-0.172183	
1396	0.000147452	0.204627	0	-1.05e+06	0	-0.174455	
1397	0.000147465	0.204774	0	-1.05e+06	0	-0.176751	
1398	0.000147484	0.204921	0	-1.05e+06	0	-0.179071	
1399	0.000147508	0.205069	0	-1.05e+06	0	-0.181417	
1400	0.000147537	0.205216	0	-1.05e+06	0	-0.183787	
1401	0.000147572	0.205364	0	-1.05e+06	0	-0.186184	
1402	0.000147611	0.205512	0	-1.05e+06	0	-0.188606	
1403	0.000147656	0.205659	0	-1.05e+06	0	-0.191055	
1404	0.000147706	0.205807	0	-1.05e+06	0	-0.19353	
1405	0.000147761	0.205955	0	-1.05e+06	0	-0.196032	
1406	0.000147817	0.206102	0	-1.05e+06	0	-0.198562	
1407	0.00014787	0.20625	0	-1.05e+06	0	-0.20112	
1408	0.000147927	0.206398	0	-1.05e+06	0	-0.203705	
1409	0.00014799	0.206546	0	-1.05e+06	0	-0.206319	
1410	0.000148056	0.206694	0	-1.05e+06	0	-0.208961	
1411	0.000148123	0.206842	0	-1.05e+06	0	-0.211632	
1412	0.000148182	0.20699	0	-1.05e+06	0	-0.214332	
1413	0.000148247	0.207138	0	-1.05e+06	0	-0.217062	
1414	0.000148316	0.207287	0	-1.05e+06	0	-0.219821	
1415	0.000148389	0.207435	0	-1.05e+06	0	-0.22261	
1416	0.000148468	0.207583	0	-1.05e+06	0	-0.225429	
1417	0.00014855	0.207732	0	-1.05e+06	0	-0.228279	
1418	0.000148638	0.20788	0	-1.05e+06	0	-0.23116	
1419	0.00014873	0.208029	0	-1.05e+06	0	-0.234072	
1420	0.000148827	0.208178	0	-1.05e+06	0	-0.237016	
1421	0.000148928	0.208326	0	-1.05e+06	0	-0.239992	
1422	0.000149033	0.208475	0	-1.05e+06	0	-0.242999	
1423	0.000149143	0.208624	0	-1.05e+06	0	-0.246039	
1424	0.000149256	0.208774	0	-1.05e+06	0	-0.249112	
1425	0.000149374	0.208923	0	-1.05e+06	0	-0.252217	
1426	0.000149496	0.209072	0	-1.05e+06	0	-0.255355	
1427	0.000149622	0.209222	0	-1.05e+06	0	-0.258527	
1428	0.000149752	0.209371	0	-1.05e+06	0	-0.261732	
1429	0.000149885	0.209521	0	-1.05e+06	0	-0.264971	
1430	0.000150022	0.209671	0	-1.05e+06	0	-0.268243	
1431	0.00015016	0.209821	0	-1.05e+06	0	-0.27155	
1432	0.000150261	0.209971	0	-1.05e+06	0	-0.27489	
1433	0.000150366	0.210121	0	-1.05e+06	0	-0.278263	
1434	0.000150474	0.210272	0	-1.05e+06	0	-0.28167	
1435	0.000150585	0.210422	0	-1.05e+06	0	-0.28511	
1436	0.0001507	0.210573	0	-1.05e+06	0	-0.288585	
1437	0.000150817	0.210723	0	-1.05e+06	0	-0.292093	
1438	0.000150939	0.210874	0	-1.05e+06	0	-0.295634	
1439	0.000151063	0.211025	0	-1.05e+06	0	-0.29921	
1440	0.00015119	0.211176	0	-1.05e+06	0	-0.30282	
1441	0.000151321	0.211328	0	-1.05e+06	0	-0.306465	
1442	0.000151455	0.211479	0	-1.05e+06	0	-0.310143	
1443	0.000151592	0.21163	0	-1.05e+06	0	-0.313856	
1444	0.000151733	0.211782	0	-1.05e+06	0	-0.317603	
1445	0.000151876	0.211934	0	-1.05e+06	0	-0.321384	
1446	0.000152022	0.212085	0	-1.05e+06	0	-0.3252	
1447	0.000152171	0.212238	0	-1.05e+06	0	-0.329051	
1448	0.000152323	0.21239	0	-1.05e+06	0	-0.332936	
1449	0.000152478	0.212542	0	-1.05e+06	0	-0.336856	
1450	0.000152635	0.212694	0	-1.05e+06	0	-0.34081	
1451	0.000152795	0.212847	0	-1.05e+06	0	-0.344799	
1452	0.000152957	0.213	0	-1.05e+06	0	-0.348823	
1453	0.000153122	0.213153	0	-1.05e+06	0	-0.352882	
1454	0.000153288	0.213306	0	-1.05e+06	0	-0.356976	
1455	0.000153457	0.213459	0	-1.05e+06	0	-0.361104	
1456	0.000153628	0.213613	0	-1.05e+06	0	-0.365267	
1457	0.0001538	0.213766	0	-1.05e+06	0	-0.369465	
1458	0.000153974	0.21392	0	-1.05e+06	0	-0.373698	
1459	0.000154149	0.214074	0	-1.05e+06	0	-0.377966	
1460	0.000154311	0.214228	0	-1.05e+06	0	-0.382268	
1461	0.000154459	0.214383	0	-1.05e+06	0	-0.386604	
1462	0.000154607	0.214537	0	-1.05e+06	0	-0.390974	
1463	0.000154755	0.214692	0	-1.05e+06	0	-0.395378	
1464	0.000154903	0.214846	0	-1.05e+06	0	-0.399816	
1465	0.000155051	0.215001	0	-1.05e+06	0	-0.404288	
1466	0.000155185	0.215156	0	-1.05e+06	0	-0.408792	
1467	0.000155319	0.215312	0	-1.05e+06	0	-0.41333	
1468	0.000155446	0.215467	0	-1.05e+06	0	-0.417901	
1469	0.000155565	0.215622	0	-1.05e+06	0	-0.422504	
1470	0.000155684	0.215778	0	-1.05e+06	0	-0.427139	
1471	0.000155803	0.215934	0	-1.05e+06	0	-0.431806	
1472	0.000155923	0.216089	0	-1.05e+06	0	-0.436506	
1473	0.000156042	0.216245	0	-1.05e+06	0	-0.441237	
1474	0.000156161	0.216401	0	-1.05e+06	0	-0.445999	
1475	0.000156248	0.216557	0	-1.05e+06	0	-0.450792	
1476	0.000156324	0.216714	0	-1.05e+06	0	-0.455615	
1477	0.000156399	0.21687	0	-1.05e+06	0	-0.460467	
1478	0.000156475	0.217026	0	-1.05e+06	0	-0.465348	
1479	0.00015655	0.217183	0	-1.05e+06	0	-0.470259	
1480	0.000156624	0.217339	0	-1.05e+06	0	-0.475198	
1481	0.000156698	0.217496	0	-1.05e+06	0	-0.480165	
1482	0.000156771	0.217653	0	-1.05e+06	0	-0.485159	
1483	0.000156842	0.21781	0	-1.05e+06	0	-0.490182	
1484	0.000156912	0.217966	0	-1.05e+06	0	-0.495231	
1485	0.000156914	0.218123	0	-1.05e+06	0	-0.500305	
1486	0.00015691	0.21828	0	-1.05e+06	0	-0.505402	
1487	0.000156904	0.218437	0	-1.05e+06	0	-0.510523	
1488	0.000156897	0.218594	0	-1.05e+06	0	-0.515666	
1489	0.000156889	0.218751	0	-1.05e+06	0	-0.520831	
1490	0.00015688	0.218908	0	-1.05e+06	0	-0.526019	
1491	0.000156869	0.219065	0	-1.05e+06	0	-0.531227	
1492	0.000156858	0.219222	0	-1.05e+06	0	-0.536456	
1493	0.000156845	0.219378	0	-1.05e+06	0	-0.541704	
1494	0.000156831	0.219535	0	-1.05e+06	0	-0.546973	
1495	0.000156816	0.219692	0	-1.05e+06	0	-0.552259	
1496	0.0001568	0.219849	0	-1.05e+06	0	-0.557565	
1497	0.000156782	0.220006	0	-1.05e+06	0	-0.562887	
1498	0.000156763	0.220163	0	-1.05e+06	0	-0.568227	
1499	0.000156743	0.220319	0	-1.05e+06	0	-0.573584	
1500	0.000156721	0.220476	0	-1.05e+06	0	-0.578956	
