Step	dt	Time	fbody_x	fbody_y	fbody_z	dy_tip	
0	1e-16	0	0	0	0	-1.19209e-08	
1	1e-16	0	0	-1.05e+06	0	-1.19209e-08	
2	0.00055857	1e-16	0	-1.05e+06	0	-0.000312012	
3	0.000558058	0.00055857	0	-1.05e+06	0	-0.000935155	
4	0.000557116	0.00111663	0	-1.05e+06	0	-0.00186762	
5	0.000555798	0.00167374	0	-1.05e+06	0	-0.0031068	
6	0.000554141	0.00222954	0	-1.05e+06	0	-0.00464935	
7	0.000552179	0.00278368	0	-1.05e+06	0	-0.00649134	
8	0.00054994	0.00333586	0	-1.05e+06	0	-0.0086283	
9	0.000547454	0.0038858	0	-1.05e+06	0	-0.0110553	
10	0.000544749	0.00443326	0	-1.05e+06	0	-0.013767	
11	0.000541855	0.004978	0	-1.05e+06	0	-0.016758	
12	0.0005388	0.00551986	0	-1.05e+06	0	-0.0200223	
13	0.00053561	0.00605866	0	-1.05e+06	0	-0.0235542	
14	0.000532313	0.00659427	0	-1.05e+06	0	-0.0273476	
15	0.000528934	0.00712658	0	-1.05e+06	0	-0.0313966	
16	0.000525497	0.00765552	0	-1.05e+06	0	-0.0356952	
17	0.000522023	0.00818101	0	-1.05e+06	0	-0.0402378	
18	0.000518534	0.00870304	0	-1.05e+06	0	-0.0450185	
19	0.000515049	0.00922157	0	-1.05e+06	0	-0.0500319	
20	0.000511585	0.00973662	0	-1.05e+06	0	-0.0552728	
21	0.000508157	0.0102482	0	-1.05e+06	0	-0.060736	
22	0.000504781	0.0107564	0	-1.05e+06	0	-0.0664166	
23	0.000501468	0.0112611	0	-1.05e+06	0	-0.0723102	
24	0.00049823	0.0117626	0	-1.05e+06	0	-0.0784124	
25	0.000495079	0.0122608	0	-1.05e+06	0	-0.084719	
26	0.000492022	0.0127559	0	-1.05e+06	0	-0.0912264	
27	0.000489069	0.0132479	0	-1.05e+06	0	-0.0979309	
28	0.000486227	0.013737	0	-1.05e+06	0	-0.104829	
29	0.000483502	0.0142232	0	-1.05e+06	0	-0.111918	
30	0.0004809	0.0147067	0	-1.05e+06	0	-0.119196	
31	0.000478428	0.0151876	0	-1.05e+06	0	-0.126658	
32	0.00047609	0.0156661	0	-1.05e+06	0	-0.134305	
33	0.000473889	0.0161422	0	-1.05e+06	0	-0.142132	
34	0.000471831	0.016616	0	-1.05e+06	0	-0.150138	
35	0.000469918	0.0170879	0	-1.05e+06	0	-0.158323	
36	0.000468155	0.0175578	0	-1.05e+06	0	-0.166684	
37	0.000466543	0.018026	0	-1.05e+06	0	-0.17522	
38	0.000465086	0.0184925	0	-1.05e+06	0	-0.18393	
39	0.000463785	0.0189576	0	-1.05e+06	0	-0.192814	
40	0.000462644	0.0194214	0	-1.05e+06	0	-0.201871	
41	0.000461663	0.019884	0	-1.05e+06	0	-0.211101	
42	0.000460845	0.0203457	0	-1.05e+06	0	-0.220503	
43	0.000460191	0.0208065	0	-1.05e+06	0	-0.230077	
44	0.000459701	0.0212667	0	-1.05e+06	0	-0.239824	
45	0.000459376	0.0217264	0	-1.05e+06	0	-0.249744	
46	0.000459217	0.0221858	0	-1.05e+06	0	-0.259836	
47	0.000459224	0.022645	0	-1.05e+06	0	-0.270102	
48	0.000459395	0.0231042	0	-1.05e+06	0	-0.280541	
49	0.000459729	0.0235636	0	-1.05e+06	0	-0.291156	
50	0.000460226	0.0240234	0	-1.05e+06	0	-0.301945	
51	0.000460881	0.0244836	0	-1.05e+06	0	-0.312911	
52	0.000461691	0.0249445	0	-1.05e+06	0	-0.324053	
53	0.000462652	0.0254061	0	-1.05e+06	0	-0.335372	
54	0.000463759	0.0258688	0	-1.05e+06	0	-0.346869	
55	0.000465004	0.0263326	0	-1.05e+06	0	-0.358543	
56	0.00046638	0.0267976	0	-1.05e+06	0	-0.370396	
57	0.000467877	0.0272639	0	-1.05e+06	0	-0.382428	
58	0.000469287	0.0277318	0	-1.05e+06	0	-0.394632	
59	0.000469516	0.0282011	0	-1.05e+06	0	-0.406974	
60	0.000469678	0.0286706	0	-1.05e+06	0	-0.419448	
61	0.000469875	0.0291403	0	-1.05e+06	0	-0.43205	
62	0.000470107	0.0296102	0	-1.05e+06	0	-0.444777	
63	0.000470369	0.0300803	0	-1.05e+06	0	-0.457625	
64	0.000470661	0.0305507	0	-1.05e+06	0	-0.47059	
65	0.000470977	0.0310213	0	-1.05e+06	0	-0.483668	
66	0.000471317	0.0314923	0	-1.05e+06	0	-0.496857	
67	0.000471675	0.0319636	0	-1.05e+06	0	-0.510152	
68	0.000472049	0.0324353	0	-1.05e+06	0	-0.523549	
69	0.000472436	0.0329073	0	-1.05e+06	0	-0.537044	
70	0.000472831	0.0333798	0	-1.05e+06	0	-0.550634	
71	0.000473232	0.0338526	0	-1.05e+06	0	-0.564315	
72	0.000473563	0.0343258	0	-1.05e+06	0	-0.57808	
73	0.000473419	0.0347994	0	-1.05e+06	0	-0.591911	
74	0.000473352	0.0352728	0	-1.05e+06	0	-0.605807	
75	0.000473356	0.0357462	0	-1.05e+06	0	-0.619766	
76	0.000473421	0.0362195	0	-1.05e+06	0	-0.633785	
77	0.000473538	0.0366929	0	-1.05e+06	0	-0.647863	
78	0.000473695	0.0371665	0	-1.05e+06	0	-0.661997	
79	0.000473879	0.0376402	0	-1.05e+06	0	-0.676184	
80	0.000474077	0.0381141	0	-1.05e+06	0	-0.690421	
81	0.000474273	0.0385881	0	-1.05e+06	0	-0.704705	
82	0.000474453	0.0390624	0	-1.05e+06	0	-0.719032	
83	0.000474601	0.0395369	0	-1.05e+06	0	-0.733398	
84	0.000474701	0.0400115	0	-1.05e+06	0	-0.747797	
85	0.000474739	0.0404862	0	-1.05e+06	0	-0.762225	
86	0.0004747	0.0409609	0	-1.05e+06	0	-0.776677	
87	0.000474571	0.0414356	0	-1.05e+06	0	-0.791145	
88	0.000474341	0.0419102	0	-1.05e+06	0	-0.805625	
89	0.000473883	0.0423845	0	-1.05e+06	0	-0.820106	
90	0.00047255	0.0428584	0	-1.05e+06	0	-0.834558	
91	0.000470879	0.0433309	0	-1.05e+06	0	-0.848968	
92	0.000467552	0.0438018	0	-1.05e+06	0	-0.863282	
93	0.000464359	0.0442694	0	-1.05e+06	0	-0.877501	
94	0.000461308	0.0447337	0	-1.05e+06	0	-0.891627	
95	0.000458409	0.045195	0	-1.05e+06	0	-0.905661	
96	0.000455666	0.0456535	0	-1.05e+06	0	-0.919605	
97	0.00045308	0.0461091	0	-1.05e+06	0	-0.933462	
98	0.000450652	0.0465622	0	-1.05e+06	0	-0.947234	
99	0.000448381	0.0470128	0	-1.05e+06	0	-0.960923	
100	0.000446263	0.0474612	0	-1.05e+06	0	-0.974531	
101	0.000444295	0.0479075	0	-1.05e+06	0	-0.98806	
102	0.000442471	0.0483518	0	-1.05e+06	0	-1.00151	
103	0.000440786	0.0487943	0	-1.05e+06	0	-1.01489	
104	0.000439234	0.049235	0	-1.05e+06	0	-1.0282	
105	0.000437809	0.0496743	0	-1.05e+06	0	-1.04143	
106	0.000436504	0.0501121	0	-1.05e+06	0	-1.05459	
107	0.000435315	0.0505486	0	-1.05e+06	0	-1.06768	
108	0.000434235	0.0509839	0	-1.05e+06	0	-1.0807	
109	0.000433258	0.0514181	0	-1.05e+06	0	-1.09366	
110	0.000432379	0.0518514	0	-1.05e+06	0	-1.10654	
111	0.000431593	0.0522838	0	-1.05e+06	0	-1.11936	
112	0.000430897	0.0527154	0	-1.05e+06	0	-1.13211	
113	0.000430286	0.0531463	0	-1.05e+06	0	-1.1448	
114	0.000429756	0.0535766	0	-1.05e+06	0	-1.15741	
115	0.000429306	0.0540063	0	-1.05e+06	0	-1.16996	
116	0.000428934	0.0544356	0	-1.05e+06	0	-1.18244	
117	0.000428637	0.0548646	0	-1.05e+06	0	-1.19485	
118	0.000428415	0.0552932	0	-1.05e+06	0	-1.20718	
119	0.000428269	0.0557216	0	-1.05e+06	0	-1.21945	
120	0.000428197	0.0561499	0	-1.05e+06	0	-1.23165	
121	0.000428201	0.0565781	0	-1.05e+06	0	-1.24378	
122	0.000428283	0.0570063	0	-1.05e+06	0	-1.25583	
123	0.000428444	0.0574346	0	-1.05e+06	0	-1.26781	
124	0.000428687	0.057863	0	-1.05e+06	0	-1.27972	
125	0.000428597	0.0582917	0	-1.05e+06	0	-1.29154	
126	0.000428125	0.0587203	0	-1.05e+06	0	-1.30327	
127	0.000427446	0.0591484	0	-1.05e+06	0	-1.31489	
128	0.00042653	0.0595759	0	-1.05e+06	0	-1.32639	
129	0.000425401	0.0600024	0	-1.05e+06	0	-1.33777	
130	0.000423768	0.0604278	0	-1.05e+06	0	-1.34902	
131	0.000422213	0.0608516	0	-1.05e+06	0	-1.36013	
132	0.000420749	0.0612738	0	-1.05e+06	0	-1.3711	
133	0.000419388	0.0616945	0	-1.05e+06	0	-1.38194	
134	0.000418141	0.0621139	0	-1.05e+06	0	-1.39265	
135	0.000417018	0.062532	0	-1.05e+06	0	-1.40323	
136	0.000416029	0.0629491	0	-1.05e+06	0	-1.41368	
137	0.00041518	0.0633651	0	-1.05e+06	0	-1.424	
138	0.00041448	0.0637803	0	-1.05e+06	0	-1.43421	
139	0.000413932	0.0641947	0	-1.05e+06	0	-1.44429	
140	0.000413542	0.0646087	0	-1.05e+06	0	-1.45426	
141	0.000413311	0.0650222	0	-1.05e+06	0	-1.46411	
142	0.000413242	0.0654355	0	-1.05e+06	0	-1.47385	
143	0.000413334	0.0658488	0	-1.05e+06	0	-1.48348	
144	0.000413585	0.0662621	0	-1.05e+06	0	-1.493	
145	0.000413994	0.0666757	0	-1.05e+06	0	-1.50242	
146	0.000414556	0.0670897	0	-1.05e+06	0	-1.51173	
147	0.000415265	0.0675042	0	-1.05e+06	0	-1.52094	
148	0.000416114	0.0679195	0	-1.05e+06	0	-1.53005	
149	0.000417094	0.0683356	0	-1.05e+06	0	-1.53907	
150	0.000418195	0.0687527	0	-1.05e+06	0	-1.54798	
151	0.000419404	0.0691709	0	-1.05e+06	0	-1.5568	
152	0.000420709	0.0695903	0	-1.05e+06	0	-1.56552	
153	0.000422093	0.070011	0	-1.05e+06	0	-1.57414	
154	0.000423541	0.0704331	0	-1.05e+06	0	-1.58267	
155	0.000425034	0.0708567	0	-1.05e+06	0	-1.59109	
156	0.000425638	0.0712817	0	-1.05e+06	0	-1.5994	
157	0.000425161	0.0717073	0	-1.05e+06	0	-1.60756	
158	0.000424876	0.0721325	0	-1.05e+06	0	-1.6156	
159	0.000424792	0.0725574	0	-1.05e+06	0	-1.62349	
160	0.000424915	0.0729822	0	-1.05e+06	0	-1.63126	
161	0.000425245	0.0734071	0	-1.05e+06	0	-1.63891	
162	0.00042578	0.0738323	0	-1.05e+06	0	-1.64643	
163	0.000425765	0.0742581	0	-1.05e+06	0	-1.65381	
164	0.000425251	0.0746839	0	-1.05e+06	0	-1.66106	
165	0.000424886	0.0751091	0	-1.05e+06	0	-1.66816	
166	0.000424667	0.075534	0	-1.05e+06	0	-1.67513	
167	0.000424594	0.0759587	0	-1.05e+06	0	-1.68196	
168	0.000424659	0.0763833	0	-1.05e+06	0	-1.68866	
169	0.000424857	0.0768079	0	-1.05e+06	0	-1.69523	
170	0.000425179	0.0772328	0	-1.05e+06	0	-1.70167	
171	0.000425612	0.077658	0	-1.05e+06	0	-1.70798	
172	0.000423752	0.0780836	0	-1.05e+06	0	-1.71413	
173	0.000420721	0.0785073	0	-1.05e+06	0	-1.7201	
174	0.000417823	0.078928	0	-1.05e+06	0	-1.72589	
175	0.000415079	0.0793459	0	-1.05e+06	0	-1.73152	
176	0.000412506	0.0797609	0	-1.05e+06	0	-1.73698	
177	0.000410119	0.0801735	0	-1.05e+06	0	-1.74228	
178	0.000407928	0.0805836	0	-1.05e+06	0	-1.74742	
179	0.000405942	0.0809915	0	-1.05e+06	0	-1.75241	
180	0.000404166	0.0813974	0	-1.05e+06	0	-1.75725	
181	0.000402604	0.0818016	0	-1.05e+06	0	-1.76195	
182	0.000401257	0.0822042	0	-1.05e+06	0	-1.7665	
183	0.000400125	0.0826055	0	-1.05e+06	0	-1.77092	
184	0.000399207	0.0830056	0	-1.05e+06	0	-1.77519	
185	0.000398499	0.0834048	0	-1.05e+06	0	-1.77934	
186	0.000397998	0.0838033	0	-1.05e+06	0	-1.78335	
187	0.000397699	0.0842013	0	-1.05e+06	0	-1.78723	
188	0.000397595	0.084599	0	-1.05e+06	0	-1.79098	
189	0.00039768	0.0849966	0	-1.05e+06	0	-1.79461	
190	0.000397946	0.0853943	0	-1.05e+06	0	-1.79811	
191	0.000398383	0.0857922	0	-1.05e+06	0	-1.80148	
192	0.000398983	0.0861906	0	-1.05e+06	0	-1.80472	
193	0.000399736	0.0865896	0	-1.05e+06	0	-1.80784	
194	0.000400631	0.0869893	0	-1.05e+06	0	-1.81084	
195	0.000401657	0.08739	0	-1.05e+06	0	-1.8137	
196	0.000402801	0.0877916	0	-1.05e+06	0	-1.81644	
197	0.000404052	0.0881944	0	-1.05e+06	0	-1.81905	
198	0.000405396	0.0885985	0	-1.05e+06	0	-1.82153	
199	0.00040682	0.0890039	0	-1.05e+06	0	-1.82387	
200	0.00040831	0.0894107	0	-1.05e+06	0	-1.82609	
201	0.000409853	0.089819	0	-1.05e+06	0	-1.82817	
202	0.000411435	0.0902288	0	-1.05e+06	0	-1.83011	
203	0.000413042	0.0906403	0	-1.05e+06	0	-1.83192	
204	0.000414661	0.0910533	0	-1.05e+06	0	-1.83358	
205	0.000416279	0.091468	0	-1.05e+06	0	-1.8351	
206	0.000417882	0.0918843	0	-1.05e+06	0	-1.83648	
207	0.000418321	0.0923021	0	-1.05e+06	0	-1.83771	
208	0.000418701	0.0927205	0	-1.05e+06	0	-1.83878	
209	0.000419268	0.0931392	0	-1.05e+06	0	-1.83971	
210	0.000420011	0.0935584	0	-1.05e+06	0	-1.84048	
211	0.000420915	0.0939784	0	-1.05e+06	0	-1.84111	
212	0.000420784	0.0943994	0	-1.05e+06	0	-1.84158	
213	0.000420435	0.0948201	0	-1.05e+06	0	-1.84189	
214	0.000420239	0.0952406	0	-1.05e+06	0	-1.84205	
215	0.000420196	0.0956608	0	-1.05e+06	0	-1.84206	
216	0.000420304	0.096081	0	-1.05e+06	0	-1.84192	
217	0.000420561	0.0965013	0	-1.05e+06	0	-1.84162	
218	0.000420961	0.0969219	0	-1.05e+06	0	-1.84117	
219	0.000421496	0.0973428	0	-1.05e+06	0	-1.84057	
220	0.000422157	0.0977643	0	-1.05e+06	0	-1.83981	
221	0.000422396	0.0981865	0	-1.05e+06	0	-1.83889	
222	0.000421333	0.0986089	0	-1.05e+06	0	-1.83783	
223	0.000420338	0.0990302	0	-1.05e+06	0	-1.83661	
224	0.000419421	0.0994506	0	-1.05e+06	0	-1.83524	
225	0.00041859	0.09987	0	-1.05e+06	0	-1.83373	
226	0.000417852	0.100289	0	-1.05e+06	0	-1.83207	
227	0.000417213	0.100706	0	-1.05e+06	0	-1.83026	
228	0.000416676	0.101124	0	-1.05e+06	0	-1.82831	
229	0.000416241	0.10154	0	-1.05e+06	0	-1.8262	
230	0.000415908	0.101957	0	-1.05e+06	0	-1.82396	
231	0.000415675	0.102372	0	-1.05e+06	0	-1.82156	
232	0.000415537	0.102788	0	-1.05e+06	0	-1.81902	
233	0.00041549	0.103204	0	-1.05e+06	0	-1.81632	
234	0.000415525	0.103619	0	-1.05e+06	0	-1.81349	
235	0.000415634	0.104035	0	-1.05e+06	0	-1.8105	
236	0.000415808	0.10445	0	-1.05e+06	0	-1.80736	
237	0.000416036	0.104866	0	-1.05e+06	0	-1.80407	
238	0.000416282	0.105282	0	-1.05e+06	0	-1.80064	
239	0.000416006	0.105698	0	-1.05e+06	0	-1.79705	
240	0.000415808	0.106114	0	-1.05e+06	0	-1.79333	
241	0.000415688	0.10653	0	-1.05e+06	0	-1.78945	
242	0.000415646	0.106946	0	-1.05e+06	0	-1.78543	
243	0.00041568	0.107362	0	-1.05e+06	0	-1.78126	
244	0.000415787	0.107777	0	-1.05e+06	0	-1.77695	
245	0.000415963	0.108193	0	-1.05e+06	0	-1.77248	
246	0.000416206	0.108609	0	-1.05e+06	0	-1.76787	
247	0.000416508	0.109025	0	-1.05e+06	0	-1.7631	
248	0.000416864	0.109442	0	-1.05e+06	0	-1.75819	
249	0.000417268	0.109859	0	-1.05e+06	0	-1.75312	
250	0.000417287	0.110276	0	-1.05e+06	0	-1.74791	
251	0.00041689	0.110693	0	-1.05e+06	0	-1.74256	
252	0.000416617	0.11111	0	-1.05e+06	0	-1.73706	
253	0.00041647	0.111527	0	-1.05e+06	0	-1.73142	
254	0.000416451	0.111943	0	-1.05e+06	0	-1.72564	
255	0.00041656	0.11236	0	-1.05e+06	0	-1.71972	
256	0.000416796	0.112776	0	-1.05e+06	0	-1.71365	
257	0.000415517	0.113193	0	-1.05e+06	0	-1.70746	
258	0.000413786	0.113608	0	-1.05e+06	0	-1.70115	
259	0.000412103	0.114022	0	-1.05e+06	0	-1.69473	
260	0.00041048	0.114434	0	-1.05e+06	0	-1.6882	
261	0.000408933	0.114845	0	-1.05e+06	0	-1.68157	
262	0.000407473	0.115254	0	-1.05e+06	0	-1.67483	
263	0.000406111	0.115661	0	-1.05e+06	0	-1.66798	
264	0.000404858	0.116067	0	-1.05e+06	0	-1.66102	
265	0.000403721	0.116472	0	-1.05e+06	0	-1.65396	
266	0.000402709	0.116876	0	-1.05e+06	0	-1.64679	
267	0.000401828	0.117279	0	-1.05e+06	0	-1.63952	
268	0.000401083	0.11768	0	-1.05e+06	0	-1.63214	
269	0.000400478	0.118082	0	-1.05e+06	0	-1.62465	
270	0.000400018	0.118482	0	-1.05e+06	0	-1.61705	
271	0.000399703	0.118882	0	-1.05e+06	0	-1.60935	
272	0.000399534	0.119282	0	-1.05e+06	0	-1.60153	
273	0.000399513	0.119681	0	-1.05e+06	0	-1.5936	
274	0.000399638	0.120081	0	-1.05e+06	0	-1.58556	
275	0.000399906	0.12048	0	-1.05e+06	0	-1.57741	
276	0.000400315	0.12088	0	-1.05e+06	0	-1.56913	
277	0.000400862	0.121281	0	-1.05e+06	0	-1.56075	
278	0.00040154	0.121682	0	-1.05e+06	0	-1.55224	
279	0.000402345	0.122083	0	-1.05e+06	0	-1.54361	
280	0.000403269	0.122485	0	-1.05e+06	0	-1.53485	
281	0.000404305	0.122889	0	-1.05e+06	0	-1.52598	
282	0.000405444	0.123293	0	-1.05e+06	0	-1.51698	
283	0.000406675	0.123698	0	-1.05e+06	0	-1.50785	
284	0.00040799	0.124105	0	-1.05e+06	0	-1.49859	
285	0.000409376	0.124513	0	-1.05e+06	0	-1.48921	
286	0.000410823	0.124922	0	-1.05e+06	0	-1.4797	
287	0.000412317	0.125333	0	-1.05e+06	0	-1.47007	
288	0.000413846	0.125746	0	-1.05e+06	0	-1.4603	
289	0.000415397	0.126159	0	-1.05e+06	0	-1.45041	
290	0.000416959	0.126575	0	-1.05e+06	0	-1.44039	
291	0.000418517	0.126992	0	-1.05e+06	0	-1.43024	
292	0.000420061	0.12741	0	-1.05e+06	0	-1.41997	
293	0.000421578	0.12783	0	-1.05e+06	0	-1.40958	
294	0.000422042	0.128252	0	-1.05e+06	0	-1.39909	
295	0.000422436	0.128674	0	-1.05e+06	0	-1.38851	
296	0.000422981	0.129096	0	-1.05e+06	0	-1.37784	
297	0.000423669	0.129519	0	-1.05e+06	0	-1.36707	
298	0.00042449	0.129943	0	-1.05e+06	0	-1.35621	
299	0.000425433	0.130368	0	-1.05e+06	0	-1.34525	
300	0.000426483	0.130793	0	-1.05e+06	0	-1.33418	
301	0.000427624	0.131219	0	-1.05e+06	0	-1.32302	
302	0.000428124	0.131647	0	-1.05e+06	0	-1.31177	
303	0.000427148	0.132075	0	-1.05e+06	0	-1.30048	
304	0.000426233	0.132502	0	-1.05e+06	0	-1.28915	
305	0.00042539	0.132929	0	-1.05e+06	0	-1.27778	
306	0.000424629	0.133354	0	-1.05e+06	0	-1.26637	
307	0.000423958	0.133779	0	-1.05e+06	0	-1.25491	
308	0.000423385	0.134203	0	-1.05e+06	0	-1.24341	
309	0.000422914	0.134626	0	-1.05e+06	0	-1.23187	
310	0.000422549	0.135049	0	-1.05e+06	0	-1.22029	
311	0.000422291	0.135471	0	-1.05e+06	0	-1.20865	
312	0.000422141	0.135894	0	-1.05e+06	0	-1.19698	
313	0.000422097	0.136316	0	-1.05e+06	0	-1.18525	
314	0.000422158	0.136738	0	-1.05e+06	0	-1.17347	
315	0.000422318	0.13716	0	-1.05e+06	0	-1.16164	
316	0.000422463	0.137582	0	-1.05e+06	0	-1.14977	
317	0.000421971	0.138005	0	-1.05e+06	0	-1.13786	
318	0.000421546	0.138427	0	-1.05e+06	0	-1.12592	
319	0.000421193	0.138848	0	-1.05e+06	0	-1.11396	
320	0.000420914	0.13927	0	-1.05e+06	0	-1.10196	
321	0.000420711	0.139691	0	-1.05e+06	0	-1.08994	
322	0.000420585	0.140111	0	-1.05e+06	0	-1.07788	
323	0.000420537	0.140532	0	-1.05e+06	0	-1.06579	
324	0.000420564	0.140952	0	-1.05e+06	0	-1.05368	
325	0.000420666	0.141373	0	-1.05e+06	0	-1.04153	
326	0.000420838	0.141794	0	-1.05e+06	0	-1.02934	
327	0.000421078	0.142214	0	-1.05e+06	0	-1.01713	
328	0.000421381	0.142636	0	-1.05e+06	0	-1.00488	
329	0.000421742	0.143057	0	-1.05e+06	0	-0.992608	
330	0.000422156	0.143479	0	-1.05e+06	0	-0.980301	
331	0.000421868	0.143901	0	-1.05e+06	0	-0.967988	
332	0.000421282	0.144323	0	-1.05e+06	0	-0.955678	
333	0.000420773	0.144744	0	-1.05e+06	0	-0.943372	
334	0.000420349	0.145165	0	-1.05e+06	0	-0.93107	
335	0.000420014	0.145585	0	-1.05e+06	0	-0.918772	
336	0.00041977	0.146005	0	-1.05e+06	0	-0.906478	
337	0.00041962	0.146425	0	-1.05e+06	0	-0.894189	
338	0.000419567	0.146844	0	-1.05e+06	0	-0.881903	
339	0.000419611	0.147264	0	-1.05e+06	0	-0.869621	
340	0.000419754	0.147684	0	-1.05e+06	0	-0.857343	
341	0.000419994	0.148103	0	-1.05e+06	0	-0.845069	
342	0.000420331	0.148523	0	-1.05e+06	0	-0.832799	
343	0.000420764	0.148944	0	-1.05e+06	0	-0.820534	
344	0.00042129	0.149364	0	-1.05e+06	0	-0.808274	
345	0.000421907	0.149786	0	-1.05e+06	0	-0.796018	
346	0.000422612	0.150208	0	-1.05e+06	0	-0.783769	
347	0.000423402	0.15063	0	-1.05e+06	0	-0.771527	
348	0.000424271	0.151054	0	-1.05e+06	0	-0.759293	
349	0.000425217	0.151478	0	-1.05e+06	0	-0.747067	
350	0.000426233	0.151903	0	-1.05e+06	0	-0.734853	
351	0.000427315	0.152329	0	-1.05e+06	0	-0.72265	
352	0.000428335	0.152757	0	-1.05e+06	0	-0.710465	
353	0.000428793	0.153185	0	-1.05e+06	0	-0.698316	
354	0.000429285	0.153614	0	-1.05e+06	0	-0.686206	
355	0.000429812	0.154043	0	-1.05e+06	0	-0.674138	
356	0.000430375	0.154473	0	-1.05e+06	0	-0.662113	
357	0.000430975	0.154903	0	-1.05e+06	0	-0.650134	
358	0.000431615	0.155334	0	-1.05e+06	0	-0.638203	
359	0.000432294	0.155766	0	-1.05e+06	0	-0.626321	
360	0.000433014	0.156198	0	-1.05e+06	0	-0.614491	
361	0.000433776	0.156631	0	-1.05e+06	0	-0.602714	
362	0.000434582	0.157065	0	-1.05e+06	0	-0.590993	
363	0.000434961	0.1575	0	-1.05e+06	0	-0.579342	
364	0.000435306	0.157935	0	-1.05e+06	0	-0.567763	
365	0.000435715	0.15837	0	-1.05e+06	0	-0.556259	
366	0.000436187	0.158806	0	-1.05e+06	0	-0.544829	
367	0.000436721	0.159242	0	-1.05e+06	0	-0.533475	
368	0.000437315	0.159678	0	-1.05e+06	0	-0.522198	
369	0.000437968	0.160116	0	-1.05e+06	0	-0.510998	
370	0.000438675	0.160554	0	-1.05e+06	0	-0.499876	
371	0.000439435	0.160992	0	-1.05e+06	0	-0.488834	
372	0.000440243	0.161432	0	-1.05e+06	0	-0.477873	
373	0.000441095	0.161872	0	-1.05e+06	0	-0.466993	
374	0.000441988	0.162313	0	-1.05e+06	0	-0.456197	
375	0.000442916	0.162755	0	-1.05e+06	0	-0.445486	
376	0.000443875	0.163198	0	-1.05e+06	0	-0.434862	
377	0.00044486	0.163642	0	-1.05e+06	0	-0.424326	
378	0.000445865	0.164087	0	-1.05e+06	0	-0.413881	
379	0.000446886	0.164533	0	-1.05e+06	0	-0.403529	
380	0.000447917	0.16498	0	-1.05e+06	0	-0.393273	
381	0.000448953	0.165428	0	-1.05e+06	0	-0.383114	
382	0.000449989	0.165876	0	-1.05e+06	0	-0.373057	
383	0.000451021	0.166326	0	-1.05e+06	0	-0.363103	
384	0.000452044	0.166777	0	-1.05e+06	0	-0.353257	
385	0.000453054	0.16723	0	-1.05e+06	0	-0.343521	
386	0.000454049	0.167683	0	-1.05e+06	0	-0.333899	
387	0.000455025	0.168137	0	-1.05e+06	0	-0.324394	
388	0.00045598	0.168592	0	-1.05e+06	0	-0.315011	
389	0.000456912	0.169048	0	-1.05e+06	0	-0.305752	
390	0.000457822	0.169505	0	-1.05e+06	0	-0.296623	
391	0.000458708	0.169962	0	-1.05e+06	0	-0.287626	
392	0.000459572	0.170421	0	-1.05e+06	0	-0.278767	
393	0.000460414	0.170881	0	-1.05e+06	0	-0.270048	
394	0.000461236	0.171341	0	-1.05e+06	0	-0.261474	
395	0.000462041	0.171802	0	-1.05e+06	0	-0.253049	
396	0.000462831	0.172264	0	-1.05e+06	0	-0.244777	
397	0.000463609	0.172727	0	-1.05e+06	0	-0.236661	
398	0.00046438	0.173191	0	-1.05e+06	0	-0.228706	
399	0.000465146	0.173655	0	-1.05e+06	0	-0.220915	
400	0.000465913	0.17412	0	-1.05e+06	0	-0.213291	
401	0.000466683	0.174586	0	-1.05e+06	0	-0.205839	
402	0.000467461	0.175053	0	-1.05e+06	0	-0.198562	
403	0.00046825	0.17552	0	-1.05e+06	0	-0.191462	
404	0.000469054	0.175989	0	-1.05e+06	0	-0.184544	
405	0.000469876	0.176458	0	-1.05e+06	0	-0.17781	
406	0.00047072	0.176928	0	-1.05e+06	0	-0.171263	
407	0.000471588	0.177398	0	-1.05e+06	0	-0.164906	
408	0.000472481	0.17787	0	-1.05e+06	0	-0.158742	
409	0.000473402	0.178342	0	-1.05e+06	0	-0.152773	
410	0.000473952	0.178816	0	-1.05e+06	0	-0.147006	
411	0.000474195	0.17929	0	-1.05e+06	0	-0.141448	
412	0.000474483	0.179764	0	-1.05e+06	0	-0.136099	
413	0.000474824	0.180238	0	-1.05e+06	0	-0.13096	
414	0.000475222	0.180713	0	-1.05e+06	0	-0.126032	
415	0.000475682	0.181188	0	-1.05e+06	0	-0.121315	
416	0.000476208	0.181664	0	-1.05e+06	0	-0.116812	
417	0.000476802	0.18214	0	-1.05e+06	0	-0.112521	
418	0.000477466	0.182617	0	-1.05e+06	0	-0.108445	
419	0.0004782	0.183095	0	-1.05e+06	0	-0.104583	
420	0.000479006	0.183573	0	-1.05e+06	0	-0.100937	
421	0.00047988	0.184052	0	-1.05e+06	0	-0.0975072	
422	0.000480821	0.184532	0	-1.05e+06	0	-0.0942943	
423	0.000481826	0.185012	0	-1.05e+06	0	-0.0912994	
424	0.00048289	0.185494	0	-1.05e+06	0	-0.0885236	
425	0.000484009	0.185977	0	-1.05e+06	0	-0.0859681	
426	0.000485175	0.186461	0	-1.05e+06	0	-0.083634	
427	0.000486048	0.186946	0	-1.05e+06	0	-0.081524	
428	0.00048674	0.187432	0	-1.05e+06	0	-0.0796399	
429	0.000487436	0.187919	0	-1.05e+06	0	-0.0779822	
430	0.000488131	0.188407	0	-1.05e+06	0	-0.076552	
431	0.00048882	0.188895	0	-1.05e+06	0	-0.0753499	
432	0.000489499	0.189384	0	-1.05e+06	0	-0.0743768	
433	0.000490161	0.189873	0	-1.05e+06	0	-0.0736334	
434	0.000490803	0.190363	0	-1.05e+06	0	-0.0731206	
435	0.000491418	0.190854	0	-1.05e+06	0	-0.0728389	
436	0.000492003	0.191345	0	-1.05e+06	0	-0.0727892	
437	0.000492553	0.191837	0	-1.05e+06	0	-0.0729718	
438	0.000493064	0.19233	0	-1.05e+06	0	-0.0733873	
439	0.000493531	0.192823	0	-1.05e+06	0	-0.0740362	
440	0.000493953	0.193317	0	-1.05e+06	0	-0.0749185	
441	0.000494325	0.193811	0	-1.05e+06	0	-0.0760344	
442	0.000494647	0.194305	0	-1.05e+06	0	-0.0773838	
443	0.000494916	0.1948	0	-1.05e+06	0	-0.0789665	
444	0.000495027	0.195294	0	-1.05e+06	0	-0.0807817	
445	0.000495121	0.195789	0	-1.05e+06	0	-0.0828288	
446	0.000495215	0.196285	0	-1.05e+06	0	-0.0851071	
447	0.000495311	0.19678	0	-1.05e+06	0	-0.087616	
448	0.000495406	0.197275	0	-1.05e+06	0	-0.0903546	
449	0.000495423	0.19777	0	-1.05e+06	0	-0.0933215	
450	0.000495336	0.198266	0	-1.05e+06	0	-0.0965149	
451	0.000495208	0.198761	0	-1.05e+06	0	-0.099933	
452	0.000495042	0.199256	0	-1.05e+06	0	-0.103574	
453	0.000494843	0.199752	0	-1.05e+06	0	-0.107436	
454	0.000494616	0.200246	0	-1.05e+06	0	-0.111517	
455	0.000494365	0.200741	0	-1.05e+06	0	-0.115814	
456	0.000494098	0.201235	0	-1.05e+06	0	-0.120325	
457	0.000493818	0.201729	0	-1.05e+06	0	-0.125048	
458	0.000492604	0.202223	0	-1.05e+06	0	-0.129971	
459	0.000490765	0.202716	0	-1.05e+06	0	-0.135083	
460	0.000489033	0.203207	0	-1.05e+06	0	-0.140382	
461	0.000487409	0.203696	0	-1.05e+06	0	-0.145863	
462	0.000485895	0.204183	0	-1.05e+06	0	-0.151525	
463	0.000484491	0.204669	0	-1.05e+06	0	-0.157364	
464	0.000483196	0.205153	0	-1.05e+06	0	-0.163378	
465	0.00048201	0.205637	0	-1.05e+06	0	-0.169565	
466	0.00048093	0.206119	0	-1.05e+06	0	-0.175923	
467	0.000479954	0.2066	0	-1.05e+06	0	-0.18245	
468	0.000479077	0.20708	0	-1.05e+06	0	-0.189143	
469	0.000478295	0.207559	0	-1.05e+06	0	-0.196003	
470	0.000477604	0.208037	0	-1.05e+06	0	-0.203025	
471	0.000476998	0.208515	0	-1.05e+06	0	-0.210211	
472	0.000476471	0.208992	0	-1.05e+06	0	-0.217557	
473	0.000476017	0.209468	0	-1.05e+06	0	-0.225062	
474	0.000475628	0.209944	0	-1.05e+06	0	-0.232726	
475	0.000475297	0.21042	0	-1.05e+06	0	-0.240546	
476	0.000475018	0.210895	0	-1.05e+06	0	-0.248523	
477	0.000474781	0.21137	0	-1.05e+06	0	-0.256653	
478	0.00047458	0.211845	0	-1.05e+06	0	-0.264936	
479	0.000474407	0.212319	0	-1.05e+06	0	-0.273371	
480	0.000474254	0.212794	0	-1.05e+06	0	-0.281955	
481	0.000474114	0.213268	0	-1.05e+06	0	-0.290688	
482	0.00047398	0.213742	0	-1.05e+06	0	-0.299567	
483	0.000473845	0.214216	0	-1.05e+06	0	-0.30859	
484	0.000473702	0.21469	0	-1.05e+06	0	-0.317756	
485	0.000473548	0.215164	0	-1.05e+06	0	-0.327062	
486	0.000473376	0.215637	0	-1.05e+06	0	-0.336506	
487	0.000473184	0.216111	0	-1.05e+06	0	-0.346086	
488	0.000472967	0.216584	0	-1.05e+06	0	-0.355798	
489	0.000472725	0.217057	0	-1.05e+06	0	-0.365641	
490	0.000472304	0.217529	0	-1.05e+06	0	-0.375608	
491	0.000471649	0.218002	0	-1.05e+06	0	-0.385691	
492	0.000470999	0.218473	0	-1.05e+06	0	-0.395889	
493	0.000470355	0.218944	0	-1.05e+06	0	-0.406198	
494	0.000469716	0.219415	0	-1.05e+06	0	-0.416615	
495	0.000469085	0.219884	0	-1.05e+06	0	-0.427138	
496	0.000468462	0.220354	0	-1.05e+06	0	-0.437764	
497	0.000467849	0.220822	0	-1.05e+06	0	-0.44849	
498	0.000467246	0.22129	0	-1.05e+06	0	-0.459313	
499	0.000466656	0.221757	0	-1.05e+06	0	-0.47023	
500	0.00046608	0.222224	0	-1.05e+06	0	-0.481238	
501	0.000465519	0.22269	0	-1.05e+06	0	-0.492334	
502	0.000464975	0.223155	0	-1.05e+06	0	-0.503514	
503	0.000464449	0.22362	0	-1.05e+06	0	-0.514775	
504	0.000463943	0.224085	0	-1.05e+06	0	-0.526115	
505	0.000463458	0.224549	0	-1.05e+06	0	-0.53753	
506	0.000462995	0.225012	0	-1.05e+06	0	-0.549016	
507	0.000462555	0.225475	0	-1.05e+06	0	-0.56057	
508	0.000462138	0.225938	0	-1.05e+06	0	-0.572189	
509	0.000461745	0.2264	0	-1.05e+06	0	-0.583869	
510	0.000461376	0.226862	0	-1.05e+06	0	-0.595608	
511	0.00046103	0.227323	0	-1.05e+06	0	-0.607401	
512	0.000460707	0.227784	0	-1.05e+06	0	-0.619245	
513	0.000460405	0.228245	0	-1.05e+06	0	-0.631137	
514	0.000460124	0.228705	0	-1.05e+06	0	-0.643073	
515	0.000459861	0.229165	0	-1.05e+06	0	-0.655049	
516	0.000459614	0.229625	0	-1.05e+06	0	-0.667063	
517	0.00045938	0.230085	0	-1.05e+06	0	-0.67911	
518	0.000459158	0.230544	0	-1.05e+06	0	-0.691188	
519	0.000458943	0.231003	0	-1.05e+06	0	-0.703291	
520	0.000458731	0.231462	0	-1.05e+06	0	-0.715418	
521	0.000458353	0.231921	0	-1.05e+06	0	-0.727559	
522	0.000456812	0.232379	0	-1.05e+06	0	-0.739681	
523	0.00045532	0.232836	0	-1.05e+06	0	-0.751781	
524	0.000453888	0.233291	0	-1.05e+06	0	-0.763857	
525	0.00045253	0.233745	0	-1.05e+06	0	-0.775909	
526	0.000451257	0.234198	0	-1.05e+06	0	-0.787935	
527	0.000450079	0.234649	0	-1.05e+06	0	-0.799935	
528	0.000449006	0.235099	0	-1.05e+06	0	-0.81191	
529	0.000448044	0.235548	0	-1.05e+06	0	-0.82386	
530	0.0004472	0.235996	0	-1.05e+06	0	-0.835785	
531	0.00044648	0.236443	0	-1.05e+06	0	-0.847687	
532	0.000445887	0.23689	0	-1.05e+06	0	-0.859567	
533	0.000445423	0.237336	0	-1.05e+06	0	-0.871427	
534	0.000445059	0.237781	0	-1.05e+06	0	-0.883267	
535	0.000444046	0.238226	0	-1.05e+06	0	-0.895069	
536	0.000443109	0.23867	0	-1.05e+06	0	-0.906833	
537	0.000442248	0.239113	0	-1.05e+06	0	-0.918559	
538	0.000441461	0.239556	0	-1.05e+06	0	-0.930249	
539	0.000440745	0.239997	0	-1.05e+06	0	-0.941902	
540	0.000440097	0.240438	0	-1.05e+06	0	-0.95352	
541	0.000439516	0.240878	0	-1.05e+06	0	-0.965103	
542	0.000438997	0.241317	0	-1.05e+06	0	-0.976652	
543	0.000438536	0.241756	0	-1.05e+06	0	-0.988167	
544	0.000438131	0.242195	0	-1.05e+06	0	-0.999648	
545	0.000437345	0.242633	0	-1.05e+06	0	-1.01109	
546	0.000435838	0.24307	0	-1.05e+06	0	-1.02246	
547	0.000434408	0.243506	0	-1.05e+06	0	-1.03377	
548	0.000433065	0.243941	0	-1.05e+06	0	-1.04502	
549	0.00043182	0.244374	0	-1.05e+06	0	-1.05621	
550	0.00043068	0.244806	0	-1.05e+06	0	-1.06734	
551	0.000429653	0.245236	0	-1.05e+06	0	-1.07841	
552	0.000428746	0.245666	0	-1.05e+06	0	-1.08944	
553	0.000427964	0.246095	0	-1.05e+06	0	-1.10041	
554	0.000427311	0.246523	0	-1.05e+06	0	-1.11133	
555	0.000426791	0.24695	0	-1.05e+06	0	-1.12221	
556	0.000426406	0.247377	0	-1.05e+06	0	-1.13304	
557	0.000426157	0.247803	0	-1.05e+06	0	-1.14383	
558	0.000426046	0.248229	0	-1.05e+06	0	-1.15458	
559	0.00042607	0.248655	0	-1.05e+06	0	-1.16529	
560	0.000426229	0.249081	0	-1.05e+06	0	-1.17597	
561	0.00042652	0.249508	0	-1.05e+06	0	-1.18661	
562	0.000426939	0.249934	0	-1.05e+06	0	-1.19722	
563	0.000427481	0.250361	0	-1.05e+06	0	-1.2078	
564	0.000428142	0.250789	0	-1.05e+06	0	-1.21834	
565	0.000428914	0.251217	0	-1.05e+06	0	-1.22886	
566	0.000429789	0.251646	0	-1.05e+06	0	-1.23934	
567	0.000429839	0.252075	0	-1.05e+06	0	-1.24977	
568	0.000429816	0.252505	0	-1.05e+06	0	-1.26015	
569	0.000429875	0.252935	0	-1.05e+06	0	-1.27047	
570	0.000430018	0.253365	0	-1.05e+06	0	-1.28073	
571	0.000430245	0.253795	0	-1.05e+06	0	-1.29094	
572	0.000430555	0.254225	0	-1.05e+06	0	-1.30108	
573	0.000430948	0.254656	0	-1.05e+06	0	-1.31117	
574	0.000431103	0.255087	0	-1.05e+06	0	-1.3212	
575	0.00043114	0.255518	0	-1.05e+06	0	-1.33115	
576	0.000431226	0.255949	0	-1.05e+06	0	-1.34103	
577	0.000431363	0.25638	0	-1.05e+06	0	-1.35083	
578	0.000431551	0.256812	0	-1.05e+06	0	-1.36057	
579	0.000431793	0.257243	0	-1.05e+06	0	-1.37022	
580	0.000432089	0.257675	0	-1.05e+06	0	-1.3798	
581	0.000432439	0.258107	0	-1.05e+06	0	-1.38929	
582	0.000432845	0.258539	0	-1.05e+06	0	-1.39871	
583	0.000433304	0.258972	0	-1.05e+06	0	-1.40805	
584	0.000433816	0.259406	0	-1.05e+06	0	-1.4173	
585	0.000434379	0.259839	0	-1.05e+06	0	-1.42647	
586	0.00043499	0.260274	0	-1.05e+06	0	-1.43555	
587	0.000435646	0.260709	0	-1.05e+06	0	-1.44454	
588	0.000436344	0.261144	0	-1.05e+06	0	-1.45345	
589	0.000437077	0.261581	0	-1.05e+06	0	-1.46226	
590	0.00043784	0.262018	0	-1.05e+06	0	-1.47098	
591	0.000438626	0.262456	0	-1.05e+06	0	-1.4796	
592	0.000439429	0.262894	0	-1.05e+06	0	-1.48812	
593	0.000440238	0.263334	0	-1.05e+06	0	-1.49655	
594	0.000439605	0.263774	0	-1.05e+06	0	-1.50484	
595	0.000438888	0.264214	0	-1.05e+06	0	-1.513	
596	0.000438179	0.264652	0	-1.05e+06	0	-1.52103	
597	0.000437479	0.265091	0	-1.05e+06	0	-1.52892	
598	0.000436789	0.265528	0	-1.05e+06	0	-1.53668	
599	0.000435619	0.265965	0	-1.05e+06	0	-1.54429	
600	0.000434372	0.266401	0	-1.05e+06	0	-1.55176	
601	0.000433171	0.266835	0	-1.05e+06	0	-1.55908	
602	0.000432024	0.267268	0	-1.05e+06	0	-1.56626	
603	0.000430936	0.2677	0	-1.05e+06	0	-1.57329	
604	0.000429912	0.268131	0	-1.05e+06	0	-1.58018	
605	0.000428955	0.268561	0	-1.05e+06	0	-1.58692	
606	0.000428068	0.26899	0	-1.05e+06	0	-1.59352	
607	0.00042725	0.269418	0	-1.05e+06	0	-1.59998	
608	0.000426501	0.269845	0	-1.05e+06	0	-1.6063	
609	0.000425819	0.270272	0	-1.05e+06	0	-1.61247	
610	0.000425203	0.270698	0	-1.05e+06	0	-1.61851	
611	0.000424647	0.271123	0	-1.05e+06	0	-1.62441	
612	0.000424149	0.271547	0	-1.05e+06	0	-1.63017	
613	0.000423703	0.271972	0	-1.05e+06	0	-1.63579	
614	0.000423305	0.272395	0	-1.05e+06	0	-1.64127	
615	0.000422949	0.272819	0	-1.05e+06	0	-1.64661	
616	0.00042263	0.273242	0	-1.05e+06	0	-1.65182	
617	0.000422342	0.273664	0	-1.05e+06	0	-1.65688	
618	0.00042208	0.274086	0	-1.05e+06	0	-1.66181	
619	0.000421839	0.274509	0	-1.05e+06	0	-1.6666	
620	0.000421614	0.27493	0	-1.05e+06	0	-1.67125	
621	0.000421401	0.275352	0	-1.05e+06	0	-1.67575	
622	0.000421195	0.275773	0	-1.05e+06	0	-1.68012	
623	0.000420995	0.276195	0	-1.05e+06	0	-1.68435	
624	0.000420797	0.276616	0	-1.05e+06	0	-1.68843	
625	0.000420599	0.277036	0	-1.05e+06	0	-1.69237	
626	0.000420392	0.277457	0	-1.05e+06	0	-1.69617	
627	0.000419757	0.277877	0	-1.05e+06	0	-1.69983	
628	0.000419175	0.278297	0	-1.05e+06	0	-1.70334	
629	0.000418649	0.278716	0	-1.05e+06	0	-1.7067	
630	0.000418181	0.279135	0	-1.05e+06	0	-1.70991	
631	0.000417773	0.279553	0	-1.05e+06	0	-1.71299	
632	0.000417428	0.279971	0	-1.05e+06	0	-1.71591	
633	0.000417145	0.280388	0	-1.05e+06	0	-1.7187	
634	0.000416926	0.280805	0	-1.05e+06	0	-1.72134	
635	0.000416771	0.281222	0	-1.05e+06	0	-1.72383	
636	0.00041668	0.281639	0	-1.05e+06	0	-1.72618	
637	0.000416652	0.282056	0	-1.05e+06	0	-1.72839	
638	0.000416686	0.282473	0	-1.05e+06	0	-1.73045	
639	0.000416781	0.282889	0	-1.05e+06	0	-1.73237	
640	0.000416935	0.283306	0	-1.05e+06	0	-1.73414	
641	0.000417145	0.283723	0	-1.05e+06	0	-1.73577	
642	0.00041741	0.28414	0	-1.05e+06	0	-1.73725	
643	0.000417724	0.284557	0	-1.05e+06	0	-1.73859	
644	0.000418086	0.284975	0	-1.05e+06	0	-1.73977	
645	0.00041849	0.285393	0	-1.05e+06	0	-1.74082	
646	0.000418862	0.285812	0	-1.05e+06	0	-1.74171	
647	0.000419113	0.286231	0	-1.05e+06	0	-1.74245	
648	0.000419407	0.28665	0	-1.05e+06	0	-1.74305	
649	0.000419744	0.287069	0	-1.05e+06	0	-1.7435	
650	0.000420122	0.287489	0	-1.05e+06	0	-1.74379	
651	0.000420538	0.287909	0	-1.05e+06	0	-1.74394	
652	0.000420989	0.28833	0	-1.05e+06	0	-1.74393	
653	0.00042147	0.288751	0	-1.05e+06	0	-1.74378	
654	0.000421977	0.289172	0	-1.05e+06	0	-1.74347	
655	0.000422503	0.289594	0	-1.05e+06	0	-1.74301	
656	0.000423044	0.290017	0	-1.05e+06	0	-1.7424	
657	0.000423591	0.29044	0	-1.05e+06	0	-1.74163	
658	0.000423891	0.290863	0	-1.05e+06	0	-1.74071	
659	0.000423815	0.291287	0	-1.05e+06	0	-1.73964	
660	0.00042375	0.291711	0	-1.05e+06	0	-1.73842	
661	0.000423696	0.292135	0	-1.05e+06	0	-1.73704	
662	0.000423655	0.292558	0	-1.05e+06	0	-1.73552	
663	0.000423248	0.292982	0	-1.05e+06	0	-1.73385	
664	0.000422727	0.293405	0	-1.05e+06	0	-1.73203	
665	0.000422294	0.293828	0	-1.05e+06	0	-1.73007	
666	0.000421957	0.29425	0	-1.05e+06	0	-1.72796	
667	0.000421721	0.294672	0	-1.05e+06	0	-1.72571	
668	0.00042159	0.295094	0	-1.05e+06	0	-1.72331	
669	0.000421566	0.295515	0	-1.05e+06	0	-1.72077	
670	0.000421647	0.295937	0	-1.05e+06	0	-1.71808	
671	0.000421833	0.296359	0	-1.05e+06	0	-1.71526	
672	0.000422117	0.296781	0	-1.05e+06	0	-1.71229	
673	0.000422494	0.297203	0	-1.05e+06	0	-1.70917	
674	0.000422351	0.297625	0	-1.05e+06	0	-1.70592	
675	0.000421744	0.298047	0	-1.05e+06	0	-1.70254	
676	0.000421144	0.298469	0	-1.05e+06	0	-1.69902	
677	0.000420559	0.29889	0	-1.05e+06	0	-1.69538	
678	0.000419993	0.299311	0	-1.05e+06	0	-1.6916	
679	0.000419454	0.299731	0	-1.05e+06	0	-1.6877	
680	0.000418946	0.30015	0	-1.05e+06	0	-1.68368	
681	0.000418474	0.300569	0	-1.05e+06	0	-1.67953	
682	0.00041804	0.300988	0	-1.05e+06	0	-1.67526	
683	0.000417647	0.301406	0	-1.05e+06	0	-1.67087	
684	0.000417297	0.301823	0	-1.05e+06	0	-1.66636	
685	0.000416991	0.302241	0	-1.05e+06	0	-1.66173	
686	0.000416729	0.302658	0	-1.05e+06	0	-1.65699	
687	0.00041651	0.303075	0	-1.05e+06	0	-1.65212	
688	0.000416332	0.303491	0	-1.05e+06	0	-1.64714	
689	0.000416194	0.303907	0	-1.05e+06	0	-1.64205	
690	0.000416094	0.304324	0	-1.05e+06	0	-1.63685	
691	0.000416027	0.30474	0	-1.05e+06	0	-1.63153	
692	0.00041599	0.305156	0	-1.05e+06	0	-1.6261	
693	0.000415703	0.305572	0	-1.05e+06	0	-1.62056	
694	0.000415336	0.305987	0	-1.05e+06	0	-1.61492	
695	0.000415018	0.306403	0	-1.05e+06	0	-1.60917	
696	0.000414752	0.306818	0	-1.05e+06	0	-1.60332	
697	0.000414536	0.307232	0	-1.05e+06	0	-1.59737	
698	0.000414368	0.307647	0	-1.05e+06	0	-1.59131	
699	0.000414248	0.308061	0	-1.05e+06	0	-1.58516	
700	0.000414173	0.308476	0	-1.05e+06	0	-1.5789	
701	0.000414141	0.30889	0	-1.05e+06	0	-1.57254	
702	0.000414149	0.309304	0	-1.05e+06	0	-1.56608	
703	0.000414193	0.309718	0	-1.05e+06	0	-1.55952	
704	0.000414271	0.310132	0	-1.05e+06	0	-1.55286	
705	0.000414379	0.310547	0	-1.05e+06	0	-1.5461	
706	0.000414514	0.310961	0	-1.05e+06	0	-1.53924	
707	0.000414672	0.311375	0	-1.05e+06	0	-1.53229	
708	0.000414851	0.31179	0	-1.05e+06	0	-1.52523	
709	0.000415048	0.312205	0	-1.05e+06	0	-1.51808	
710	0.000415259	0.31262	0	-1.05e+06	0	-1.51083	
711	0.000415484	0.313035	0	-1.05e+06	0	-1.50348	
712	0.000415719	0.313451	0	-1.05e+06	0	-1.49604	
713	0.000415964	0.313866	0	-1.05e+06	0	-1.4885	
714	0.000415902	0.314282	0	-1.05e+06	0	-1.48087	
715	0.000415832	0.314698	0	-1.05e+06	0	-1.47315	
716	0.000415771	0.315114	0	-1.05e+06	0	-1.46534	
717	0.000415724	0.31553	0	-1.05e+06	0	-1.45745	
718	0.000415695	0.315946	0	-1.05e+06	0	-1.44947	
719	0.000415687	0.316361	0	-1.05e+06	0	-1.4414	
720	0.000415704	0.316777	0	-1.05e+06	0	-1.43325	
721	0.00041575	0.317193	0	-1.05e+06	0	-1.42501	
722	0.000415827	0.317609	0	-1.05e+06	0	-1.41669	
723	0.000415938	0.318024	0	-1.05e+06	0	-1.40829	
724	0.000416084	0.31844	0	-1.05e+06	0	-1.3998	
725	0.000416268	0.318856	0	-1.05e+06	0	-1.39123	
726	0.000416491	0.319273	0	-1.05e+06	0	-1.38257	
727	0.000416752	0.319689	0	-1.05e+06	0	-1.37383	
728	0.000417051	0.320106	0	-1.05e+06	0	-1.36501	
729	0.000417389	0.320523	0	-1.05e+06	0	-1.35611	
730	0.000417762	0.32094	0	-1.05e+06	0	-1.34712	
731	0.000418169	0.321358	0	-1.05e+06	0	-1.33805	
732	0.000418608	0.321776	0	-1.05e+06	0	-1.3289	
733	0.000419073	0.322195	0	-1.05e+06	0	-1.31967	
734	0.000419563	0.322614	0	-1.05e+06	0	-1.31036	
735	0.00042007	0.323033	0	-1.05e+06	0	-1.30098	
736	0.000420592	0.323454	0	-1.05e+06	0	-1.29151	
737	0.00042098	0.323874	0	-1.05e+06	0	-1.28197	
738	0.000420788	0.324295	0	-1.05e+06	0	-1.27237	
739	0.000420656	0.324716	0	-1.05e+06	0	-1.26272	
740	0.000420585	0.325137	0	-1.05e+06	0	-1.253	
741	0.000420574	0.325557	0	-1.05e+06	0	-1.24323	
742	0.000420621	0.325978	0	-1.05e+06	0	-1.2334	
743	0.000420725	0.326398	0	-1.05e+06	0	-1.22351	
744	0.000420882	0.326819	0	-1.05e+06	0	-1.21357	
745	0.000421089	0.32724	0	-1.05e+06	0	-1.20357	
746	0.000421342	0.327661	0	-1.05e+06	0	-1.19351	
747	0.000421637	0.328082	0	-1.05e+06	0	-1.1834	
748	0.000421967	0.328504	0	-1.05e+06	0	-1.17324	
749	0.000422086	0.328926	0	-1.05e+06	0	-1.16303	
750	0.00042155	0.329348	0	-1.05e+06	0	-1.15279	
751	0.000421029	0.32977	0	-1.05e+06	0	-1.14252	
752	0.00042053	0.330191	0	-1.05e+06	0	-1.13222	
753	0.000420059	0.330611	0	-1.05e+06	0	-1.1219	
754	0.000419623	0.331031	0	-1.05e+06	0	-1.11155	
755	0.000419225	0.331451	0	-1.05e+06	0	-1.10118	
756	0.00041887	0.33187	0	-1.05e+06	0	-1.09079	
757	0.000418564	0.332289	0	-1.05e+06	0	-1.08037	
758	0.000418309	0.332708	0	-1.05e+06	0	-1.06993	
759	0.000418109	0.333126	0	-1.05e+06	0	-1.05947	
760	0.000417966	0.333544	0	-1.05e+06	0	-1.04899	
761	0.000417882	0.333962	0	-1.05e+06	0	-1.03849	
762	0.00041786	0.33438	0	-1.05e+06	0	-1.02796	
763	0.0004179	0.334798	0	-1.05e+06	0	-1.01742	
764	0.000418002	0.335216	0	-1.05e+06	0	-1.00685	
765	0.000418168	0.335634	0	-1.05e+06	0	-0.996266	
766	0.000418396	0.336052	0	-1.05e+06	0	-0.985658	
767	0.000418686	0.33647	0	-1.05e+06	0	-0.975029	
768	0.000419036	0.336889	0	-1.05e+06	0	-0.964379	
769	0.000419445	0.337308	0	-1.05e+06	0	-0.953709	
770	0.000419834	0.337727	0	-1.05e+06	0	-0.943021	
771	0.000419611	0.338147	0	-1.05e+06	0	-0.932333	
772	0.000419446	0.338567	0	-1.05e+06	0	-0.921644	
773	0.000419344	0.338986	0	-1.05e+06	0	-0.910955	
774	0.000419309	0.339406	0	-1.05e+06	0	-0.900265	
775	0.000419345	0.339825	0	-1.05e+06	0	-0.889576	
776	0.000419454	0.340244	0	-1.05e+06	0	-0.878888	
777	0.000419641	0.340664	0	-1.05e+06	0	-0.868199	
778	0.000419905	0.341083	0	-1.05e+06	0	-0.857511	
779	0.000420249	0.341503	0	-1.05e+06	0	-0.846822	
780	0.000420672	0.341923	0	-1.05e+06	0	-0.836135	
781	0.000421176	0.342344	0	-1.05e+06	0	-0.825447	
782	0.000421758	0.342765	0	-1.05e+06	0	-0.81476	
783	0.000422417	0.343187	0	-1.05e+06	0	-0.804074	
784	0.000423151	0.343609	0	-1.05e+06	0	-0.793389	
785	0.000423957	0.344033	0	-1.05e+06	0	-0.782706	
786	0.000424831	0.344457	0	-1.05e+06	0	-0.772025	
787	0.00042577	0.344881	0	-1.05e+06	0	-0.761348	
788	0.000426768	0.345307	0	-1.05e+06	0	-0.750675	
789	0.000427821	0.345734	0	-1.05e+06	0	-0.740008	
790	0.000428921	0.346162	0	-1.05e+06	0	-0.729347	
791	0.000430062	0.346591	0	-1.05e+06	0	-0.718695	
792	0.000431239	0.347021	0	-1.05e+06	0	-0.708054	
793	0.000432442	0.347452	0	-1.05e+06	0	-0.697425	
794	0.000433266	0.347884	0	-1.05e+06	0	-0.686821	
795	0.000433646	0.348318	0	-1.05e+06	0	-0.676255	
796	0.000434053	0.348751	0	-1.05e+06	0	-0.665728	
797	0.000434483	0.349185	0	-1.05e+06	0	-0.655244	
798	0.000434934	0.34962	0	-1.05e+06	0	-0.644804	
799	0.000435404	0.350055	0	-1.05e+06	0	-0.634411	
800	0.000435891	0.35049	0	-1.05e+06	0	-0.624065	
801	0.000436392	0.350926	0	-1.05e+06	0	-0.613771	
802	0.000436906	0.351362	0	-1.05e+06	0	-0.603529	
803	0.00043743	0.351799	0	-1.05e+06	0	-0.593342	
804	0.000437962	0.352237	0	-1.05e+06	0	-0.583213	
805	0.0004385	0.352675	0	-1.05e+06	0	-0.573143	
806	0.000439043	0.353113	0	-1.05e+06	0	-0.563136	
807	0.00043959	0.353552	0	-1.05e+06	0	-0.553193	
808	0.00044014	0.353992	0	-1.05e+06	0	-0.543317	
809	0.00044069	0.354432	0	-1.05e+06	0	-0.53351	
810	0.000441242	0.354873	0	-1.05e+06	0	-0.523775	
811	0.000441794	0.355314	0	-1.05e+06	0	-0.514115	
812	0.000442346	0.355756	0	-1.05e+06	0	-0.50453	
813	0.000442899	0.356198	0	-1.05e+06	0	-0.495025	
814	0.000443451	0.356641	0	-1.05e+06	0	-0.4856	
815	0.000444005	0.357084	0	-1.05e+06	0	-0.476259	
816	0.000444561	0.357528	0	-1.05e+06	0	-0.467004	
817	0.000445119	0.357973	0	-1.05e+06	0	-0.457836	
818	0.000445679	0.358418	0	-1.05e+06	0	-0.448759	
819	0.000446244	0.358864	0	-1.05e+06	0	-0.439775	
820	0.000446813	0.35931	0	-1.05e+06	0	-0.430885	
821	0.000447389	0.359757	0	-1.05e+06	0	-0.422092	
822	0.000447971	0.360204	0	-1.05e+06	0	-0.413399	
823	0.00044856	0.360652	0	-1.05e+06	0	-0.404807	
824	0.000449157	0.361101	0	-1.05e+06	0	-0.39632	
825	0.000449764	0.36155	0	-1.05e+06	0	-0.387938	
826	0.000450379	0.362	0	-1.05e+06	0	-0.379665	
827	0.000451005	0.36245	0	-1.05e+06	0	-0.371503	
828	0.00045164	0.362901	0	-1.05e+06	0	-0.363455	
829	0.000452285	0.363353	0	-1.05e+06	0	-0.355522	
830	0.000452941	0.363805	0	-1.05e+06	0	-0.347707	
831	0.000453606	0.364258	0	-1.05e+06	0	-0.340013	
832	0.00045428	0.364712	0	-1.05e+06	0	-0.332442	
833	0.000454963	0.365166	0	-1.05e+06	0	-0.324997	
834	0.000455547	0.365621	0	-1.05e+06	0	-0.317682	
835	0.000455882	0.366076	0	-1.05e+06	0	-0.310504	
836	0.000456244	0.366532	0	-1.05e+06	0	-0.303464	
837	0.000456632	0.366988	0	-1.05e+06	0	-0.296565	
838	0.000457044	0.367445	0	-1.05e+06	0	-0.289808	
839	0.000457479	0.367902	0	-1.05e+06	0	-0.283197	
840	0.000457935	0.36836	0	-1.05e+06	0	-0.276732	
841	0.000458411	0.368818	0	-1.05e+06	0	-0.270416	
842	0.000458903	0.369276	0	-1.05e+06	0	-0.264252	
843	0.00045941	0.369735	0	-1.05e+06	0	-0.258241	
844	0.000459929	0.370194	0	-1.05e+06	0	-0.252386	
845	0.000460459	0.370654	0	-1.05e+06	0	-0.246689	
846	0.000460995	0.371115	0	-1.05e+06	0	-0.241151	
847	0.000461538	0.371576	0	-1.05e+06	0	-0.235776	
848	0.00046203	0.372037	0	-1.05e+06	0	-0.230565	
849	0.000462396	0.372499	0	-1.05e+06	0	-0.225522	
850	0.000462766	0.372962	0	-1.05e+06	0	-0.220649	
851	0.000463141	0.373424	0	-1.05e+06	0	-0.215948	
852	0.000463523	0.373888	0	-1.05e+06	0	-0.211419	
853	0.000463913	0.374351	0	-1.05e+06	0	-0.207065	
854	0.000464312	0.374815	0	-1.05e+06	0	-0.202886	
855	0.000464721	0.375279	0	-1.05e+06	0	-0.198884	
856	0.000465143	0.375744	0	-1.05e+06	0	-0.19506	
857	0.000465579	0.376209	0	-1.05e+06	0	-0.191416	
858	0.00046603	0.376675	0	-1.05e+06	0	-0.187951	
859	0.000466498	0.377141	0	-1.05e+06	0	-0.184668	
860	0.000466985	0.377607	0	-1.05e+06	0	-0.181567	
861	0.000467492	0.378074	0	-1.05e+06	0	-0.178648	
862	0.00046802	0.378542	0	-1.05e+06	0	-0.175913	
863	0.000468572	0.37901	0	-1.05e+06	0	-0.173363	
864	0.000469148	0.379478	0	-1.05e+06	0	-0.170997	
865	0.000469749	0.379948	0	-1.05e+06	0	-0.168818	
866	0.000470376	0.380417	0	-1.05e+06	0	-0.166824	
867	0.000471029	0.380888	0	-1.05e+06	0	-0.165018	
868	0.00047171	0.381359	0	-1.05e+06	0	-0.1634	
869	0.000472418	0.38183	0	-1.05e+06	0	-0.161969	
870	0.000473153	0.382303	0	-1.05e+06	0	-0.160728	
871	0.000473915	0.382776	0	-1.05e+06	0	-0.159677	
872	0.000474703	0.38325	0	-1.05e+06	0	-0.158816	
873	0.000475515	0.383725	0	-1.05e+06	0	-0.158146	
874	0.000476351	0.3842	0	-1.05e+06	0	-0.157667	
875	0.000477208	0.384676	0	-1.05e+06	0	-0.157381	
876	0.000478085	0.385154	0	-1.05e+06	0	-0.157288	
877	0.000478942	0.385632	0	-1.05e+06	0	-0.15739	
878	0.000479743	0.386111	0	-1.05e+06	0	-0.157685	
879	0.000480565	0.38659	0	-1.05e+06	0	-0.158176	
880	0.000481407	0.387071	0	-1.05e+06	0	-0.158862	
881	0.000482265	0.387552	0	-1.05e+06	0	-0.159745	
882	0.000483138	0.388035	0	-1.05e+06	0	-0.160824	
883	0.000484021	0.388518	0	-1.05e+06	0	-0.162101	
884	0.000484911	0.389002	0	-1.05e+06	0	-0.163576	
885	0.000485803	0.389487	0	-1.05e+06	0	-0.165249	
886	0.000486693	0.389973	0	-1.05e+06	0	-0.167121	
887	0.000487576	0.390459	0	-1.05e+06	0	-0.169192	
888	0.000488445	0.390947	0	-1.05e+06	0	-0.171463	
889	0.000488862	0.391435	0	-1.05e+06	0	-0.173932	
890	0.000489205	0.391924	0	-1.05e+06	0	-0.176597	
891	0.00048952	0.392413	0	-1.05e+06	0	-0.179458	
892	0.000489805	0.392903	0	-1.05e+06	0	-0.182514	
893	0.00049006	0.393393	0	-1.05e+06	0	-0.185765	
894	0.000490284	0.393883	0	-1.05e+06	0	-0.189209	
895	0.000490477	0.394373	0	-1.05e+06	0	-0.192846	
896	0.000490638	0.394863	0	-1.05e+06	0	-0.196674	
897	0.000490769	0.395354	0	-1.05e+06	0	-0.200692	
898	0.000490869	0.395845	0	-1.05e+06	0	-0.204899	
899	0.000490939	0.396336	0	-1.05e+06	0	-0.209293	
900	0.00049098	0.396827	0	-1.05e+06	0	-0.213872	
901	0.000490995	0.397318	0	-1.05e+06	0	-0.218636	
902	0.000490983	0.397809	0	-1.05e+06	0	-0.223582	
903	0.000490948	0.3983	0	-1.05e+06	0	-0.228708	
904	0.000490891	0.398791	0	-1.05e+06	0	-0.234013	
905	0.000490814	0.399281	0	-1.05e+06	0	-0.239495	
906	0.000490721	0.399772	0	-1.05e+06	0	-0.245152	
907	0.000490614	0.400263	0	-1.05e+06	0	-0.250982	
908	0.000490496	0.400754	0	-1.05e+06	0	-0.256983	
909	0.000490371	0.401244	0	-1.05e+06	0	-0.263152	
910	0.00049024	0.401734	0	-1.05e+06	0	-0.269489	
911	0.000490108	0.402225	0	-1.05e+06	0	-0.275991	
912	0.000489768	0.402715	0	-1.05e+06	0	-0.282652	
913	0.000489263	0.403205	0	-1.05e+06	0	-0.289469	
914	0.000488808	0.403694	0	-1.05e+06	0	-0.296439	
915	0.0004884	0.404183	0	-1.05e+06	0	-0.303562	
916	0.000487437	0.404671	0	-1.05e+06	0	-0.310825	
917	0.000486403	0.405158	0	-1.05e+06	0	-0.318225	
918	0.000485369	0.405645	0	-1.05e+06	0	-0.32576	
919	0.000484337	0.40613	0	-1.05e+06	0	-0.333425	
920	0.00048331	0.406615	0	-1.05e+06	0	-0.341217	
921	0.000482288	0.407098	0	-1.05e+06	0	-0.349135	
922	0.000481275	0.40758	0	-1.05e+06	0	-0.357174	
923	0.000480273	0.408061	0	-1.05e+06	0	-0.365332	
924	0.000479285	0.408542	0	-1.05e+06	0	-0.373606	
925	0.000478313	0.409021	0	-1.05e+06	0	-0.381994	
926	0.00047736	0.409499	0	-1.05e+06	0	-0.390491	
927	0.000476428	0.409977	0	-1.05e+06	0	-0.399097	
928	0.00047552	0.410453	0	-1.05e+06	0	-0.407807	
929	0.00047464	0.410929	0	-1.05e+06	0	-0.416619	
930	0.000473788	0.411403	0	-1.05e+06	0	-0.425531	
931	0.000472967	0.411877	0	-1.05e+06	0	-0.43454	
932	0.00047218	0.41235	0	-1.05e+06	0	-0.443643	
933	0.000471428	0.412822	0	-1.05e+06	0	-0.452838	
934	0.000470712	0.413294	0	-1.05e+06	0	-0.462123	
935	0.000470033	0.413764	0	-1.05e+06	0	-0.471495	
936	0.000469393	0.414234	0	-1.05e+06	0	-0.480952	
937	0.000468792	0.414704	0	-1.05e+06	0	-0.490492	
938	0.00046823	0.415173	0	-1.05e+06	0	-0.500111	
939	0.000467706	0.415641	0	-1.05e+06	0	-0.509809	
940	0.000467221	0.416109	0	-1.05e+06	0	-0.519581	
941	0.000466774	0.416576	0	-1.05e+06	0	-0.529427	
942	0.000466363	0.417043	0	-1.05e+06	0	-0.539344	
943	0.000465987	0.417509	0	-1.05e+06	0	-0.54933	
944	0.000465645	0.417975	0	-1.05e+06	0	-0.559381	
945	0.000465333	0.418441	0	-1.05e+06	0	-0.569497	
946	0.000465051	0.418906	0	-1.05e+06	0	-0.579673	
947	0.000464794	0.419371	0	-1.05e+06	0	-0.589909	
948	0.000464562	0.419836	0	-1.05e+06	0	-0.600202	
949	0.000464263	0.4203	0	-1.05e+06	0	-0.610546	
950	0.000463669	0.420765	0	-1.05e+06	0	-0.620933	
951	0.000463083	0.421228	0	-1.05e+06	0	-0.631359	
952	0.000462506	0.421691	0	-1.05e+06	0	-0.641823	
953	0.000461937	0.422154	0	-1.05e+06	0	-0.65232	
954	0.000461377	0.422616	0	-1.05e+06	0	-0.662848	
955	0.000460825	0.423077	0	-1.05e+06	0	-0.673406	
956	0.000460282	0.423538	0	-1.05e+06	0	-0.683989	
957	0.000459746	0.423998	0	-1.05e+06	0	-0.694596	
958	0.000459219	0.424458	0	-1.05e+06	0	-0.705224	
959	0.000458699	0.424917	0	-1.05e+06	0	-0.71587	
960	0.000458185	0.425376	0	-1.05e+06	0	-0.726533	
961	0.000457529	0.425834	0	-1.05e+06	0	-0.737205	
962	0.000456859	0.426292	0	-1.05e+06	0	-0.747886	
963	0.00045612	0.426748	0	-1.05e+06	0	-0.758569	
964	0.000455284	0.427205	0	-1.05e+06	0	-0.769251	
965	0.000454465	0.42766	0	-1.05e+06	0	-0.779931	
966	0.000453669	0.428114	0	-1.05e+06	0	-0.790605	
967	0.0004529	0.428568	0	-1.05e+06	0	-0.801273	
968	0.000452163	0.429021	0	-1.05e+06	0	-0.811932	
969	0.000451461	0.429473	0	-1.05e+06	0	-0.822583	
970	0.000450799	0.429924	0	-1.05e+06	0	-0.833224	
971	0.000450179	0.430375	0	-1.05e+06	0	-0.843853	
972	0.000449605	0.430825	0	-1.05e+06	0	-0.85447	
973	0.000449078	0.431275	0	-1.05e+06	0	-0.865075	
974	0.0004486	0.431724	0	-1.05e+06	0	-0.875665	
975	0.000448172	0.432173	0	-1.05e+06	0	-0.886242	
976	0.000447794	0.432621	0	-1.05e+06	0	-0.896804	
977	0.000447467	0.433069	0	-1.05e+06	0	-0.90735	
978	0.000447167	0.433516	0	-1.05e+06	0	-0.917879	
979	0.000446746	0.433963	0	-1.05e+06	0	-0.928388	
980	0.00044636	0.43441	0	-1.05e+06	0	-0.938874	
981	0.00044601	0.434856	0	-1.05e+06	0	-0.949337	
982	0.000445698	0.435302	0	-1.05e+06	0	-0.959776	
983	0.000445425	0.435748	0	-1.05e+06	0	-0.970191	
984	0.00044519	0.436194	0	-1.05e+06	0	-0.98058	
985	0.000444995	0.436639	0	-1.05e+06	0	-0.990943	
986	0.00044484	0.437084	0	-1.05e+06	0	-1.00128	
987	0.000444723	0.437529	0	-1.05e+06	0	-1.01159	
988	0.000444646	0.437973	0	-1.05e+06	0	-1.02187	
989	0.000444607	0.438418	0	-1.05e+06	0	-1.03212	
990	0.000444604	0.438863	0	-1.05e+06	0	-1.04234	
991	0.000444478	0.439307	0	-1.05e+06	0	-1.05252	
992	0.000443894	0.439752	0	-1.05e+06	0	-1.06266	
993	0.000443346	0.440196	0	-1.05e+06	0	-1.07275	
994	0.000442838	0.440639	0	-1.05e+06	0	-1.08279	
995	0.00044237	0.441082	0	-1.05e+06	0	-1.09279	
996	0.000441946	0.441524	0	-1.05e+06	0	-1.10273	
997	0.000441565	0.441966	0	-1.05e+06	0	-1.11262	
998	0.000441229	0.442408	0	-1.05e+06	0	-1.12246	
999	0.00044094	0.442849	0	-1.05e+06	0	-1.13225	
1000	0.000440698	0.44329	0	-1.05e+06	0	-1.14199	
