Step	dt	Time	fbody_x	fbody_y	fbody_z	dy_tip	
0	1e-16	0	0	0	0	-3.41733e-07	
1	1e-16	0	0	-1.05e+06	0	-3.41733e-07	
2	0.00018619	1e-16	0	-1.05e+06	0	-3.50084e-05	
3	0.000186093	0.00018619	0	-1.05e+06	0	-0.000104288	
4	0.000185928	0.000372283	0	-1.05e+06	0	-0.000208075	
5	0.000185711	0.000558211	0	-1.05e+06	0	-0.00034623	
6	0.000185452	0.000743922	0	-1.05e+06	0	-0.000518584	
7	0.000185157	0.000929375	0	-1.05e+06	0	-0.000724947	
8	0.00018483	0.00111453	0	-1.05e+06	0	-0.000965108	
9	0.000184476	0.00129936	0	-1.05e+06	0	-0.00123884	
10	0.000184096	0.00148384	0	-1.05e+06	0	-0.0015459	
11	0.000183696	0.00166793	0	-1.05e+06	0	-0.00188604	
12	0.000183277	0.00185163	0	-1.05e+06	0	-0.00225899	
13	0.000182843	0.00203491	0	-1.05e+06	0	-0.00266449	
14	0.000182396	0.00221775	0	-1.05e+06	0	-0.00310226	
15	0.000181939	0.00240014	0	-1.05e+06	0	-0.00357204	
16	0.000181474	0.00258208	0	-1.05e+06	0	-0.00407356	
17	0.000181005	0.00276356	0	-1.05e+06	0	-0.00460654	
18	0.000180532	0.00294456	0	-1.05e+06	0	-0.00517072	
19	0.000180058	0.00312509	0	-1.05e+06	0	-0.00576583	
20	0.000179584	0.00330515	0	-1.05e+06	0	-0.00639164	
21	0.000179112	0.00348473	0	-1.05e+06	0	-0.00704787	
22	0.000178642	0.00366385	0	-1.05e+06	0	-0.0077343	
23	0.000178176	0.00384249	0	-1.05e+06	0	-0.00845069	
24	0.000177714	0.00402066	0	-1.05e+06	0	-0.0091968	
25	0.000177257	0.00419838	0	-1.05e+06	0	-0.00997241	
26	0.000176805	0.00437564	0	-1.05e+06	0	-0.0107773	
27	0.000176358	0.00455244	0	-1.05e+06	0	-0.0116113	
28	0.000175917	0.0047288	0	-1.05e+06	0	-0.0124741	
29	0.000175481	0.00490472	0	-1.05e+06	0	-0.0133656	
30	0.00017505	0.0050802	0	-1.05e+06	0	-0.0142855	
31	0.000174624	0.00525525	0	-1.05e+06	0	-0.0152337	
32	0.000174204	0.00542987	0	-1.05e+06	0	-0.0162099	
33	0.000173787	0.00560408	0	-1.05e+06	0	-0.0172141	
34	0.000173375	0.00577786	0	-1.05e+06	0	-0.0182459	
35	0.000172967	0.00595124	0	-1.05e+06	0	-0.0193051	
36	0.000172563	0.0061242	0	-1.05e+06	0	-0.0203917	
37	0.000172162	0.00629677	0	-1.05e+06	0	-0.0215054	
38	0.000171765	0.00646893	0	-1.05e+06	0	-0.0226461	
39	0.00017137	0.0066407	0	-1.05e+06	0	-0.0238135	
40	0.000170979	0.00681207	0	-1.05e+06	0	-0.0250074	
41	0.000170589	0.00698304	0	-1.05e+06	0	-0.0262277	
42	0.000170202	0.00715363	0	-1.05e+06	0	-0.0274743	
43	0.000169818	0.00732384	0	-1.05e+06	0	-0.0287468	
44	0.000169435	0.00749365	0	-1.05e+06	0	-0.0300452	
45	0.000169054	0.00766309	0	-1.05e+06	0	-0.0313693	
46	0.000168675	0.00783214	0	-1.05e+06	0	-0.0327188	
47	0.000168298	0.00800082	0	-1.05e+06	0	-0.0340937	
48	0.000167923	0.00816912	0	-1.05e+06	0	-0.0354937	
49	0.000167549	0.00833704	0	-1.05e+06	0	-0.0369186	
50	0.000167177	0.00850459	0	-1.05e+06	0	-0.0383683	
51	0.000166807	0.00867177	0	-1.05e+06	0	-0.0398427	
52	0.000166438	0.00883857	0	-1.05e+06	0	-0.0413414	
53	0.000166071	0.00900501	0	-1.05e+06	0	-0.0428645	
54	0.000165706	0.00917108	0	-1.05e+06	0	-0.0444116	
55	0.000165343	0.00933679	0	-1.05e+06	0	-0.0459828	
56	0.000164981	0.00950213	0	-1.05e+06	0	-0.0475776	
57	0.000164621	0.00966711	0	-1.05e+06	0	-0.0491962	
58	0.000164263	0.00983173	0	-1.05e+06	0	-0.0508381	
59	0.000163907	0.009996	0	-1.05e+06	0	-0.0525034	
60	0.000163553	0.0101599	0	-1.05e+06	0	-0.0541918	
61	0.000163201	0.0103235	0	-1.05e+06	0	-0.0559033	
62	0.000162851	0.0104867	0	-1.05e+06	0	-0.0576376	
63	0.000162504	0.0106495	0	-1.05e+06	0	-0.0593946	
64	0.000162158	0.010812	0	-1.05e+06	0	-0.0611741	
65	0.000161815	0.0109742	0	-1.05e+06	0	-0.0629761	
66	0.000161475	0.011136	0	-1.05e+06	0	-0.0648003	
67	0.000161136	0.0112975	0	-1.05e+06	0	-0.0666467	
68	0.000160801	0.0114586	0	-1.05e+06	0	-0.0685151	
69	0.000160468	0.0116194	0	-1.05e+06	0	-0.0704054	
70	0.000160138	0.0117799	0	-1.05e+06	0	-0.0723175	
71	0.00015981	0.01194	0	-1.05e+06	0	-0.0742511	
72	0.000159486	0.0120998	0	-1.05e+06	0	-0.0762063	
73	0.000159165	0.0122593	0	-1.05e+06	0	-0.0781829	
74	0.000158847	0.0124185	0	-1.05e+06	0	-0.0801808	
75	0.000158532	0.0125773	0	-1.05e+06	0	-0.0821998	
76	0.000158222	0.0127358	0	-1.05e+06	0	-0.0842399	
77	0.000157915	0.0128941	0	-1.05e+06	0	-0.086301	
78	0.000157611	0.013052	0	-1.05e+06	0	-0.088383	
79	0.000157313	0.0132096	0	-1.05e+06	0	-0.0904858	
80	0.000157018	0.0133669	0	-1.05e+06	0	-0.0926093	
81	0.000156728	0.0135239	0	-1.05e+06	0	-0.0947535	
82	0.000156444	0.0136807	0	-1.05e+06	0	-0.0969182	
83	0.000156164	0.0138371	0	-1.05e+06	0	-0.0991034	
84	0.00015589	0.0139933	0	-1.05e+06	0	-0.101309	
85	0.000155622	0.0141491	0	-1.05e+06	0	-0.103535	
86	0.00015536	0.0143048	0	-1.05e+06	0	-0.105782	
87	0.000155104	0.0144601	0	-1.05e+06	0	-0.108049	
88	0.000154855	0.0146152	0	-1.05e+06	0	-0.110336	
89	0.000154613	0.0147701	0	-1.05e+06	0	-0.112643	
90	0.000154379	0.0149247	0	-1.05e+06	0	-0.114971	
91	0.000154153	0.0150791	0	-1.05e+06	0	-0.11732	
92	0.000153934	0.0152332	0	-1.05e+06	0	-0.119688	
93	0.000153725	0.0153872	0	-1.05e+06	0	-0.122077	
94	0.000153524	0.0155409	0	-1.05e+06	0	-0.124487	
95	0.000153333	0.0156944	0	-1.05e+06	0	-0.126917	
96	0.000153151	0.0158477	0	-1.05e+06	0	-0.129367	
97	0.00015298	0.0160009	0	-1.05e+06	0	-0.131838	
98	0.000152819	0.0161539	0	-1.05e+06	0	-0.13433	
99	0.000152668	0.0163067	0	-1.05e+06	0	-0.136843	
100	0.000152529	0.0164594	0	-1.05e+06	0	-0.139377	
101	0.000152401	0.0166119	0	-1.05e+06	0	-0.141932	
102	0.000152285	0.0167643	0	-1.05e+06	0	-0.144508	
103	0.000152181	0.0169166	0	-1.05e+06	0	-0.147106	
104	0.000152089	0.0170688	0	-1.05e+06	0	-0.149725	
105	0.00015201	0.0172209	0	-1.05e+06	0	-0.152366	
106	0.000151943	0.0173729	0	-1.05e+06	0	-0.155028	
107	0.000151889	0.0175248	0	-1.05e+06	0	-0.157713	
108	0.000151849	0.0176767	0	-1.05e+06	0	-0.16042	
109	0.000151821	0.0178285	0	-1.05e+06	0	-0.16315	
110	0.000151806	0.0179804	0	-1.05e+06	0	-0.165903	
111	0.000151804	0.0181322	0	-1.05e+06	0	-0.168678	
112	0.000151816	0.018284	0	-1.05e+06	0	-0.171477	
113	0.00015184	0.0184358	0	-1.05e+06	0	-0.1743	
114	0.000151877	0.0185876	0	-1.05e+06	0	-0.177146	
115	0.000151927	0.0187395	0	-1.05e+06	0	-0.180016	
116	0.000151989	0.0188914	0	-1.05e+06	0	-0.18291	
117	0.000152063	0.0190434	0	-1.05e+06	0	-0.185829	
118	0.000152149	0.0191955	0	-1.05e+06	0	-0.188773	
119	0.000152246	0.0193476	0	-1.05e+06	0	-0.191741	
120	0.000152354	0.0194999	0	-1.05e+06	0	-0.194735	
121	0.000152472	0.0196522	0	-1.05e+06	0	-0.197755	
122	0.000152599	0.0198047	0	-1.05e+06	0	-0.2008	
123	0.000152736	0.0199573	0	-1.05e+06	0	-0.203871	
124	0.000152881	0.02011	0	-1.05e+06	0	-0.206969	
125	0.000153033	0.0202629	0	-1.05e+06	0	-0.210093	
126	0.000153192	0.020416	0	-1.05e+06	0	-0.213244	
127	0.000153357	0.0205692	0	-1.05e+06	0	-0.216421	
128	0.000153527	0.0207225	0	-1.05e+06	0	-0.219626	
129	0.000153701	0.020876	0	-1.05e+06	0	-0.222858	
130	0.000153878	0.0210297	0	-1.05e+06	0	-0.226117	
131	0.000154057	0.0211836	0	-1.05e+06	0	-0.229403	
132	0.000154238	0.0213377	0	-1.05e+06	0	-0.232717	
133	0.00015442	0.0214919	0	-1.05e+06	0	-0.236059	
134	0.000154536	0.0216463	0	-1.05e+06	0	-0.239426	
135	0.000154636	0.0218009	0	-1.05e+06	0	-0.24282	
136	0.000154742	0.0219555	0	-1.05e+06	0	-0.24624	
137	0.000154854	0.0221102	0	-1.05e+06	0	-0.249686	
138	0.000154971	0.0222651	0	-1.05e+06	0	-0.253158	
139	0.000155095	0.0224201	0	-1.05e+06	0	-0.256657	
140	0.000155224	0.0225752	0	-1.05e+06	0	-0.260182	
141	0.000155358	0.0227304	0	-1.05e+06	0	-0.263734	
142	0.000155498	0.0228857	0	-1.05e+06	0	-0.267312	
143	0.000155642	0.0230412	0	-1.05e+06	0	-0.270918	
144	0.000155791	0.0231969	0	-1.05e+06	0	-0.274551	
145	0.000155941	0.0233527	0	-1.05e+06	0	-0.278211	
146	0.00015609	0.0235086	0	-1.05e+06	0	-0.281898	
147	0.000156243	0.0236647	0	-1.05e+06	0	-0.285611	
148	0.000156398	0.0238209	0	-1.05e+06	0	-0.289352	
149	0.000156529	0.0239773	0	-1.05e+06	0	-0.29312	
150	0.000156662	0.0241339	0	-1.05e+06	0	-0.296913	
151	0.000156732	0.0242905	0	-1.05e+06	0	-0.300732	
152	0.000156778	0.0244473	0	-1.05e+06	0	-0.304574	
153	0.000156831	0.024604	0	-1.05e+06	0	-0.308441	
154	0.00015689	0.0247609	0	-1.05e+06	0	-0.312331	
155	0.000156956	0.0249178	0	-1.05e+06	0	-0.316246	
156	0.000157029	0.0250747	0	-1.05e+06	0	-0.320185	
157	0.000157111	0.0252318	0	-1.05e+06	0	-0.324148	
158	0.0001572	0.0253889	0	-1.05e+06	0	-0.328134	
159	0.000157297	0.0255461	0	-1.05e+06	0	-0.332145	
160	0.000157401	0.0257034	0	-1.05e+06	0	-0.33618	
161	0.000157514	0.0258608	0	-1.05e+06	0	-0.340238	
162	0.000157633	0.0260183	0	-1.05e+06	0	-0.344321	
163	0.000157759	0.0261759	0	-1.05e+06	0	-0.348427	
164	0.000157891	0.0263337	0	-1.05e+06	0	-0.352557	
165	0.000158029	0.0264916	0	-1.05e+06	0	-0.35671	
166	0.000158172	0.0266496	0	-1.05e+06	0	-0.360886	
167	0.000158318	0.0268078	0	-1.05e+06	0	-0.365086	
168	0.000158468	0.0269661	0	-1.05e+06	0	-0.369308	
169	0.000158619	0.0271245	0	-1.05e+06	0	-0.373552	
170	0.000158758	0.0272832	0	-1.05e+06	0	-0.377819	
171	0.000158833	0.0274419	0	-1.05e+06	0	-0.382104	
172	0.000158911	0.0276008	0	-1.05e+06	0	-0.386409	
173	0.000158988	0.0277597	0	-1.05e+06	0	-0.390733	
174	0.000159066	0.0279187	0	-1.05e+06	0	-0.395074	
175	0.000159148	0.0280777	0	-1.05e+06	0	-0.399434	
176	0.000159234	0.0282369	0	-1.05e+06	0	-0.403811	
177	0.000159326	0.0283961	0	-1.05e+06	0	-0.408206	
178	0.000159421	0.0285554	0	-1.05e+06	0	-0.412617	
179	0.000159521	0.0287149	0	-1.05e+06	0	-0.417044	
180	0.000159602	0.0288744	0	-1.05e+06	0	-0.421487	
181	0.000159673	0.029034	0	-1.05e+06	0	-0.425945	
182	0.000159748	0.0291936	0	-1.05e+06	0	-0.430417	
183	0.000159826	0.0293534	0	-1.05e+06	0	-0.434902	
184	0.000159907	0.0295132	0	-1.05e+06	0	-0.439401	
185	0.000159992	0.0296731	0	-1.05e+06	0	-0.443913	
186	0.00016008	0.0298331	0	-1.05e+06	0	-0.448438	
187	0.000160156	0.0299932	0	-1.05e+06	0	-0.452975	
188	0.00016023	0.0301534	0	-1.05e+06	0	-0.457522	
189	0.000160305	0.0303136	0	-1.05e+06	0	-0.462081	
190	0.000160381	0.0304739	0	-1.05e+06	0	-0.46665	
191	0.000160439	0.0306343	0	-1.05e+06	0	-0.471228	
192	0.000160491	0.0307947	0	-1.05e+06	0	-0.475816	
193	0.000160544	0.0309552	0	-1.05e+06	0	-0.480411	
194	0.000160598	0.0311157	0	-1.05e+06	0	-0.485015	
195	0.000160654	0.0312763	0	-1.05e+06	0	-0.489627	
196	0.000160712	0.031437	0	-1.05e+06	0	-0.494246	
197	0.000160772	0.0315977	0	-1.05e+06	0	-0.498873	
198	0.000160835	0.0317585	0	-1.05e+06	0	-0.503506	
199	0.0001609	0.0319193	0	-1.05e+06	0	-0.508146	
200	0.000160967	0.0320802	0	-1.05e+06	0	-0.512793	
201	0.000161025	0.0322412	0	-1.05e+06	0	-0.517446	
202	0.000161055	0.0324022	0	-1.05e+06	0	-0.522104	
203	0.000161083	0.0325633	0	-1.05e+06	0	-0.526766	
204	0.000161109	0.0327243	0	-1.05e+06	0	-0.531433	
205	0.000161131	0.0328855	0	-1.05e+06	0	-0.536104	
206	0.000161152	0.0330466	0	-1.05e+06	0	-0.540779	
207	0.000161169	0.0332077	0	-1.05e+06	0	-0.545457	
208	0.000161184	0.0333689	0	-1.05e+06	0	-0.55014	
209	0.000161196	0.0335301	0	-1.05e+06	0	-0.554825	
210	0.000161199	0.0336913	0	-1.05e+06	0	-0.559514	
211	0.000161194	0.0338525	0	-1.05e+06	0	-0.564205	
212	0.000161184	0.0340137	0	-1.05e+06	0	-0.568898	
213	0.000161165	0.0341749	0	-1.05e+06	0	-0.573594	
214	0.000161139	0.034336	0	-1.05e+06	0	-0.578292	
215	0.00016111	0.0344972	0	-1.05e+06	0	-0.582992	
216	0.000161078	0.0346583	0	-1.05e+06	0	-0.587693	
217	0.000161044	0.0348194	0	-1.05e+06	0	-0.592396	
218	0.000161007	0.0349804	0	-1.05e+06	0	-0.597101	
219	0.000160968	0.0351414	0	-1.05e+06	0	-0.601807	
220	0.000160926	0.0353024	0	-1.05e+06	0	-0.606515	
221	0.000160883	0.0354633	0	-1.05e+06	0	-0.611225	
222	0.000160837	0.0356242	0	-1.05e+06	0	-0.615936	
223	0.00016079	0.035785	0	-1.05e+06	0	-0.620649	
224	0.000160741	0.0359458	0	-1.05e+06	0	-0.625363	
225	0.000160691	0.0361066	0	-1.05e+06	0	-0.630079	
226	0.00016064	0.0362672	0	-1.05e+06	0	-0.634797	
227	0.000160587	0.0364279	0	-1.05e+06	0	-0.639516	
228	0.000160535	0.0365885	0	-1.05e+06	0	-0.644237	
229	0.000160481	0.036749	0	-1.05e+06	0	-0.64896	
230	0.000160428	0.0369095	0	-1.05e+06	0	-0.653684	
231	0.000160374	0.0370699	0	-1.05e+06	0	-0.658411	
232	0.00016032	0.0372303	0	-1.05e+06	0	-0.663139	
233	0.000160266	0.0373906	0	-1.05e+06	0	-0.66787	
234	0.000160213	0.0375509	0	-1.05e+06	0	-0.672603	
235	0.00016016	0.0377111	0	-1.05e+06	0	-0.677338	
236	0.000160108	0.0378712	0	-1.05e+06	0	-0.682075	
237	0.000160055	0.0380314	0	-1.05e+06	0	-0.686814	
238	0.000160004	0.0381914	0	-1.05e+06	0	-0.691556	
239	0.000159952	0.0383514	0	-1.05e+06	0	-0.6963	
240	0.000159901	0.0385114	0	-1.05e+06	0	-0.701046	
241	0.00015985	0.0386713	0	-1.05e+06	0	-0.705795	
242	0.000159798	0.0388311	0	-1.05e+06	0	-0.710546	
243	0.000159743	0.0389909	0	-1.05e+06	0	-0.715299	
244	0.000159682	0.0391507	0	-1.05e+06	0	-0.720054	
245	0.000159613	0.0393103	0	-1.05e+06	0	-0.724812	
246	0.000159521	0.03947	0	-1.05e+06	0	-0.72957	
247	0.000159415	0.0396295	0	-1.05e+06	0	-0.734329	
248	0.000159308	0.0397889	0	-1.05e+06	0	-0.739089	
249	0.000159201	0.0399482	0	-1.05e+06	0	-0.743849	
250	0.000159093	0.0401074	0	-1.05e+06	0	-0.748609	
251	0.000158978	0.0402665	0	-1.05e+06	0	-0.75337	
252	0.000158865	0.0404255	0	-1.05e+06	0	-0.758131	
253	0.000158748	0.0405843	0	-1.05e+06	0	-0.762891	
254	0.000158635	0.0407431	0	-1.05e+06	0	-0.767652	
255	0.000158525	0.0409017	0	-1.05e+06	0	-0.772412	
256	0.00015842	0.0410602	0	-1.05e+06	0	-0.777173	
257	0.000158319	0.0412187	0	-1.05e+06	0	-0.781933	
258	0.000158222	0.041377	0	-1.05e+06	0	-0.786694	
259	0.00015813	0.0415352	0	-1.05e+06	0	-0.791454	
260	0.000158041	0.0416933	0	-1.05e+06	0	-0.796214	
261	0.000157957	0.0418514	0	-1.05e+06	0	-0.800975	
262	0.000157875	0.0420093	0	-1.05e+06	0	-0.805735	
263	0.000157797	0.0421672	0	-1.05e+06	0	-0.810495	
264	0.000157722	0.042325	0	-1.05e+06	0	-0.815255	
265	0.000157649	0.0424827	0	-1.05e+06	0	-0.820014	
266	0.000157577	0.0426404	0	-1.05e+06	0	-0.824774	
267	0.000157499	0.042798	0	-1.05e+06	0	-0.829532	
268	0.000157413	0.0429555	0	-1.05e+06	0	-0.834289	
269	0.000157319	0.0431129	0	-1.05e+06	0	-0.839045	
270	0.000157224	0.0432702	0	-1.05e+06	0	-0.843799	
271	0.000157111	0.0434274	0	-1.05e+06	0	-0.848551	
272	0.000156982	0.0435845	0	-1.05e+06	0	-0.853299	
273	0.000156839	0.0437415	0	-1.05e+06	0	-0.858044	
274	0.000156698	0.0438983	0	-1.05e+06	0	-0.862785	
275	0.000156562	0.044055	0	-1.05e+06	0	-0.867522	
276	0.00015643	0.0442116	0	-1.05e+06	0	-0.872255	
277	0.000156302	0.044368	0	-1.05e+06	0	-0.876984	
278	0.000156179	0.0445243	0	-1.05e+06	0	-0.88171	
279	0.00015606	0.0446805	0	-1.05e+06	0	-0.886431	
280	0.000155945	0.0448366	0	-1.05e+06	0	-0.891148	
281	0.000155833	0.0449925	0	-1.05e+06	0	-0.895862	
282	0.000155725	0.0451483	0	-1.05e+06	0	-0.900571	
283	0.000155616	0.0453041	0	-1.05e+06	0	-0.905275	
284	0.000155427	0.0454597	0	-1.05e+06	0	-0.909973	
285	0.000155177	0.0456151	0	-1.05e+06	0	-0.914662	
286	0.000154924	0.0457703	0	-1.05e+06	0	-0.919342	
287	0.000154661	0.0459252	0	-1.05e+06	0	-0.924012	
288	0.000154389	0.0460799	0	-1.05e+06	0	-0.928672	
289	0.000154111	0.0462343	0	-1.05e+06	0	-0.933321	
290	0.000153825	0.0463884	0	-1.05e+06	0	-0.93796	
291	0.00015354	0.0465422	0	-1.05e+06	0	-0.942588	
292	0.000153256	0.0466957	0	-1.05e+06	0	-0.947204	
293	0.000152975	0.046849	0	-1.05e+06	0	-0.95181	
294	0.000152698	0.047002	0	-1.05e+06	0	-0.956405	
295	0.000152424	0.0471547	0	-1.05e+06	0	-0.960988	
296	0.000152154	0.0473071	0	-1.05e+06	0	-0.96556	
297	0.000151889	0.0474593	0	-1.05e+06	0	-0.970121	
298	0.000151629	0.0476111	0	-1.05e+06	0	-0.974671	
299	0.000151376	0.0477628	0	-1.05e+06	0	-0.97921	
300	0.000151128	0.0479141	0	-1.05e+06	0	-0.983738	
301	0.000150887	0.0480653	0	-1.05e+06	0	-0.988254	
302	0.000150652	0.0482162	0	-1.05e+06	0	-0.99276	
303	0.000150425	0.0483668	0	-1.05e+06	0	-0.997255	
304	0.000150205	0.0485172	0	-1.05e+06	0	-1.00174	
305	0.000149993	0.0486674	0	-1.05e+06	0	-1.00621	
306	0.000149788	0.0488174	0	-1.05e+06	0	-1.01068	
307	0.000149592	0.0489672	0	-1.05e+06	0	-1.01513	
308	0.000149402	0.0491168	0	-1.05e+06	0	-1.01957	
309	0.000149221	0.0492662	0	-1.05e+06	0	-1.024	
310	0.000149047	0.0494154	0	-1.05e+06	0	-1.02842	
311	0.00014888	0.0495645	0	-1.05e+06	0	-1.03283	
312	0.000148721	0.0497134	0	-1.05e+06	0	-1.03724	
313	0.000148568	0.0498621	0	-1.05e+06	0	-1.04163	
314	0.000148422	0.0500107	0	-1.05e+06	0	-1.04601	
315	0.000148283	0.0501591	0	-1.05e+06	0	-1.05038	
316	0.000148149	0.0503074	0	-1.05e+06	0	-1.05474	
317	0.000148021	0.0504555	0	-1.05e+06	0	-1.0591	
318	0.000147898	0.0506035	0	-1.05e+06	0	-1.06344	
319	0.000147779	0.0507514	0	-1.05e+06	0	-1.06777	
320	0.000147665	0.0508992	0	-1.05e+06	0	-1.07209	
321	0.000147554	0.0510469	0	-1.05e+06	0	-1.07641	
322	0.000147447	0.0511944	0	-1.05e+06	0	-1.08071	
323	0.000147342	0.0513419	0	-1.05e+06	0	-1.085	
324	0.00014724	0.0514892	0	-1.05e+06	0	-1.08929	
325	0.000147139	0.0516365	0	-1.05e+06	0	-1.09356	
326	0.00014704	0.0517836	0	-1.05e+06	0	-1.09783	
327	0.000146942	0.0519306	0	-1.05e+06	0	-1.10208	
328	0.000146844	0.0520776	0	-1.05e+06	0	-1.10633	
329	0.000146746	0.0522244	0	-1.05e+06	0	-1.11056	
330	0.000146649	0.0523712	0	-1.05e+06	0	-1.11478	
331	0.000146551	0.0525178	0	-1.05e+06	0	-1.119	
332	0.000146451	0.0526644	0	-1.05e+06	0	-1.1232	
333	0.00014635	0.0528108	0	-1.05e+06	0	-1.12739	
334	0.000146248	0.0529572	0	-1.05e+06	0	-1.13157	
335	0.000146147	0.0531034	0	-1.05e+06	0	-1.13574	
336	0.000146046	0.0532496	0	-1.05e+06	0	-1.1399	
337	0.000145945	0.0533956	0	-1.05e+06	0	-1.14405	
338	0.000145843	0.0535416	0	-1.05e+06	0	-1.14819	
339	0.000145739	0.0536874	0	-1.05e+06	0	-1.15231	
340	0.000145634	0.0538331	0	-1.05e+06	0	-1.15642	
341	0.00014553	0.0539788	0	-1.05e+06	0	-1.16053	
342	0.000145425	0.0541243	0	-1.05e+06	0	-1.16462	
343	0.000145321	0.0542697	0	-1.05e+06	0	-1.1687	
344	0.000145218	0.054415	0	-1.05e+06	0	-1.17277	
345	0.000145116	0.0545603	0	-1.05e+06	0	-1.17682	
346	0.000145016	0.0547054	0	-1.05e+06	0	-1.18087	
347	0.000144919	0.0548504	0	-1.05e+06	0	-1.1849	
348	0.000144823	0.0549953	0	-1.05e+06	0	-1.18892	
349	0.000144731	0.0551401	0	-1.05e+06	0	-1.19293	
350	0.000144642	0.0552849	0	-1.05e+06	0	-1.19693	
351	0.000144558	0.0554295	0	-1.05e+06	0	-1.20092	
352	0.000144477	0.0555741	0	-1.05e+06	0	-1.20489	
353	0.000144402	0.0557185	0	-1.05e+06	0	-1.20886	
354	0.000144331	0.0558629	0	-1.05e+06	0	-1.21281	
355	0.000144267	0.0560073	0	-1.05e+06	0	-1.21675	
356	0.000144207	0.0561515	0	-1.05e+06	0	-1.22069	
357	0.000144154	0.0562958	0	-1.05e+06	0	-1.22461	
358	0.000144107	0.0564399	0	-1.05e+06	0	-1.22851	
359	0.000144067	0.056584	0	-1.05e+06	0	-1.23241	
360	0.000144032	0.0567281	0	-1.05e+06	0	-1.2363	
361	0.000144005	0.0568721	0	-1.05e+06	0	-1.24018	
362	0.000143983	0.0570161	0	-1.05e+06	0	-1.24405	
363	0.000143968	0.0571601	0	-1.05e+06	0	-1.24791	
364	0.000143959	0.0573041	0	-1.05e+06	0	-1.25175	
365	0.000143956	0.057448	0	-1.05e+06	0	-1.25559	
366	0.000143959	0.057592	0	-1.05e+06	0	-1.25942	
367	0.000143967	0.0577359	0	-1.05e+06	0	-1.26324	
368	0.00014398	0.0578799	0	-1.05e+06	0	-1.26705	
369	0.000143997	0.0580239	0	-1.05e+06	0	-1.27085	
370	0.000144018	0.0581679	0	-1.05e+06	0	-1.27463	
371	0.000144043	0.0583119	0	-1.05e+06	0	-1.27841	
372	0.00014407	0.0584559	0	-1.05e+06	0	-1.28219	
373	0.000144099	0.0586	0	-1.05e+06	0	-1.28595	
374	0.00014413	0.0587441	0	-1.05e+06	0	-1.2897	
375	0.000144162	0.0588882	0	-1.05e+06	0	-1.29344	
376	0.000144195	0.0590324	0	-1.05e+06	0	-1.29717	
377	0.000144227	0.0591766	0	-1.05e+06	0	-1.30089	
378	0.00014425	0.0593208	0	-1.05e+06	0	-1.3046	
379	0.000144257	0.0594651	0	-1.05e+06	0	-1.30831	
380	0.000144257	0.0596093	0	-1.05e+06	0	-1.312	
381	0.000144251	0.0597536	0	-1.05e+06	0	-1.31567	
382	0.000144247	0.0598978	0	-1.05e+06	0	-1.31934	
383	0.000144246	0.0600421	0	-1.05e+06	0	-1.323	
384	0.000144249	0.0601863	0	-1.05e+06	0	-1.32665	
385	0.000144254	0.0603306	0	-1.05e+06	0	-1.33028	
386	0.000144263	0.0604748	0	-1.05e+06	0	-1.3339	
387	0.000144274	0.0606191	0	-1.05e+06	0	-1.33751	
388	0.00014429	0.0607634	0	-1.05e+06	0	-1.34112	
389	0.000144308	0.0609077	0	-1.05e+06	0	-1.3447	
390	0.000144329	0.061052	0	-1.05e+06	0	-1.34828	
391	0.000144354	0.0611963	0	-1.05e+06	0	-1.35185	
392	0.000144374	0.0613407	0	-1.05e+06	0	-1.3554	
393	0.000144386	0.061485	0	-1.05e+06	0	-1.35895	
394	0.000144385	0.0616294	0	-1.05e+06	0	-1.36248	
395	0.000144372	0.0617738	0	-1.05e+06	0	-1.366	
396	0.000144359	0.0619182	0	-1.05e+06	0	-1.3695	
397	0.000144346	0.0620625	0	-1.05e+06	0	-1.37299	
398	0.000144335	0.0622069	0	-1.05e+06	0	-1.37647	
399	0.000144325	0.0623512	0	-1.05e+06	0	-1.37994	
400	0.000144318	0.0624955	0	-1.05e+06	0	-1.38339	
401	0.000144315	0.0626399	0	-1.05e+06	0	-1.38683	
402	0.000144315	0.0627842	0	-1.05e+06	0	-1.39025	
403	0.00014432	0.0629285	0	-1.05e+06	0	-1.39367	
404	0.00014433	0.0630728	0	-1.05e+06	0	-1.39707	
405	0.000144345	0.0632171	0	-1.05e+06	0	-1.40045	
406	0.000144366	0.0633615	0	-1.05e+06	0	-1.40382	
407	0.000144393	0.0635059	0	-1.05e+06	0	-1.40718	
408	0.000144427	0.0636502	0	-1.05e+06	0	-1.41053	
409	0.000144468	0.0637947	0	-1.05e+06	0	-1.41386	
410	0.000144515	0.0639391	0	-1.05e+06	0	-1.41718	
411	0.000144569	0.0640837	0	-1.05e+06	0	-1.42048	
412	0.00014463	0.0642282	0	-1.05e+06	0	-1.42377	
413	0.000144697	0.0643729	0	-1.05e+06	0	-1.42705	
414	0.000144771	0.0645176	0	-1.05e+06	0	-1.43032	
415	0.00014485	0.0646623	0	-1.05e+06	0	-1.43357	
416	0.000144936	0.0648072	0	-1.05e+06	0	-1.43681	
417	0.000145026	0.0649521	0	-1.05e+06	0	-1.44003	
418	0.000145122	0.0650971	0	-1.05e+06	0	-1.44324	
419	0.000145221	0.0652423	0	-1.05e+06	0	-1.44644	
420	0.000145325	0.0653875	0	-1.05e+06	0	-1.44963	
421	0.000145431	0.0655328	0	-1.05e+06	0	-1.4528	
422	0.00014554	0.0656782	0	-1.05e+06	0	-1.45595	
423	0.000145652	0.0658238	0	-1.05e+06	0	-1.4591	
424	0.000145764	0.0659694	0	-1.05e+06	0	-1.46222	
425	0.000145878	0.0661152	0	-1.05e+06	0	-1.46534	
426	0.000145993	0.0662611	0	-1.05e+06	0	-1.46844	
427	0.000146108	0.0664071	0	-1.05e+06	0	-1.47153	
428	0.000146221	0.0665532	0	-1.05e+06	0	-1.4746	
429	0.000146333	0.0666994	0	-1.05e+06	0	-1.47765	
430	0.000146444	0.0668457	0	-1.05e+06	0	-1.48069	
431	0.000146556	0.0669922	0	-1.05e+06	0	-1.48372	
432	0.000146669	0.0671387	0	-1.05e+06	0	-1.48673	
433	0.000146783	0.0672854	0	-1.05e+06	0	-1.48973	
434	0.000146897	0.0674322	0	-1.05e+06	0	-1.49271	
435	0.000147007	0.0675791	0	-1.05e+06	0	-1.49568	
436	0.000147116	0.0677261	0	-1.05e+06	0	-1.49863	
437	0.000147225	0.0678732	0	-1.05e+06	0	-1.50156	
438	0.000147333	0.0680204	0	-1.05e+06	0	-1.50448	
439	0.000147441	0.0681678	0	-1.05e+06	0	-1.50738	
440	0.000147549	0.0683152	0	-1.05e+06	0	-1.51027	
441	0.000147611	0.0684627	0	-1.05e+06	0	-1.51313	
442	0.000147644	0.0686104	0	-1.05e+06	0	-1.51599	
443	0.000147678	0.068758	0	-1.05e+06	0	-1.51882	
444	0.000147699	0.0689057	0	-1.05e+06	0	-1.52163	
445	0.000147696	0.0690534	0	-1.05e+06	0	-1.52443	
446	0.000147693	0.0692011	0	-1.05e+06	0	-1.52721	
447	0.00014769	0.0693488	0	-1.05e+06	0	-1.52997	
448	0.000147688	0.0694965	0	-1.05e+06	0	-1.53271	
449	0.000147686	0.0696441	0	-1.05e+06	0	-1.53543	
450	0.000147684	0.0697918	0	-1.05e+06	0	-1.53814	
451	0.000147684	0.0699395	0	-1.05e+06	0	-1.54082	
452	0.000147684	0.0700872	0	-1.05e+06	0	-1.54349	
453	0.000147685	0.0702349	0	-1.05e+06	0	-1.54614	
454	0.000147687	0.0703826	0	-1.05e+06	0	-1.54877	
455	0.000147689	0.0705303	0	-1.05e+06	0	-1.55138	
456	0.000147692	0.0706779	0	-1.05e+06	0	-1.55397	
457	0.000147697	0.0708256	0	-1.05e+06	0	-1.55655	
458	0.000147702	0.0709733	0	-1.05e+06	0	-1.5591	
459	0.000147707	0.071121	0	-1.05e+06	0	-1.56164	
460	0.000147711	0.0712687	0	-1.05e+06	0	-1.56416	
461	0.000147716	0.0714164	0	-1.05e+06	0	-1.56666	
462	0.000147719	0.0715642	0	-1.05e+06	0	-1.56914	
463	0.000147724	0.0717119	0	-1.05e+06	0	-1.5716	
464	0.00014773	0.0718596	0	-1.05e+06	0	-1.57405	
465	0.000147738	0.0720073	0	-1.05e+06	0	-1.57648	
466	0.000147747	0.0721551	0	-1.05e+06	0	-1.57888	
467	0.000147758	0.0723028	0	-1.05e+06	0	-1.58127	
468	0.000147771	0.0724506	0	-1.05e+06	0	-1.58365	
469	0.000147786	0.0725984	0	-1.05e+06	0	-1.586	
470	0.000147802	0.0727461	0	-1.05e+06	0	-1.58834	
471	0.000147819	0.0728939	0	-1.05e+06	0	-1.59066	
472	0.000147838	0.0730418	0	-1.05e+06	0	-1.59296	
473	0.000147858	0.0731896	0	-1.05e+06	0	-1.59524	
474	0.000147876	0.0733375	0	-1.05e+06	0	-1.5975	
475	0.000147893	0.0734853	0	-1.05e+06	0	-1.59975	
476	0.00014791	0.0736332	0	-1.05e+06	0	-1.60198	
477	0.000147927	0.0737811	0	-1.05e+06	0	-1.60419	
478	0.000147946	0.0739291	0	-1.05e+06	0	-1.60638	
479	0.000147964	0.074077	0	-1.05e+06	0	-1.60856	
480	0.000147895	0.074225	0	-1.05e+06	0	-1.61072	
481	0.000147783	0.0743729	0	-1.05e+06	0	-1.61285	
482	0.000147674	0.0745206	0	-1.05e+06	0	-1.61497	
483	0.000147568	0.0746683	0	-1.05e+06	0	-1.61707	
484	0.000147466	0.0748159	0	-1.05e+06	0	-1.61915	
485	0.000147368	0.0749634	0	-1.05e+06	0	-1.62121	
486	0.000147274	0.0751107	0	-1.05e+06	0	-1.62325	
487	0.000147186	0.075258	0	-1.05e+06	0	-1.62527	
488	0.000147102	0.0754052	0	-1.05e+06	0	-1.62728	
489	0.000147024	0.0755523	0	-1.05e+06	0	-1.62926	
490	0.00014695	0.0756993	0	-1.05e+06	0	-1.63123	
491	0.00014688	0.0758463	0	-1.05e+06	0	-1.63318	
492	0.000146815	0.0759931	0	-1.05e+06	0	-1.63511	
493	0.000146754	0.07614	0	-1.05e+06	0	-1.63702	
494	0.000146697	0.0762867	0	-1.05e+06	0	-1.63891	
495	0.000146643	0.0764334	0	-1.05e+06	0	-1.64079	
496	0.000146592	0.07658	0	-1.05e+06	0	-1.64265	
497	0.000146544	0.0767266	0	-1.05e+06	0	-1.64449	
498	0.000146498	0.0768732	0	-1.05e+06	0	-1.64631	
499	0.000146454	0.0770197	0	-1.05e+06	0	-1.64812	
500	0.000146411	0.0771661	0	-1.05e+06	0	-1.64991	
501	0.00014637	0.0773125	0	-1.05e+06	0	-1.65168	
502	0.000146329	0.0774589	0	-1.05e+06	0	-1.65343	
503	0.000146288	0.0776052	0	-1.05e+06	0	-1.65517	
504	0.000146248	0.0777515	0	-1.05e+06	0	-1.65688	
505	0.000146208	0.0778978	0	-1.05e+06	0	-1.65858	
506	0.000146168	0.078044	0	-1.05e+06	0	-1.66027	
507	0.000146128	0.0781902	0	-1.05e+06	0	-1.66193	
508	0.000146088	0.0783363	0	-1.05e+06	0	-1.66358	
509	0.000146047	0.0784824	0	-1.05e+06	0	-1.66521	
510	0.000146007	0.0786284	0	-1.05e+06	0	-1.66682	
511	0.000145966	0.0787744	0	-1.05e+06	0	-1.66842	
512	0.000145925	0.0789204	0	-1.05e+06	0	-1.67	
513	0.000145885	0.0790663	0	-1.05e+06	0	-1.67156	
514	0.000145844	0.0792122	0	-1.05e+06	0	-1.6731	
515	0.000145804	0.0793581	0	-1.05e+06	0	-1.67463	
516	0.000145765	0.0795039	0	-1.05e+06	0	-1.67614	
517	0.000145727	0.0796496	0	-1.05e+06	0	-1.67763	
518	0.00014569	0.0797953	0	-1.05e+06	0	-1.6791	
519	0.000145654	0.079941	0	-1.05e+06	0	-1.68056	
520	0.00014562	0.0800867	0	-1.05e+06	0	-1.682	
521	0.000145588	0.0802323	0	-1.05e+06	0	-1.68342	
522	0.000145557	0.0803779	0	-1.05e+06	0	-1.68482	
523	0.000145529	0.0805235	0	-1.05e+06	0	-1.68621	
524	0.000145502	0.080669	0	-1.05e+06	0	-1.68758	
525	0.000145479	0.0808145	0	-1.05e+06	0	-1.68894	
526	0.000145458	0.08096	0	-1.05e+06	0	-1.69027	
527	0.000145439	0.0811054	0	-1.05e+06	0	-1.69159	
528	0.000145424	0.0812509	0	-1.05e+06	0	-1.6929	
529	0.000145411	0.0813963	0	-1.05e+06	0	-1.69418	
530	0.000145401	0.0815417	0	-1.05e+06	0	-1.69545	
531	0.000145395	0.0816871	0	-1.05e+06	0	-1.6967	
532	0.000145391	0.0818325	0	-1.05e+06	0	-1.69794	
533	0.000145391	0.0819779	0	-1.05e+06	0	-1.69915	
534	0.000145394	0.0821233	0	-1.05e+06	0	-1.70036	
535	0.000145399	0.0822687	0	-1.05e+06	0	-1.70154	
536	0.000145408	0.0824141	0	-1.05e+06	0	-1.70271	
537	0.00014542	0.0825595	0	-1.05e+06	0	-1.70386	
538	0.000145435	0.0827049	0	-1.05e+06	0	-1.70499	
539	0.000145453	0.0828503	0	-1.05e+06	0	-1.70611	
540	0.000145473	0.0829958	0	-1.05e+06	0	-1.70721	
541	0.000145496	0.0831413	0	-1.05e+06	0	-1.70829	
542	0.000145522	0.0832868	0	-1.05e+06	0	-1.70936	
543	0.000145551	0.0834323	0	-1.05e+06	0	-1.71041	
544	0.000145581	0.0835778	0	-1.05e+06	0	-1.71144	
545	0.000145614	0.0837234	0	-1.05e+06	0	-1.71246	
546	0.000145649	0.083869	0	-1.05e+06	0	-1.71346	
547	0.000145685	0.0840147	0	-1.05e+06	0	-1.71444	
548	0.000145724	0.0841604	0	-1.05e+06	0	-1.71541	
549	0.000145763	0.0843061	0	-1.05e+06	0	-1.71636	
550	0.000145804	0.0844518	0	-1.05e+06	0	-1.71729	
551	0.000145846	0.0845976	0	-1.05e+06	0	-1.71821	
552	0.000145889	0.0847435	0	-1.05e+06	0	-1.71911	
553	0.000145933	0.0848894	0	-1.05e+06	0	-1.71999	
554	0.000145977	0.0850353	0	-1.05e+06	0	-1.72086	
555	0.000146017	0.0851813	0	-1.05e+06	0	-1.7217	
556	0.000146056	0.0853273	0	-1.05e+06	0	-1.72254	
557	0.000146092	0.0854734	0	-1.05e+06	0	-1.72335	
558	0.000146127	0.0856195	0	-1.05e+06	0	-1.72415	
559	0.00014616	0.0857656	0	-1.05e+06	0	-1.72493	
560	0.000146188	0.0859117	0	-1.05e+06	0	-1.7257	
561	0.000146213	0.0860579	0	-1.05e+06	0	-1.72645	
562	0.00014624	0.0862041	0	-1.05e+06	0	-1.72718	
563	0.000146268	0.0863504	0	-1.05e+06	0	-1.72789	
564	0.000146297	0.0864967	0	-1.05e+06	0	-1.72859	
565	0.000146328	0.086643	0	-1.05e+06	0	-1.72927	
566	0.00014636	0.0867893	0	-1.05e+06	0	-1.72994	
567	0.000146393	0.0869356	0	-1.05e+06	0	-1.73058	
568	0.000146428	0.087082	0	-1.05e+06	0	-1.73121	
569	0.000146464	0.0872285	0	-1.05e+06	0	-1.73183	
570	0.000146501	0.0873749	0	-1.05e+06	0	-1.73242	
571	0.000146539	0.0875214	0	-1.05e+06	0	-1.733	
572	0.000146579	0.087668	0	-1.05e+06	0	-1.73356	
573	0.000146617	0.0878145	0	-1.05e+06	0	-1.73411	
574	0.000146649	0.0879612	0	-1.05e+06	0	-1.73464	
575	0.000146681	0.0881078	0	-1.05e+06	0	-1.73515	
576	0.000146702	0.0882545	0	-1.05e+06	0	-1.73564	
577	0.000146718	0.0884012	0	-1.05e+06	0	-1.73612	
578	0.000146732	0.0885479	0	-1.05e+06	0	-1.73658	
579	0.000146746	0.0886946	0	-1.05e+06	0	-1.73702	
580	0.000146759	0.0888414	0	-1.05e+06	0	-1.73745	
581	0.000146771	0.0889881	0	-1.05e+06	0	-1.73785	
582	0.000146783	0.0891349	0	-1.05e+06	0	-1.73824	
583	0.000146794	0.0892817	0	-1.05e+06	0	-1.73862	
584	0.000146805	0.0894285	0	-1.05e+06	0	-1.73897	
585	0.000146816	0.0895753	0	-1.05e+06	0	-1.73931	
586	0.000146827	0.0897221	0	-1.05e+06	0	-1.73963	
587	0.000146839	0.0898689	0	-1.05e+06	0	-1.73994	
588	0.00014685	0.0900158	0	-1.05e+06	0	-1.74022	
589	0.000146863	0.0901626	0	-1.05e+06	0	-1.74049	
590	0.000146875	0.0903095	0	-1.05e+06	0	-1.74074	
591	0.000146888	0.0904564	0	-1.05e+06	0	-1.74098	
592	0.000146902	0.0906033	0	-1.05e+06	0	-1.74119	
593	0.000146916	0.0907502	0	-1.05e+06	0	-1.74139	
594	0.000146931	0.0908971	0	-1.05e+06	0	-1.74157	
595	0.000146947	0.091044	0	-1.05e+06	0	-1.74173	
596	0.000146963	0.091191	0	-1.05e+06	0	-1.74188	
597	0.000146979	0.0913379	0	-1.05e+06	0	-1.74201	
598	0.000146996	0.0914849	0	-1.05e+06	0	-1.74212	
599	0.000147013	0.0916319	0	-1.05e+06	0	-1.74221	
600	0.000147031	0.0917789	0	-1.05e+06	0	-1.74228	
601	0.000147049	0.0919259	0	-1.05e+06	0	-1.74234	
602	0.000147067	0.092073	0	-1.05e+06	0	-1.74237	
603	0.000147085	0.0922201	0	-1.05e+06	0	-1.74239	
604	0.000147103	0.0923671	0	-1.05e+06	0	-1.74239	
605	0.00014712	0.0925142	0	-1.05e+06	0	-1.74238	
606	0.000147138	0.0926614	0	-1.05e+06	0	-1.74234	
607	0.000147155	0.0928085	0	-1.05e+06	0	-1.74229	
608	0.000147171	0.0929557	0	-1.05e+06	0	-1.74221	
609	0.000147187	0.0931028	0	-1.05e+06	0	-1.74212	
610	0.000147202	0.09325	0	-1.05e+06	0	-1.74201	
611	0.000147217	0.0933972	0	-1.05e+06	0	-1.74188	
612	0.00014723	0.0935444	0	-1.05e+06	0	-1.74173	
613	0.000147243	0.0936917	0	-1.05e+06	0	-1.74157	
614	0.000147256	0.0938389	0	-1.05e+06	0	-1.74138	
615	0.000147267	0.0939862	0	-1.05e+06	0	-1.74118	
616	0.000147277	0.0941334	0	-1.05e+06	0	-1.74095	
617	0.000147287	0.0942807	0	-1.05e+06	0	-1.74071	
618	0.000147296	0.094428	0	-1.05e+06	0	-1.74045	
619	0.000147304	0.0945753	0	-1.05e+06	0	-1.74017	
620	0.000147311	0.0947226	0	-1.05e+06	0	-1.73987	
621	0.000147317	0.0948699	0	-1.05e+06	0	-1.73955	
622	0.000147322	0.0950172	0	-1.05e+06	0	-1.73921	
623	0.000147327	0.0951645	0	-1.05e+06	0	-1.73885	
624	0.000147331	0.0953119	0	-1.05e+06	0	-1.73847	
625	0.000147334	0.0954592	0	-1.05e+06	0	-1.73807	
626	0.000147336	0.0956065	0	-1.05e+06	0	-1.73766	
627	0.000147337	0.0957539	0	-1.05e+06	0	-1.73722	
628	0.000147336	0.0959012	0	-1.05e+06	0	-1.73676	
629	0.000147335	0.0960485	0	-1.05e+06	0	-1.73628	
630	0.000147332	0.0961959	0	-1.05e+06	0	-1.73579	
631	0.000147328	0.0963432	0	-1.05e+06	0	-1.73527	
632	0.000147322	0.0964905	0	-1.05e+06	0	-1.73473	
633	0.000147279	0.0966379	0	-1.05e+06	0	-1.73417	
634	0.000147215	0.0967851	0	-1.05e+06	0	-1.73359	
635	0.000147151	0.0969324	0	-1.05e+06	0	-1.733	
636	0.000147086	0.0970795	0	-1.05e+06	0	-1.73238	
637	0.000147021	0.0972266	0	-1.05e+06	0	-1.73174	
638	0.000146957	0.0973736	0	-1.05e+06	0	-1.73108	
639	0.000146893	0.0975206	0	-1.05e+06	0	-1.73041	
640	0.000146829	0.0976675	0	-1.05e+06	0	-1.72971	
641	0.000146766	0.0978143	0	-1.05e+06	0	-1.72899	
642	0.000146704	0.0979611	0	-1.05e+06	0	-1.72825	
643	0.000146643	0.0981078	0	-1.05e+06	0	-1.72749	
644	0.000146581	0.0982544	0	-1.05e+06	0	-1.72671	
645	0.000146518	0.098401	0	-1.05e+06	0	-1.72591	
646	0.000146453	0.0985475	0	-1.05e+06	0	-1.72509	
647	0.000146386	0.098694	0	-1.05e+06	0	-1.72425	
648	0.000146318	0.0988403	0	-1.05e+06	0	-1.72339	
649	0.000146252	0.0989867	0	-1.05e+06	0	-1.72251	
650	0.000146186	0.0991329	0	-1.05e+06	0	-1.72161	
651	0.000146122	0.0992791	0	-1.05e+06	0	-1.72069	
652	0.000146056	0.0994252	0	-1.05e+06	0	-1.71975	
653	0.000145986	0.0995713	0	-1.05e+06	0	-1.71879	
654	0.00014591	0.0997173	0	-1.05e+06	0	-1.71781	
655	0.000145833	0.0998632	0	-1.05e+06	0	-1.71681	
656	0.000145756	0.100009	0	-1.05e+06	0	-1.71578	
657	0.00014568	0.100155	0	-1.05e+06	0	-1.71474	
658	0.000145602	0.1003	0	-1.05e+06	0	-1.71368	
659	0.000145517	0.100446	0	-1.05e+06	0	-1.7126	
660	0.000145423	0.100592	0	-1.05e+06	0	-1.7115	
661	0.00014532	0.100737	0	-1.05e+06	0	-1.71037	
662	0.000145202	0.100882	0	-1.05e+06	0	-1.70923	
663	0.000145071	0.101028	0	-1.05e+06	0	-1.70807	
664	0.000144938	0.101173	0	-1.05e+06	0	-1.70689	
665	0.000144806	0.101318	0	-1.05e+06	0	-1.70569	
666	0.000144674	0.101462	0	-1.05e+06	0	-1.70447	
667	0.000144545	0.101607	0	-1.05e+06	0	-1.70323	
668	0.000144417	0.101752	0	-1.05e+06	0	-1.70197	
669	0.000144292	0.101896	0	-1.05e+06	0	-1.7007	
670	0.00014417	0.10204	0	-1.05e+06	0	-1.6994	
671	0.000144051	0.102184	0	-1.05e+06	0	-1.69809	
672	0.000143937	0.102328	0	-1.05e+06	0	-1.69675	
673	0.000143826	0.102472	0	-1.05e+06	0	-1.6954	
674	0.00014372	0.102616	0	-1.05e+06	0	-1.69403	
675	0.000143618	0.10276	0	-1.05e+06	0	-1.69264	
676	0.000143521	0.102904	0	-1.05e+06	0	-1.69122	
677	0.000143429	0.103047	0	-1.05e+06	0	-1.6898	
678	0.000143342	0.103191	0	-1.05e+06	0	-1.68835	
679	0.00014326	0.103334	0	-1.05e+06	0	-1.68688	
680	0.000143182	0.103477	0	-1.05e+06	0	-1.68539	
681	0.00014311	0.10362	0	-1.05e+06	0	-1.68389	
682	0.000143042	0.103763	0	-1.05e+06	0	-1.68236	
683	0.000142979	0.103906	0	-1.05e+06	0	-1.68082	
684	0.00014292	0.104049	0	-1.05e+06	0	-1.67926	
685	0.000142866	0.104192	0	-1.05e+06	0	-1.67768	
686	0.000142815	0.104335	0	-1.05e+06	0	-1.67608	
687	0.000142768	0.104478	0	-1.05e+06	0	-1.67446	
688	0.000142724	0.104621	0	-1.05e+06	0	-1.67282	
689	0.000142684	0.104764	0	-1.05e+06	0	-1.67116	
690	0.000142646	0.104906	0	-1.05e+06	0	-1.66949	
691	0.000142611	0.105049	0	-1.05e+06	0	-1.66779	
692	0.000142578	0.105191	0	-1.05e+06	0	-1.66608	
693	0.000142547	0.105334	0	-1.05e+06	0	-1.66435	
694	0.000142518	0.105477	0	-1.05e+06	0	-1.6626	
695	0.00014249	0.105619	0	-1.05e+06	0	-1.66083	
696	0.000142464	0.105762	0	-1.05e+06	0	-1.65904	
697	0.000142438	0.105904	0	-1.05e+06	0	-1.65723	
698	0.000142414	0.106046	0	-1.05e+06	0	-1.6554	
699	0.00014239	0.106189	0	-1.05e+06	0	-1.65356	
700	0.000142367	0.106331	0	-1.05e+06	0	-1.65169	
701	0.000142344	0.106474	0	-1.05e+06	0	-1.64981	
702	0.000142322	0.106616	0	-1.05e+06	0	-1.64791	
703	0.0001423	0.106758	0	-1.05e+06	0	-1.64599	
704	0.000142278	0.106901	0	-1.05e+06	0	-1.64405	
705	0.000142257	0.107043	0	-1.05e+06	0	-1.6421	
706	0.000142237	0.107185	0	-1.05e+06	0	-1.64012	
707	0.000142217	0.107327	0	-1.05e+06	0	-1.63813	
708	0.000142198	0.10747	0	-1.05e+06	0	-1.63612	
709	0.00014218	0.107612	0	-1.05e+06	0	-1.63409	
710	0.000142163	0.107754	0	-1.05e+06	0	-1.63204	
711	0.000142147	0.107896	0	-1.05e+06	0	-1.62998	
712	0.000142133	0.108038	0	-1.05e+06	0	-1.62789	
713	0.00014212	0.10818	0	-1.05e+06	0	-1.62579	
714	0.000142109	0.108323	0	-1.05e+06	0	-1.62367	
715	0.000142101	0.108465	0	-1.05e+06	0	-1.62153	
716	0.000142094	0.108607	0	-1.05e+06	0	-1.61937	
717	0.00014209	0.108749	0	-1.05e+06	0	-1.6172	
718	0.000142089	0.108891	0	-1.05e+06	0	-1.61501	
719	0.000142091	0.109033	0	-1.05e+06	0	-1.61279	
720	0.000142096	0.109175	0	-1.05e+06	0	-1.61057	
721	0.000142104	0.109317	0	-1.05e+06	0	-1.60832	
722	0.000142116	0.109459	0	-1.05e+06	0	-1.60605	
723	0.000142131	0.109601	0	-1.05e+06	0	-1.60377	
724	0.00014215	0.109744	0	-1.05e+06	0	-1.60147	
725	0.000142172	0.109886	0	-1.05e+06	0	-1.59915	
726	0.000142199	0.110028	0	-1.05e+06	0	-1.59681	
727	0.000142229	0.11017	0	-1.05e+06	0	-1.59445	
728	0.000142263	0.110312	0	-1.05e+06	0	-1.59207	
729	0.000142301	0.110455	0	-1.05e+06	0	-1.58968	
730	0.000142343	0.110597	0	-1.05e+06	0	-1.58727	
731	0.000142388	0.110739	0	-1.05e+06	0	-1.58484	
732	0.000142437	0.110882	0	-1.05e+06	0	-1.58239	
733	0.000142489	0.111024	0	-1.05e+06	0	-1.57992	
734	0.000142545	0.111167	0	-1.05e+06	0	-1.57744	
735	0.000142603	0.111309	0	-1.05e+06	0	-1.57493	
736	0.000142665	0.111452	0	-1.05e+06	0	-1.57241	
737	0.000142728	0.111594	0	-1.05e+06	0	-1.56987	
738	0.000142794	0.111737	0	-1.05e+06	0	-1.56731	
739	0.000142862	0.11188	0	-1.05e+06	0	-1.56473	
740	0.000142932	0.112023	0	-1.05e+06	0	-1.56213	
741	0.000143003	0.112166	0	-1.05e+06	0	-1.55951	
742	0.000143076	0.112309	0	-1.05e+06	0	-1.55688	
743	0.000143149	0.112452	0	-1.05e+06	0	-1.55423	
744	0.000143222	0.112595	0	-1.05e+06	0	-1.55155	
745	0.000143296	0.112738	0	-1.05e+06	0	-1.54886	
746	0.00014337	0.112881	0	-1.05e+06	0	-1.54615	
747	0.000143443	0.113025	0	-1.05e+06	0	-1.54343	
748	0.000143516	0.113168	0	-1.05e+06	0	-1.54068	
749	0.000143587	0.113312	0	-1.05e+06	0	-1.53792	
750	0.000143652	0.113455	0	-1.05e+06	0	-1.53513	
751	0.000143717	0.113599	0	-1.05e+06	0	-1.53233	
752	0.000143777	0.113743	0	-1.05e+06	0	-1.52952	
753	0.000143837	0.113886	0	-1.05e+06	0	-1.52668	
754	0.000143898	0.11403	0	-1.05e+06	0	-1.52382	
755	0.00014396	0.114174	0	-1.05e+06	0	-1.52095	
756	0.000144023	0.114318	0	-1.05e+06	0	-1.51806	
757	0.000144088	0.114462	0	-1.05e+06	0	-1.51515	
758	0.000144153	0.114606	0	-1.05e+06	0	-1.51223	
759	0.000144219	0.11475	0	-1.05e+06	0	-1.50928	
760	0.000144282	0.114895	0	-1.05e+06	0	-1.50632	
761	0.000144343	0.115039	0	-1.05e+06	0	-1.50334	
762	0.0001444	0.115183	0	-1.05e+06	0	-1.50034	
763	0.000144453	0.115328	0	-1.05e+06	0	-1.49733	
764	0.000144506	0.115472	0	-1.05e+06	0	-1.4943	
765	0.000144558	0.115617	0	-1.05e+06	0	-1.49125	
766	0.000144611	0.115761	0	-1.05e+06	0	-1.48818	
767	0.000144663	0.115906	0	-1.05e+06	0	-1.4851	
768	0.000144716	0.11605	0	-1.05e+06	0	-1.48199	
769	0.00014477	0.116195	0	-1.05e+06	0	-1.47888	
770	0.000144824	0.11634	0	-1.05e+06	0	-1.47574	
771	0.00014488	0.116485	0	-1.05e+06	0	-1.47259	
772	0.000144937	0.11663	0	-1.05e+06	0	-1.46942	
773	0.000144996	0.116775	0	-1.05e+06	0	-1.46623	
774	0.000145057	0.11692	0	-1.05e+06	0	-1.46303	
775	0.00014512	0.117065	0	-1.05e+06	0	-1.45981	
776	0.000145185	0.11721	0	-1.05e+06	0	-1.45658	
777	0.000145253	0.117355	0	-1.05e+06	0	-1.45332	
778	0.000145324	0.1175	0	-1.05e+06	0	-1.45005	
779	0.000145398	0.117646	0	-1.05e+06	0	-1.44676	
780	0.000145474	0.117791	0	-1.05e+06	0	-1.44346	
781	0.000145554	0.117936	0	-1.05e+06	0	-1.44014	
782	0.000145637	0.118082	0	-1.05e+06	0	-1.4368	
783	0.000145724	0.118228	0	-1.05e+06	0	-1.43345	
784	0.000145814	0.118373	0	-1.05e+06	0	-1.43008	
785	0.000145907	0.118519	0	-1.05e+06	0	-1.42669	
786	0.000146004	0.118665	0	-1.05e+06	0	-1.42328	
787	0.000146104	0.118811	0	-1.05e+06	0	-1.41986	
788	0.000146208	0.118957	0	-1.05e+06	0	-1.41642	
789	0.000146315	0.119103	0	-1.05e+06	0	-1.41296	
790	0.000146426	0.11925	0	-1.05e+06	0	-1.40949	
791	0.00014654	0.119396	0	-1.05e+06	0	-1.406	
792	0.000146657	0.119543	0	-1.05e+06	0	-1.4025	
793	0.000146778	0.119689	0	-1.05e+06	0	-1.39897	
794	0.000146902	0.119836	0	-1.05e+06	0	-1.39543	
795	0.00014703	0.119983	0	-1.05e+06	0	-1.39188	
796	0.00014716	0.12013	0	-1.05e+06	0	-1.3883	
797	0.000147294	0.120277	0	-1.05e+06	0	-1.38471	
798	0.000147431	0.120424	0	-1.05e+06	0	-1.3811	
799	0.00014757	0.120572	0	-1.05e+06	0	-1.37748	
800	0.000147712	0.120719	0	-1.05e+06	0	-1.37384	
801	0.000147857	0.120867	0	-1.05e+06	0	-1.37018	
802	0.000148005	0.121015	0	-1.05e+06	0	-1.3665	
803	0.000148155	0.121163	0	-1.05e+06	0	-1.36281	
804	0.000148307	0.121311	0	-1.05e+06	0	-1.35911	
805	0.000148462	0.12146	0	-1.05e+06	0	-1.35538	
806	0.000148619	0.121608	0	-1.05e+06	0	-1.35164	
807	0.000148777	0.121757	0	-1.05e+06	0	-1.34788	
808	0.000148938	0.121905	0	-1.05e+06	0	-1.34411	
809	0.000149099	0.122054	0	-1.05e+06	0	-1.34031	
810	0.000149262	0.122203	0	-1.05e+06	0	-1.33651	
811	0.000149426	0.122353	0	-1.05e+06	0	-1.33268	
812	0.000149591	0.122502	0	-1.05e+06	0	-1.32884	
813	0.000149756	0.122652	0	-1.05e+06	0	-1.32499	
814	0.000149922	0.122801	0	-1.05e+06	0	-1.32111	
815	0.000150087	0.122951	0	-1.05e+06	0	-1.31723	
816	0.000150251	0.123101	0	-1.05e+06	0	-1.31332	
817	0.000150408	0.123252	0	-1.05e+06	0	-1.3094	
818	0.000150541	0.123402	0	-1.05e+06	0	-1.30547	
819	0.000150674	0.123553	0	-1.05e+06	0	-1.30152	
820	0.000150806	0.123703	0	-1.05e+06	0	-1.29755	
821	0.000150933	0.123854	0	-1.05e+06	0	-1.29357	
822	0.00015105	0.124005	0	-1.05e+06	0	-1.28958	
823	0.000151162	0.124156	0	-1.05e+06	0	-1.28558	
824	0.000151274	0.124307	0	-1.05e+06	0	-1.28156	
825	0.000151386	0.124459	0	-1.05e+06	0	-1.27752	
826	0.000151498	0.12461	0	-1.05e+06	0	-1.27347	
827	0.000151609	0.124761	0	-1.05e+06	0	-1.26941	
828	0.000151719	0.124913	0	-1.05e+06	0	-1.26534	
829	0.000151829	0.125065	0	-1.05e+06	0	-1.26125	
830	0.000151937	0.125217	0	-1.05e+06	0	-1.25715	
831	0.000152034	0.125369	0	-1.05e+06	0	-1.25304	
832	0.000152123	0.125521	0	-1.05e+06	0	-1.24892	
833	0.000152212	0.125673	0	-1.05e+06	0	-1.24478	
834	0.000152301	0.125825	0	-1.05e+06	0	-1.24063	
835	0.00015239	0.125977	0	-1.05e+06	0	-1.23647	
836	0.000152478	0.12613	0	-1.05e+06	0	-1.2323	
837	0.000152565	0.126282	0	-1.05e+06	0	-1.22812	
838	0.000152651	0.126435	0	-1.05e+06	0	-1.22392	
839	0.000152736	0.126587	0	-1.05e+06	0	-1.21972	
840	0.00015282	0.12674	0	-1.05e+06	0	-1.2155	
841	0.000152902	0.126893	0	-1.05e+06	0	-1.21127	
842	0.000152977	0.127046	0	-1.05e+06	0	-1.20703	
843	0.000153031	0.127199	0	-1.05e+06	0	-1.20278	
844	0.000153082	0.127352	0	-1.05e+06	0	-1.19852	
845	0.000153131	0.127505	0	-1.05e+06	0	-1.19425	
846	0.000153169	0.127658	0	-1.05e+06	0	-1.18997	
847	0.000153202	0.127811	0	-1.05e+06	0	-1.18569	
848	0.000153234	0.127964	0	-1.05e+06	0	-1.18139	
849	0.000153265	0.128118	0	-1.05e+06	0	-1.17708	
850	0.000153296	0.128271	0	-1.05e+06	0	-1.17277	
851	0.000153326	0.128424	0	-1.05e+06	0	-1.16844	
852	0.000153356	0.128577	0	-1.05e+06	0	-1.16411	
853	0.000153385	0.128731	0	-1.05e+06	0	-1.15977	
854	0.000153414	0.128884	0	-1.05e+06	0	-1.15542	
855	0.000153443	0.129038	0	-1.05e+06	0	-1.15106	
856	0.000153471	0.129191	0	-1.05e+06	0	-1.1467	
857	0.000153499	0.129345	0	-1.05e+06	0	-1.14232	
858	0.000153527	0.129498	0	-1.05e+06	0	-1.13794	
859	0.000153554	0.129652	0	-1.05e+06	0	-1.13355	
860	0.00015358	0.129805	0	-1.05e+06	0	-1.12915	
861	0.000153597	0.129959	0	-1.05e+06	0	-1.12475	
862	0.000153609	0.130112	0	-1.05e+06	0	-1.12034	
863	0.000153619	0.130266	0	-1.05e+06	0	-1.11592	
864	0.000153628	0.13042	0	-1.05e+06	0	-1.11149	
865	0.000153634	0.130573	0	-1.05e+06	0	-1.10706	
866	0.000153639	0.130727	0	-1.05e+06	0	-1.10262	
867	0.000153623	0.13088	0	-1.05e+06	0	-1.09817	
868	0.0001536	0.131034	0	-1.05e+06	0	-1.09372	
869	0.000153567	0.131188	0	-1.05e+06	0	-1.08926	
870	0.000153523	0.131341	0	-1.05e+06	0	-1.0848	
871	0.000153476	0.131495	0	-1.05e+06	0	-1.08033	
872	0.000153427	0.131648	0	-1.05e+06	0	-1.07586	
873	0.000153375	0.131802	0	-1.05e+06	0	-1.07138	
874	0.000153322	0.131955	0	-1.05e+06	0	-1.0669	
875	0.00015326	0.132108	0	-1.05e+06	0	-1.06241	
876	0.000153194	0.132262	0	-1.05e+06	0	-1.05792	
877	0.000153126	0.132415	0	-1.05e+06	0	-1.05343	
878	0.000153056	0.132568	0	-1.05e+06	0	-1.04893	
879	0.000152983	0.132721	0	-1.05e+06	0	-1.04443	
880	0.000152909	0.132874	0	-1.05e+06	0	-1.03993	
881	0.000152832	0.133027	0	-1.05e+06	0	-1.03542	
882	0.000152752	0.13318	0	-1.05e+06	0	-1.03091	
883	0.000152665	0.133332	0	-1.05e+06	0	-1.0264	
884	0.000152575	0.133485	0	-1.05e+06	0	-1.02189	
885	0.000152484	0.133638	0	-1.05e+06	0	-1.01737	
886	0.000152388	0.13379	0	-1.05e+06	0	-1.01285	
887	0.000152289	0.133943	0	-1.05e+06	0	-1.00833	
888	0.000152189	0.134095	0	-1.05e+06	0	-1.00381	
889	0.000152088	0.134247	0	-1.05e+06	0	-0.999287	
890	0.000151987	0.134399	0	-1.05e+06	0	-0.994761	
891	0.000151886	0.134551	0	-1.05e+06	0	-0.990234	
892	0.000151784	0.134703	0	-1.05e+06	0	-0.985706	
893	0.000151684	0.134855	0	-1.05e+06	0	-0.981177	
894	0.000151583	0.135006	0	-1.05e+06	0	-0.976646	
895	0.000151485	0.135158	0	-1.05e+06	0	-0.972114	
896	0.000151387	0.13531	0	-1.05e+06	0	-0.967582	
897	0.000151291	0.135461	0	-1.05e+06	0	-0.963048	
898	0.000151197	0.135612	0	-1.05e+06	0	-0.958513	
899	0.000151106	0.135763	0	-1.05e+06	0	-0.953978	
900	0.000151017	0.135915	0	-1.05e+06	0	-0.949442	
901	0.00015093	0.136066	0	-1.05e+06	0	-0.944904	
902	0.000150847	0.136216	0	-1.05e+06	0	-0.940366	
903	0.000150767	0.136367	0	-1.05e+06	0	-0.935828	
904	0.00015069	0.136518	0	-1.05e+06	0	-0.931288	
905	0.000150617	0.136669	0	-1.05e+06	0	-0.926748	
906	0.000150547	0.136819	0	-1.05e+06	0	-0.922206	
907	0.000150482	0.13697	0	-1.05e+06	0	-0.917664	
908	0.00015042	0.13712	0	-1.05e+06	0	-0.913122	
909	0.000150363	0.137271	0	-1.05e+06	0	-0.908578	
910	0.00015031	0.137421	0	-1.05e+06	0	-0.904034	
911	0.000150262	0.137571	0	-1.05e+06	0	-0.899489	
912	0.000150218	0.137722	0	-1.05e+06	0	-0.894943	
913	0.000150178	0.137872	0	-1.05e+06	0	-0.890396	
914	0.000150143	0.138022	0	-1.05e+06	0	-0.885848	
915	0.000150113	0.138172	0	-1.05e+06	0	-0.881299	
916	0.000150087	0.138322	0	-1.05e+06	0	-0.87675	
917	0.000150066	0.138472	0	-1.05e+06	0	-0.872199	
918	0.000150049	0.138623	0	-1.05e+06	0	-0.867648	
919	0.000150037	0.138773	0	-1.05e+06	0	-0.863096	
920	0.000150029	0.138923	0	-1.05e+06	0	-0.858543	
921	0.000150025	0.139073	0	-1.05e+06	0	-0.853989	
922	0.000150026	0.139223	0	-1.05e+06	0	-0.849434	
923	0.000150031	0.139373	0	-1.05e+06	0	-0.844878	
924	0.00015004	0.139523	0	-1.05e+06	0	-0.840321	
925	0.000150052	0.139673	0	-1.05e+06	0	-0.835764	
926	0.000150068	0.139823	0	-1.05e+06	0	-0.831205	
927	0.000150088	0.139973	0	-1.05e+06	0	-0.826646	
928	0.000150111	0.140123	0	-1.05e+06	0	-0.822087	
929	0.000150137	0.140273	0	-1.05e+06	0	-0.817526	
930	0.000150166	0.140423	0	-1.05e+06	0	-0.812965	
931	0.000150197	0.140573	0	-1.05e+06	0	-0.808404	
932	0.000150231	0.140724	0	-1.05e+06	0	-0.803842	
933	0.000150267	0.140874	0	-1.05e+06	0	-0.79928	
934	0.000150305	0.141024	0	-1.05e+06	0	-0.794718	
935	0.000150344	0.141174	0	-1.05e+06	0	-0.790155	
936	0.000150386	0.141325	0	-1.05e+06	0	-0.785593	
937	0.000150428	0.141475	0	-1.05e+06	0	-0.78103	
938	0.000150471	0.141626	0	-1.05e+06	0	-0.776468	
939	0.000150515	0.141776	0	-1.05e+06	0	-0.771906	
940	0.000150559	0.141927	0	-1.05e+06	0	-0.767345	
941	0.000150599	0.142077	0	-1.05e+06	0	-0.762785	
942	0.000150636	0.142228	0	-1.05e+06	0	-0.758225	
943	0.000150667	0.142378	0	-1.05e+06	0	-0.753668	
944	0.000150699	0.142529	0	-1.05e+06	0	-0.749111	
945	0.000150729	0.14268	0	-1.05e+06	0	-0.744557	
946	0.000150758	0.14283	0	-1.05e+06	0	-0.740005	
947	0.000150786	0.142981	0	-1.05e+06	0	-0.735455	
948	0.000150815	0.143132	0	-1.05e+06	0	-0.730907	
949	0.000150846	0.143283	0	-1.05e+06	0	-0.726362	
950	0.000150879	0.143434	0	-1.05e+06	0	-0.721819	
951	0.000150913	0.143585	0	-1.05e+06	0	-0.717279	
952	0.000150948	0.143735	0	-1.05e+06	0	-0.712742	
953	0.000150986	0.143886	0	-1.05e+06	0	-0.708208	
954	0.000151024	0.144037	0	-1.05e+06	0	-0.703677	
955	0.000151065	0.144188	0	-1.05e+06	0	-0.699149	
956	0.000151106	0.144339	0	-1.05e+06	0	-0.694625	
957	0.000151149	0.144491	0	-1.05e+06	0	-0.690104	
958	0.000151193	0.144642	0	-1.05e+06	0	-0.685587	
959	0.000151239	0.144793	0	-1.05e+06	0	-0.681074	
960	0.000151285	0.144944	0	-1.05e+06	0	-0.676565	
961	0.000151328	0.145095	0	-1.05e+06	0	-0.672059	
962	0.000151369	0.145247	0	-1.05e+06	0	-0.667559	
963	0.000151407	0.145398	0	-1.05e+06	0	-0.663063	
964	0.000151437	0.14555	0	-1.05e+06	0	-0.658572	
965	0.000151463	0.145701	0	-1.05e+06	0	-0.654087	
966	0.000151488	0.145852	0	-1.05e+06	0	-0.649607	
967	0.000151514	0.146004	0	-1.05e+06	0	-0.645133	
968	0.00015154	0.146155	0	-1.05e+06	0	-0.640665	
969	0.000151566	0.146307	0	-1.05e+06	0	-0.636203	
970	0.000151592	0.146459	0	-1.05e+06	0	-0.631747	
971	0.000151619	0.14661	0	-1.05e+06	0	-0.627298	
972	0.000151647	0.146762	0	-1.05e+06	0	-0.622855	
973	0.000151675	0.146913	0	-1.05e+06	0	-0.618419	
974	0.000151704	0.147065	0	-1.05e+06	0	-0.61399	
975	0.000151734	0.147217	0	-1.05e+06	0	-0.609568	
976	0.000151765	0.147369	0	-1.05e+06	0	-0.605153	
977	0.000151797	0.14752	0	-1.05e+06	0	-0.600745	
978	0.000151831	0.147672	0	-1.05e+06	0	-0.596345	
979	0.000151866	0.147824	0	-1.05e+06	0	-0.591953	
980	0.000151901	0.147976	0	-1.05e+06	0	-0.587568	
981	0.000151939	0.148128	0	-1.05e+06	0	-0.583191	
982	0.000151977	0.14828	0	-1.05e+06	0	-0.578821	
983	0.000152017	0.148432	0	-1.05e+06	0	-0.57446	
984	0.000152058	0.148584	0	-1.05e+06	0	-0.570107	
985	0.000152101	0.148736	0	-1.05e+06	0	-0.565763	
986	0.000152145	0.148888	0	-1.05e+06	0	-0.561427	
987	0.00015219	0.14904	0	-1.05e+06	0	-0.557099	
988	0.000152236	0.149192	0	-1.05e+06	0	-0.55278	
989	0.000152283	0.149344	0	-1.05e+06	0	-0.54847	
990	0.000152331	0.149497	0	-1.05e+06	0	-0.544169	
991	0.00015238	0.149649	0	-1.05e+06	0	-0.539877	
992	0.000152431	0.149801	0	-1.05e+06	0	-0.535594	
993	0.000152481	0.149954	0	-1.05e+06	0	-0.531321	
994	0.000152533	0.150106	0	-1.05e+06	0	-0.527057	
995	0.000152585	0.150259	0	-1.05e+06	0	-0.522803	
996	0.000152638	0.150411	0	-1.05e+06	0	-0.518558	
997	0.000152691	0.150564	0	-1.05e+06	0	-0.514323	
998	0.000152745	0.150717	0	-1.05e+06	0	-0.510099	
999	0.000152798	0.150869	0	-1.05e+06	0	-0.505884	
1000	0.000152852	0.151022	0	-1.05e+06	0	-0.50168	
1001	0.000152907	0.151175	0	-1.05e+06	0	-0.497487	
1002	0.000152961	0.151328	0	-1.05e+06	0	-0.493304	
1003	0.000153015	0.151481	0	-1.05e+06	0	-0.489131	
1004	0.000153069	0.151634	0	-1.05e+06	0	-0.48497	
1005	0.000153123	0.151787	0	-1.05e+06	0	-0.480819	
1006	0.000153178	0.15194	0	-1.05e+06	0	-0.47668	
1007	0.000153232	0.152093	0	-1.05e+06	0	-0.472552	
1008	0.000153286	0.152247	0	-1.05e+06	0	-0.468436	
1009	0.00015334	0.1524	0	-1.05e+06	0	-0.464331	
1010	0.000153394	0.152553	0	-1.05e+06	0	-0.460237	
1011	0.000153448	0.152707	0	-1.05e+06	0	-0.456156	
1012	0.000153502	0.15286	0	-1.05e+06	0	-0.452087	
1013	0.000153557	0.153014	0	-1.05e+06	0	-0.448029	
1014	0.000153611	0.153167	0	-1.05e+06	0	-0.443984	
1015	0.000153667	0.153321	0	-1.05e+06	0	-0.439951	
1016	0.000153722	0.153474	0	-1.05e+06	0	-0.43593	
1017	0.000153778	0.153628	0	-1.05e+06	0	-0.431922	
1018	0.000153835	0.153782	0	-1.05e+06	0	-0.427927	
1019	0.000153893	0.153936	0	-1.05e+06	0	-0.423944	
1020	0.000153951	0.15409	0	-1.05e+06	0	-0.419974	
1021	0.00015401	0.154244	0	-1.05e+06	0	-0.416017	
1022	0.000154071	0.154398	0	-1.05e+06	0	-0.412073	
1023	0.000154133	0.154552	0	-1.05e+06	0	-0.408142	
1024	0.000154196	0.154706	0	-1.05e+06	0	-0.404224	
1025	0.000154261	0.15486	0	-1.05e+06	0	-0.40032	
1026	0.000154328	0.155014	0	-1.05e+06	0	-0.396429	
1027	0.000154396	0.155169	0	-1.05e+06	0	-0.392551	
1028	0.000154466	0.155323	0	-1.05e+06	0	-0.388687	
1029	0.000154539	0.155477	0	-1.05e+06	0	-0.384836	
1030	0.000154613	0.155632	0	-1.05e+06	0	-0.380999	
1031	0.000154689	0.155787	0	-1.05e+06	0	-0.377175	
1032	0.000154768	0.155941	0	-1.05e+06	0	-0.373365	
1033	0.000154849	0.156096	0	-1.05e+06	0	-0.369569	
1034	0.000154932	0.156251	0	-1.05e+06	0	-0.365787	
1035	0.000155017	0.156406	0	-1.05e+06	0	-0.362019	
1036	0.000155105	0.156561	0	-1.05e+06	0	-0.358265	
1037	0.000155195	0.156716	0	-1.05e+06	0	-0.354525	
1038	0.000155288	0.156871	0	-1.05e+06	0	-0.350799	
1039	0.000155383	0.157026	0	-1.05e+06	0	-0.347088	
1040	0.000155481	0.157182	0	-1.05e+06	0	-0.34339	
1041	0.00015558	0.157337	0	-1.05e+06	0	-0.339707	
1042	0.000155683	0.157493	0	-1.05e+06	0	-0.336039	
1043	0.000155787	0.157649	0	-1.05e+06	0	-0.332385	
1044	0.000155894	0.157804	0	-1.05e+06	0	-0.328745	
1045	0.000156002	0.15796	0	-1.05e+06	0	-0.32512	
1046	0.000156113	0.158116	0	-1.05e+06	0	-0.32151	
1047	0.000156226	0.158272	0	-1.05e+06	0	-0.317915	
1048	0.00015634	0.158429	0	-1.05e+06	0	-0.314335	
1049	0.000156457	0.158585	0	-1.05e+06	0	-0.310769	
1050	0.000156575	0.158741	0	-1.05e+06	0	-0.307219	
1051	0.000156695	0.158898	0	-1.05e+06	0	-0.303684	
1052	0.000156816	0.159055	0	-1.05e+06	0	-0.300165	
1053	0.000156939	0.159211	0	-1.05e+06	0	-0.29666	
1054	0.000157063	0.159368	0	-1.05e+06	0	-0.293172	
1055	0.000157188	0.159525	0	-1.05e+06	0	-0.289698	
1056	0.000157315	0.159683	0	-1.05e+06	0	-0.286241	
1057	0.000157442	0.15984	0	-1.05e+06	0	-0.282799	
1058	0.000157571	0.159997	0	-1.05e+06	0	-0.279373	
1059	0.0001577	0.160155	0	-1.05e+06	0	-0.275964	
1060	0.00015783	0.160313	0	-1.05e+06	0	-0.27257	
1061	0.000157961	0.160471	0	-1.05e+06	0	-0.269192	
1062	0.000158093	0.160628	0	-1.05e+06	0	-0.265831	
1063	0.000158226	0.160787	0	-1.05e+06	0	-0.262487	
1064	0.000158359	0.160945	0	-1.05e+06	0	-0.259158	
1065	0.000158493	0.161103	0	-1.05e+06	0	-0.255847	
1066	0.000158628	0.161262	0	-1.05e+06	0	-0.252552	
1067	0.000158763	0.16142	0	-1.05e+06	0	-0.249274	
1068	0.000158899	0.161579	0	-1.05e+06	0	-0.246012	
1069	0.000159036	0.161738	0	-1.05e+06	0	-0.242768	
1070	0.000159173	0.161897	0	-1.05e+06	0	-0.239541	
1071	0.000159311	0.162056	0	-1.05e+06	0	-0.236331	
1072	0.000159451	0.162215	0	-1.05e+06	0	-0.233138	
1073	0.000159591	0.162375	0	-1.05e+06	0	-0.229963	
1074	0.000159732	0.162534	0	-1.05e+06	0	-0.226805	
1075	0.000159875	0.162694	0	-1.05e+06	0	-0.223664	
1076	0.000160018	0.162854	0	-1.05e+06	0	-0.220541	
1077	0.000160164	0.163014	0	-1.05e+06	0	-0.217435	
1078	0.00016031	0.163174	0	-1.05e+06	0	-0.214347	
1079	0.000160459	0.163335	0	-1.05e+06	0	-0.211277	
1080	0.000160609	0.163495	0	-1.05e+06	0	-0.208224	
1081	0.000160761	0.163656	0	-1.05e+06	0	-0.205189	
1082	0.000160916	0.163816	0	-1.05e+06	0	-0.202171	
1083	0.000161073	0.163977	0	-1.05e+06	0	-0.199172	
1084	0.000161232	0.164138	0	-1.05e+06	0	-0.19619	
1085	0.000161394	0.1643	0	-1.05e+06	0	-0.193226	
1086	0.000161559	0.164461	0	-1.05e+06	0	-0.19028	
1087	0.000161727	0.164623	0	-1.05e+06	0	-0.187352	
1088	0.000161898	0.164784	0	-1.05e+06	0	-0.184441	
1089	0.000162073	0.164946	0	-1.05e+06	0	-0.181548	
1090	0.000162251	0.165108	0	-1.05e+06	0	-0.178673	
1091	0.000162434	0.165271	0	-1.05e+06	0	-0.175816	
1092	0.00016262	0.165433	0	-1.05e+06	0	-0.172977	
1093	0.00016281	0.165596	0	-1.05e+06	0	-0.170155	
1094	0.000163005	0.165758	0	-1.05e+06	0	-0.167351	
1095	0.000163204	0.165921	0	-1.05e+06	0	-0.164565	
1096	0.000163408	0.166085	0	-1.05e+06	0	-0.161797	
1097	0.000163616	0.166248	0	-1.05e+06	0	-0.159046	
1098	0.000163829	0.166412	0	-1.05e+06	0	-0.156312	
1099	0.000164048	0.166575	0	-1.05e+06	0	-0.153597	
1100	0.000164271	0.16674	0	-1.05e+06	0	-0.150898	
1101	0.000164499	0.166904	0	-1.05e+06	0	-0.148218	
1102	0.000164733	0.167068	0	-1.05e+06	0	-0.145554	
1103	0.000164972	0.167233	0	-1.05e+06	0	-0.142909	
1104	0.000165216	0.167398	0	-1.05e+06	0	-0.14028	
1105	0.000165466	0.167563	0	-1.05e+06	0	-0.137669	
1106	0.00016572	0.167729	0	-1.05e+06	0	-0.135075	
1107	0.00016598	0.167894	0	-1.05e+06	0	-0.132499	
1108	0.000166245	0.16806	0	-1.05e+06	0	-0.12994	
1109	0.000166515	0.168227	0	-1.05e+06	0	-0.127398	
1110	0.000166789	0.168393	0	-1.05e+06	0	-0.124874	
1111	0.000167069	0.16856	0	-1.05e+06	0	-0.122366	
1112	0.000167352	0.168727	0	-1.05e+06	0	-0.119876	
1113	0.00016764	0.168894	0	-1.05e+06	0	-0.117403	
1114	0.000167932	0.169062	0	-1.05e+06	0	-0.114948	
1115	0.000168227	0.16923	0	-1.05e+06	0	-0.112509	
1116	0.000168526	0.169398	0	-1.05e+06	0	-0.110088	
1117	0.000168827	0.169567	0	-1.05e+06	0	-0.107685	
1118	0.000169131	0.169735	0	-1.05e+06	0	-0.105299	
1119	0.000169437	0.169905	0	-1.05e+06	0	-0.10293	
1120	0.000169745	0.170074	0	-1.05e+06	0	-0.100578	
1121	0.000170053	0.170244	0	-1.05e+06	0	-0.0982446	
1122	0.000170362	0.170414	0	-1.05e+06	0	-0.0959285	
1123	0.000170671	0.170584	0	-1.05e+06	0	-0.0936302	
1124	0.00017098	0.170755	0	-1.05e+06	0	-0.0913498	
1125	0.000171287	0.170926	0	-1.05e+06	0	-0.0890874	
1126	0.000171592	0.171097	0	-1.05e+06	0	-0.0868431	
1127	0.000171894	0.171269	0	-1.05e+06	0	-0.0846171	
1128	0.000172193	0.171441	0	-1.05e+06	0	-0.0824095	
1129	0.000172488	0.171613	0	-1.05e+06	0	-0.0802206	
1130	0.000172779	0.171785	0	-1.05e+06	0	-0.0780504	
1131	0.000173063	0.171958	0	-1.05e+06	0	-0.0758993	
1132	0.000173342	0.172131	0	-1.05e+06	0	-0.0737674	
1133	0.000173614	0.172305	0	-1.05e+06	0	-0.0716549	
1134	0.000173878	0.172478	0	-1.05e+06	0	-0.0695621	
1135	0.000174134	0.172652	0	-1.05e+06	0	-0.0674893	
1136	0.000174381	0.172826	0	-1.05e+06	0	-0.0654365	
1137	0.000174614	0.173001	0	-1.05e+06	0	-0.0634043	
1138	0.000174837	0.173175	0	-1.05e+06	0	-0.0613928	
1139	0.000175025	0.17335	0	-1.05e+06	0	-0.0594027	
1140	0.000175203	0.173525	0	-1.05e+06	0	-0.0574341	
1141	0.000175371	0.1737	0	-1.05e+06	0	-0.0554873	
1142	0.0001755	0.173876	0	-1.05e+06	0	-0.0535629	
1143	0.00017562	0.174051	0	-1.05e+06	0	-0.0516612	
1144	0.000175734	0.174227	0	-1.05e+06	0	-0.0497824	
1145	0.000175839	0.174402	0	-1.05e+06	0	-0.0479267	
1146	0.000175937	0.174578	0	-1.05e+06	0	-0.0460944	
1147	0.000176027	0.174754	0	-1.05e+06	0	-0.0442857	
1148	0.000176109	0.17493	0	-1.05e+06	0	-0.0425008	
1149	0.000176184	0.175106	0	-1.05e+06	0	-0.04074	
1150	0.000176251	0.175283	0	-1.05e+06	0	-0.0390036	
1151	0.000176311	0.175459	0	-1.05e+06	0	-0.0372917	
1152	0.000176364	0.175635	0	-1.05e+06	0	-0.0356047	
1153	0.000176409	0.175811	0	-1.05e+06	0	-0.0339428	
1154	0.000176447	0.175988	0	-1.05e+06	0	-0.0323063	
1155	0.000176478	0.176164	0	-1.05e+06	0	-0.0306954	
1156	0.000176502	0.176341	0	-1.05e+06	0	-0.0291104	
1157	0.000176519	0.176517	0	-1.05e+06	0	-0.0275516	
1158	0.00017653	0.176694	0	-1.05e+06	0	-0.0260192	
1159	0.000176533	0.17687	0	-1.05e+06	0	-0.0245134	
1160	0.00017653	0.177047	0	-1.05e+06	0	-0.0230347	
1161	0.00017652	0.177223	0	-1.05e+06	0	-0.0215831	
1162	0.000176504	0.1774	0	-1.05e+06	0	-0.0201591	
1163	0.000176481	0.177576	0	-1.05e+06	0	-0.0187629	
1164	0.00017644	0.177753	0	-1.05e+06	0	-0.0173948	
1165	0.000176381	0.177929	0	-1.05e+06	0	-0.0160553	
1166	0.00017631	0.178106	0	-1.05e+06	0	-0.0147447	
1167	0.00017622	0.178282	0	-1.05e+06	0	-0.0134632	
1168	0.000176124	0.178458	0	-1.05e+06	0	-0.0122113	
1169	0.00017602	0.178634	0	-1.05e+06	0	-0.0109892	
1170	0.00017591	0.17881	0	-1.05e+06	0	-0.00979717	
1171	0.000175795	0.178986	0	-1.05e+06	0	-0.0086355	
1172	0.000175675	0.179162	0	-1.05e+06	0	-0.00750448	
1173	0.000175551	0.179338	0	-1.05e+06	0	-0.00640438	
1174	0.000175424	0.179513	0	-1.05e+06	0	-0.00533549	
1175	0.000175293	0.179689	0	-1.05e+06	0	-0.0042981	
1176	0.000175159	0.179864	0	-1.05e+06	0	-0.0032925	
1177	0.000175022	0.180039	0	-1.05e+06	0	-0.00231898	
1178	0.000174882	0.180214	0	-1.05e+06	0	-0.00137785	
1179	0.00017474	0.180389	0	-1.05e+06	0	-0.000469393	
1180	0.000174596	0.180564	0	-1.05e+06	0	0.00040607	
1181	0.000174449	0.180738	0	-1.05e+06	0	0.00124823	
1182	0.000174301	0.180913	0	-1.05e+06	0	0.00205678	
1183	0.00017415	0.181087	0	-1.05e+06	0	0.00283141	
1184	0.000173998	0.181261	0	-1.05e+06	0	0.00357178	
1185	0.000173844	0.181435	0	-1.05e+06	0	0.00427758	
1186	0.000173689	0.181609	0	-1.05e+06	0	0.00494848	
1187	0.000173532	0.181783	0	-1.05e+06	0	0.00558416	
1188	0.000173374	0.181956	0	-1.05e+06	0	0.00618428	
1189	0.000173214	0.18213	0	-1.05e+06	0	0.00674852	
1190	0.000173053	0.182303	0	-1.05e+06	0	0.00727654	
1191	0.000172891	0.182476	0	-1.05e+06	0	0.00776802	
1192	0.000172727	0.182649	0	-1.05e+06	0	0.00822261	
1193	0.000172562	0.182822	0	-1.05e+06	0	0.00864	
1194	0.000172396	0.182994	0	-1.05e+06	0	0.00901985	
1195	0.000172229	0.183167	0	-1.05e+06	0	0.00936185	
1196	0.000172061	0.183339	0	-1.05e+06	0	0.00966566	
1197	0.000171891	0.183511	0	-1.05e+06	0	0.00993097	
1198	0.00017172	0.183683	0	-1.05e+06	0	0.0101575	
1199	0.000171548	0.183855	0	-1.05e+06	0	0.0103449	
1200	0.000171375	0.184026	0	-1.05e+06	0	0.0104928	
1201	0.0001712	0.184197	0	-1.05e+06	0	0.0106011	
1202	0.000171024	0.184369	0	-1.05e+06	0	0.0106693	
1203	0.000170847	0.18454	0	-1.05e+06	0	0.0106974	
1204	0.000170668	0.184711	0	-1.05e+06	0	0.0106848	
1205	0.000170488	0.184881	0	-1.05e+06	0	0.0106316	
1206	0.000170306	0.185052	0	-1.05e+06	0	0.0105372	
1207	0.000170122	0.185222	0	-1.05e+06	0	0.0104017	
1208	0.000169937	0.185392	0	-1.05e+06	0	0.0102247	
1209	0.00016975	0.185562	0	-1.05e+06	0	0.0100061	
1210	0.000169561	0.185732	0	-1.05e+06	0	0.00974565	
1211	0.00016937	0.185901	0	-1.05e+06	0	0.00944322	
1212	0.000169177	0.186071	0	-1.05e+06	0	0.00909867	
1213	0.000168982	0.18624	0	-1.05e+06	0	0.00871187	
1214	0.000168785	0.186409	0	-1.05e+06	0	0.00828272	
1215	0.000168586	0.186578	0	-1.05e+06	0	0.00781113	
1216	0.000168385	0.186746	0	-1.05e+06	0	0.00729703	
1217	0.000168182	0.186915	0	-1.05e+06	0	0.00674039	
1218	0.000167976	0.187083	0	-1.05e+06	0	0.00614118	
1219	0.000167767	0.187251	0	-1.05e+06	0	0.0054994	
1220	0.000167557	0.187419	0	-1.05e+06	0	0.00481509	
1221	0.000167344	0.187586	0	-1.05e+06	0	0.00408827	
1222	0.000167128	0.187753	0	-1.05e+06	0	0.00331904	
1223	0.00016691	0.187921	0	-1.05e+06	0	0.00250747	
1224	0.00016669	0.188087	0	-1.05e+06	0	0.00165368	
1225	0.000166467	0.188254	0	-1.05e+06	0	0.000757826	
1226	0.000166242	0.188421	0	-1.05e+06	0	-0.000179942	
1227	0.000166015	0.188587	0	-1.05e+06	0	-0.00115943	
1228	0.000165785	0.188753	0	-1.05e+06	0	-0.00218044	
1229	0.000165553	0.188919	0	-1.05e+06	0	-0.00324273	
1230	0.000165319	0.189084	0	-1.05e+06	0	-0.00434605	
1231	0.000165083	0.18925	0	-1.05e+06	0	-0.00549012	
1232	0.000164845	0.189415	0	-1.05e+06	0	-0.00667465	
1233	0.000164605	0.189579	0	-1.05e+06	0	-0.00789933	
1234	0.000164363	0.189744	0	-1.05e+06	0	-0.00916382	
1235	0.00016412	0.189908	0	-1.05e+06	0	-0.0104678	
1236	0.000163875	0.190073	0	-1.05e+06	0	-0.0118108	
1237	0.00016363	0.190236	0	-1.05e+06	0	-0.0131925	
1238	0.000163383	0.1904	0	-1.05e+06	0	-0.0146126	
1239	0.000163135	0.190563	0	-1.05e+06	0	-0.0160705	
1240	0.000162886	0.190727	0	-1.05e+06	0	-0.0175659	
1241	0.000162637	0.190889	0	-1.05e+06	0	-0.0190983	
1242	0.000162388	0.191052	0	-1.05e+06	0	-0.0206673	
1243	0.000162138	0.191215	0	-1.05e+06	0	-0.0222724	
1244	0.000161888	0.191377	0	-1.05e+06	0	-0.0239131	
1245	0.000161638	0.191539	0	-1.05e+06	0	-0.025589	
1246	0.000161389	0.1917	0	-1.05e+06	0	-0.0272996	
1247	0.000161141	0.191862	0	-1.05e+06	0	-0.0290444	
1248	0.000160893	0.192023	0	-1.05e+06	0	-0.030823	
1249	0.000160646	0.192184	0	-1.05e+06	0	-0.0326347	
1250	0.0001604	0.192344	0	-1.05e+06	0	-0.0344792	
1251	0.000160156	0.192505	0	-1.05e+06	0	-0.0363559	
1252	0.000159913	0.192665	0	-1.05e+06	0	-0.0382644	
1253	0.000159672	0.192825	0	-1.05e+06	0	-0.0402041	
1254	0.000159433	0.192984	0	-1.05e+06	0	-0.0421746	
1255	0.000159196	0.193144	0	-1.05e+06	0	-0.0441755	
1256	0.000158961	0.193303	0	-1.05e+06	0	-0.0462061	
1257	0.000158729	0.193462	0	-1.05e+06	0	-0.0482661	
1258	0.0001585	0.193621	0	-1.05e+06	0	-0.050355	
1259	0.000158273	0.193779	0	-1.05e+06	0	-0.0524723	
1260	0.000158049	0.193937	0	-1.05e+06	0	-0.0546176	
1261	0.000157828	0.194096	0	-1.05e+06	0	-0.0567904	
1262	0.00015761	0.194253	0	-1.05e+06	0	-0.0589904	
1263	0.000157396	0.194411	0	-1.05e+06	0	-0.061217	
1264	0.000157185	0.194568	0	-1.05e+06	0	-0.0634699	
1265	0.000156978	0.194726	0	-1.05e+06	0	-0.0657486	
1266	0.000156775	0.194883	0	-1.05e+06	0	-0.0680528	
1267	0.000156576	0.195039	0	-1.05e+06	0	-0.0703821	
1268	0.00015638	0.195196	0	-1.05e+06	0	-0.0727361	
1269	0.000156189	0.195352	0	-1.05e+06	0	-0.0751144	
1270	0.000156001	0.195508	0	-1.05e+06	0	-0.0775167	
1271	0.000155818	0.195664	0	-1.05e+06	0	-0.0799426	
1272	0.00015564	0.19582	0	-1.05e+06	0	-0.0823917	
1273	0.000155466	0.195976	0	-1.05e+06	0	-0.0848639	
1274	0.000155296	0.196131	0	-1.05e+06	0	-0.0873587	
1275	0.000155131	0.196287	0	-1.05e+06	0	-0.0898758	
1276	0.000154971	0.196442	0	-1.05e+06	0	-0.092415	
1277	0.000154815	0.196597	0	-1.05e+06	0	-0.0949759	
1278	0.000154664	0.196752	0	-1.05e+06	0	-0.0975583	
1279	0.000154518	0.196906	0	-1.05e+06	0	-0.100162	
1280	0.000154377	0.197061	0	-1.05e+06	0	-0.102786	
1281	0.000154241	0.197215	0	-1.05e+06	0	-0.105431	
1282	0.000154111	0.197369	0	-1.05e+06	0	-0.108097	
1283	0.000153985	0.197523	0	-1.05e+06	0	-0.110783	
1284	0.000153864	0.197677	0	-1.05e+06	0	-0.113488	
1285	0.000153748	0.197831	0	-1.05e+06	0	-0.116214	
1286	0.000153638	0.197985	0	-1.05e+06	0	-0.118959	
1287	0.000153533	0.198139	0	-1.05e+06	0	-0.121723	
1288	0.000153433	0.198292	0	-1.05e+06	0	-0.124506	
1289	0.000153338	0.198446	0	-1.05e+06	0	-0.127308	
1290	0.000153249	0.198599	0	-1.05e+06	0	-0.130129	
1291	0.000153165	0.198752	0	-1.05e+06	0	-0.132968	
1292	0.000153086	0.198905	0	-1.05e+06	0	-0.135826	
1293	0.000153013	0.199059	0	-1.05e+06	0	-0.138701	
1294	0.000152945	0.199212	0	-1.05e+06	0	-0.141595	
1295	0.000152882	0.199364	0	-1.05e+06	0	-0.144506	
1296	0.000152824	0.199517	0	-1.05e+06	0	-0.147435	
1297	0.000152772	0.19967	0	-1.05e+06	0	-0.150381	
1298	0.000152725	0.199823	0	-1.05e+06	0	-0.153345	
1299	0.000152684	0.199976	0	-1.05e+06	0	-0.156326	
1300	0.000152647	0.200128	0	-1.05e+06	0	-0.159323	
1301	0.000152616	0.200281	0	-1.05e+06	0	-0.162338	
1302	0.00015259	0.200434	0	-1.05e+06	0	-0.165369	
1303	0.00015257	0.200586	0	-1.05e+06	0	-0.168417	
1304	0.000152554	0.200739	0	-1.05e+06	0	-0.171481	
1305	0.000152543	0.200891	0	-1.05e+06	0	-0.174561	
1306	0.000152538	0.201044	0	-1.05e+06	0	-0.177658	
1307	0.000152537	0.201196	0	-1.05e+06	0	-0.18077	
1308	0.000152541	0.201349	0	-1.05e+06	0	-0.183899	
1309	0.00015255	0.201502	0	-1.05e+06	0	-0.187043	
1310	0.000152564	0.201654	0	-1.05e+06	0	-0.190203	
1311	0.000152583	0.201807	0	-1.05e+06	0	-0.193379	
1312	0.000152606	0.201959	0	-1.05e+06	0	-0.19657	
1313	0.000152634	0.202112	0	-1.05e+06	0	-0.199777	
1314	0.000152667	0.202264	0	-1.05e+06	0	-0.202999	
1315	0.000152704	0.202417	0	-1.05e+06	0	-0.206236	
1316	0.000152745	0.20257	0	-1.05e+06	0	-0.209489	
1317	0.00015279	0.202723	0	-1.05e+06	0	-0.212756	
1318	0.00015284	0.202875	0	-1.05e+06	0	-0.216039	
1319	0.000152893	0.203028	0	-1.05e+06	0	-0.219337	
1320	0.000152951	0.203181	0	-1.05e+06	0	-0.22265	
1321	0.000153012	0.203334	0	-1.05e+06	0	-0.225977	
1322	0.000153078	0.203487	0	-1.05e+06	0	-0.22932	
1323	0.000153146	0.20364	0	-1.05e+06	0	-0.232677	
1324	0.000153219	0.203793	0	-1.05e+06	0	-0.236049	
1325	0.000153295	0.203946	0	-1.05e+06	0	-0.239436	
1326	0.000153374	0.2041	0	-1.05e+06	0	-0.242838	
1327	0.000153457	0.204253	0	-1.05e+06	0	-0.246254	
1328	0.000153542	0.204407	0	-1.05e+06	0	-0.249686	
1329	0.000153631	0.20456	0	-1.05e+06	0	-0.253131	
1330	0.000153723	0.204714	0	-1.05e+06	0	-0.256592	
1331	0.000153818	0.204868	0	-1.05e+06	0	-0.260067	
1332	0.000153915	0.205021	0	-1.05e+06	0	-0.263557	
1333	0.000154015	0.205175	0	-1.05e+06	0	-0.267062	
1334	0.000154118	0.205329	0	-1.05e+06	0	-0.270582	
1335	0.000154224	0.205483	0	-1.05e+06	0	-0.274116	
1336	0.000154331	0.205638	0	-1.05e+06	0	-0.277665	
1337	0.000154441	0.205792	0	-1.05e+06	0	-0.281229	
1338	0.000154554	0.205946	0	-1.05e+06	0	-0.284807	
1339	0.000154668	0.206101	0	-1.05e+06	0	-0.288401	
1340	0.000154785	0.206256	0	-1.05e+06	0	-0.292009	
1341	0.000154904	0.20641	0	-1.05e+06	0	-0.295633	
1342	0.000155025	0.206565	0	-1.05e+06	0	-0.299271	
1343	0.000155147	0.20672	0	-1.05e+06	0	-0.302924	
1344	0.000155272	0.206875	0	-1.05e+06	0	-0.306593	
1345	0.000155399	0.207031	0	-1.05e+06	0	-0.310276	
1346	0.000155527	0.207186	0	-1.05e+06	0	-0.313975	
1347	0.000155657	0.207342	0	-1.05e+06	0	-0.317689	
1348	0.000155789	0.207497	0	-1.05e+06	0	-0.321418	
1349	0.000155922	0.207653	0	-1.05e+06	0	-0.325162	
1350	0.000156058	0.207809	0	-1.05e+06	0	-0.328922	
1351	0.000156195	0.207965	0	-1.05e+06	0	-0.332697	
1352	0.000156333	0.208121	0	-1.05e+06	0	-0.336487	
1353	0.000156473	0.208278	0	-1.05e+06	0	-0.340293	
1354	0.000156615	0.208434	0	-1.05e+06	0	-0.344115	
1355	0.000156759	0.208591	0	-1.05e+06	0	-0.347952	
1356	0.000156904	0.208747	0	-1.05e+06	0	-0.351804	
1357	0.000157051	0.208904	0	-1.05e+06	0	-0.355673	
1358	0.000157199	0.209061	0	-1.05e+06	0	-0.359557	
1359	0.00015735	0.209219	0	-1.05e+06	0	-0.363456	
1360	0.000157501	0.209376	0	-1.05e+06	0	-0.367372	
1361	0.000157655	0.209533	0	-1.05e+06	0	-0.371303	
1362	0.00015781	0.209691	0	-1.05e+06	0	-0.37525	
1363	0.000157967	0.209849	0	-1.05e+06	0	-0.379213	
1364	0.000158126	0.210007	0	-1.05e+06	0	-0.383191	
1365	0.000158286	0.210165	0	-1.05e+06	0	-0.387186	
1366	0.000158448	0.210323	0	-1.05e+06	0	-0.391196	
1367	0.000158612	0.210482	0	-1.05e+06	0	-0.395223	
1368	0.000158777	0.21064	0	-1.05e+06	0	-0.399265	
1369	0.000158945	0.210799	0	-1.05e+06	0	-0.403324	
1370	0.000159114	0.210958	0	-1.05e+06	0	-0.407398	
1371	0.000159284	0.211117	0	-1.05e+06	0	-0.411488	
1372	0.000159457	0.211276	0	-1.05e+06	0	-0.415595	
1373	0.000159631	0.211436	0	-1.05e+06	0	-0.419717	
1374	0.000159807	0.211596	0	-1.05e+06	0	-0.423855	
1375	0.000159985	0.211755	0	-1.05e+06	0	-0.42801	
1376	0.000160164	0.211915	0	-1.05e+06	0	-0.43218	
1377	0.000160345	0.212076	0	-1.05e+06	0	-0.436366	
1378	0.000160527	0.212236	0	-1.05e+06	0	-0.440568	
1379	0.000160711	0.212396	0	-1.05e+06	0	-0.444786	
1380	0.000160897	0.212557	0	-1.05e+06	0	-0.44902	
1381	0.000161083	0.212718	0	-1.05e+06	0	-0.453269	
1382	0.000161271	0.212879	0	-1.05e+06	0	-0.457534	
1383	0.00016146	0.21304	0	-1.05e+06	0	-0.461815	
1384	0.00016165	0.213202	0	-1.05e+06	0	-0.466112	
1385	0.00016184	0.213363	0	-1.05e+06	0	-0.470424	
1386	0.000162032	0.213525	0	-1.05e+06	0	-0.474752	
1387	0.000162214	0.213687	0	-1.05e+06	0	-0.479094	
1388	0.000162323	0.21385	0	-1.05e+06	0	-0.48345	
1389	0.000162387	0.214012	0	-1.05e+06	0	-0.487818	
1390	0.000162449	0.214174	0	-1.05e+06	0	-0.492197	
1391	0.000162511	0.214337	0	-1.05e+06	0	-0.496587	
1392	0.000162573	0.214499	0	-1.05e+06	0	-0.500989	
1393	0.000162633	0.214662	0	-1.05e+06	0	-0.505402	
1394	0.000162639	0.214824	0	-1.05e+06	0	-0.509824	
1395	0.000162641	0.214987	0	-1.05e+06	0	-0.514256	
1396	0.000162643	0.21515	0	-1.05e+06	0	-0.518696	
1397	0.000162644	0.215312	0	-1.05e+06	0	-0.523146	
1398	0.000162645	0.215475	0	-1.05e+06	0	-0.527604	
1399	0.000162644	0.215638	0	-1.05e+06	0	-0.532071	
1400	0.000162643	0.2158	0	-1.05e+06	0	-0.536546	
1401	0.000162641	0.215963	0	-1.05e+06	0	-0.541029	
1402	0.000162628	0.216126	0	-1.05e+06	0	-0.54552	
1403	0.000162595	0.216288	0	-1.05e+06	0	-0.550017	
1404	0.000162562	0.216451	0	-1.05e+06	0	-0.554522	
1405	0.000162529	0.216613	0	-1.05e+06	0	-0.559033	
1406	0.000162495	0.216776	0	-1.05e+06	0	-0.56355	
1407	0.000162456	0.216938	0	-1.05e+06	0	-0.568074	
1408	0.000162403	0.217101	0	-1.05e+06	0	-0.572602	
1409	0.00016235	0.217263	0	-1.05e+06	0	-0.577137	
1410	0.000162296	0.217426	0	-1.05e+06	0	-0.581676	
1411	0.000162243	0.217588	0	-1.05e+06	0	-0.58622	
1412	0.000162189	0.21775	0	-1.05e+06	0	-0.590768	
1413	0.000162135	0.217912	0	-1.05e+06	0	-0.595321	
1414	0.00016208	0.218074	0	-1.05e+06	0	-0.599879	
1415	0.000162026	0.218237	0	-1.05e+06	0	-0.60444	
1416	0.000161971	0.218399	0	-1.05e+06	0	-0.609005	
1417	0.000161916	0.218561	0	-1.05e+06	0	-0.613574	
1418	0.000161861	0.218722	0	-1.05e+06	0	-0.618147	
1419	0.000161805	0.218884	0	-1.05e+06	0	-0.622722	
1420	0.00016175	0.219046	0	-1.05e+06	0	-0.627301	
1421	0.000161694	0.219208	0	-1.05e+06	0	-0.631882	
1422	0.000161629	0.21937	0	-1.05e+06	0	-0.636466	
1423	0.000161561	0.219531	0	-1.05e+06	0	-0.641051	
1424	0.000161493	0.219693	0	-1.05e+06	0	-0.645639	
1425	0.000161426	0.219854	0	-1.05e+06	0	-0.650228	
1426	0.000161359	0.220016	0	-1.05e+06	0	-0.654819	
1427	0.000161292	0.220177	0	-1.05e+06	0	-0.659411	
1428	0.000161225	0.220338	0	-1.05e+06	0	-0.664004	
1429	0.000161159	0.2205	0	-1.05e+06	0	-0.668597	
1430	0.000161093	0.220661	0	-1.05e+06	0	-0.673192	
1431	0.000161027	0.220822	0	-1.05e+06	0	-0.677787	
1432	0.000160962	0.220983	0	-1.05e+06	0	-0.682382	
1433	0.000160897	0.221144	0	-1.05e+06	0	-0.686978	
1434	0.000160832	0.221305	0	-1.05e+06	0	-0.691573	
1435	0.000160767	0.221466	0	-1.05e+06	0	-0.696168	
1436	0.000160703	0.221626	0	-1.05e+06	0	-0.700762	
1437	0.000160638	0.221787	0	-1.05e+06	0	-0.705356	
1438	0.000160574	0.221948	0	-1.05e+06	0	-0.709949	
1439	0.000160511	0.222108	0	-1.05e+06	0	-0.714541	
1440	0.000160447	0.222269	0	-1.05e+06	0	-0.719132	
1441	0.000160384	0.222429	0	-1.05e+06	0	-0.723721	
1442	0.000160321	0.22259	0	-1.05e+06	0	-0.728309	
1443	0.000160252	0.22275	0	-1.05e+06	0	-0.732895	
1444	0.000160168	0.22291	0	-1.05e+06	0	-0.737478	
1445	0.000160081	0.22307	0	-1.05e+06	0	-0.742058	
1446	0.000159995	0.22323	0	-1.05e+06	0	-0.746636	
1447	0.000159909	0.22339	0	-1.05e+06	0	-0.75121	
1448	0.000159823	0.22355	0	-1.05e+06	0	-0.755781	
1449	0.000159737	0.22371	0	-1.05e+06	0	-0.760349	
1450	0.000159651	0.22387	0	-1.05e+06	0	-0.764913	
1451	0.000159566	0.224029	0	-1.05e+06	0	-0.769473	
1452	0.00015948	0.224189	0	-1.05e+06	0	-0.774029	
1453	0.000159394	0.224349	0	-1.05e+06	0	-0.778581	
1454	0.000159309	0.224508	0	-1.05e+06	0	-0.783129	
1455	0.000159224	0.224667	0	-1.05e+06	0	-0.787672	
1456	0.000159138	0.224826	0	-1.05e+06	0	-0.792211	
1457	0.000159053	0.224986	0	-1.05e+06	0	-0.796745	
1458	0.000158968	0.225145	0	-1.05e+06	0	-0.801274	
1459	0.000158883	0.225304	0	-1.05e+06	0	-0.805798	
1460	0.000158798	0.225462	0	-1.05e+06	0	-0.810318	
1461	0.000158713	0.225621	0	-1.05e+06	0	-0.814831	
1462	0.000158628	0.22578	0	-1.05e+06	0	-0.81934	
1463	0.000158544	0.225939	0	-1.05e+06	0	-0.823843	
1464	0.000158459	0.226097	0	-1.05e+06	0	-0.82834	
1465	0.000158375	0.226256	0	-1.05e+06	0	-0.832832	
1466	0.00015829	0.226414	0	-1.05e+06	0	-0.837318	
1467	0.000158206	0.226572	0	-1.05e+06	0	-0.841798	
1468	0.000158122	0.226731	0	-1.05e+06	0	-0.846272	
1469	0.000158038	0.226889	0	-1.05e+06	0	-0.85074	
1470	0.000157955	0.227047	0	-1.05e+06	0	-0.855201	
1471	0.000157871	0.227205	0	-1.05e+06	0	-0.859657	
1472	0.000157788	0.227362	0	-1.05e+06	0	-0.864106	
1473	0.000157705	0.22752	0	-1.05e+06	0	-0.868548	
1474	0.000157622	0.227678	0	-1.05e+06	0	-0.872984	
1475	0.000157539	0.227836	0	-1.05e+06	0	-0.877413	
1476	0.000157456	0.227993	0	-1.05e+06	0	-0.881836	
1477	0.000157374	0.228151	0	-1.05e+06	0	-0.886252	
1478	0.000157291	0.228308	0	-1.05e+06	0	-0.890661	
1479	0.000157209	0.228465	0	-1.05e+06	0	-0.895064	
1480	0.000157127	0.228622	0	-1.05e+06	0	-0.899459	
1481	0.000157046	0.22878	0	-1.05e+06	0	-0.903848	
1482	0.000156964	0.228937	0	-1.05e+06	0	-0.90823	
1483	0.0001568	0.229094	0	-1.05e+06	0	-0.912602	
1484	0.000156588	0.22925	0	-1.05e+06	0	-0.916964	
1485	0.000156375	0.229407	0	-1.05e+06	0	-0.921315	
1486	0.000156163	0.229563	0	-1.05e+06	0	-0.925656	
1487	0.00015592	0.22972	0	-1.05e+06	0	-0.929985	
1488	0.000155668	0.229875	0	-1.05e+06	0	-0.934302	
1489	0.000155417	0.230031	0	-1.05e+06	0	-0.938608	
1490	0.000155165	0.230187	0	-1.05e+06	0	-0.942901	
1491	0.000154871	0.230342	0	-1.05e+06	0	-0.947182	
1492	0.000154541	0.230497	0	-1.05e+06	0	-0.951449	
1493	0.000154212	0.230651	0	-1.05e+06	0	-0.955702	
1494	0.000153882	0.230805	0	-1.05e+06	0	-0.959941	
1495	0.000153552	0.230959	0	-1.05e+06	0	-0.964166	
1496	0.000153221	0.231113	0	-1.05e+06	0	-0.968378	
1497	0.000152891	0.231266	0	-1.05e+06	0	-0.972576	
1498	0.000152561	0.231419	0	-1.05e+06	0	-0.97676	
1499	0.000152232	0.231571	0	-1.05e+06	0	-0.98093	
1500	0.000151902	0.231724	0	-1.05e+06	0	-0.985087	
