Step	dt	Time	fbody_x	fbody_y	fbody_z	dy_tip	
0	1e-16	0	0	0	0	2.38419e-08	
1	1e-16	0	0	-1.05e+06	0	2.38419e-08	
2	0.000279285	1e-16	0	-1.05e+06	0	-7.79762e-05	
3	0.000279122	0.000279285	0	-1.05e+06	0	-0.000233839	
4	0.000278826	0.000558406	0	-1.05e+06	0	-0.000467282	
5	0.000278417	0.000837232	0	-1.05e+06	0	-0.000777898	
6	0.000277909	0.00111565	0	-1.05e+06	0	-0.00116518	
7	0.000277312	0.00139356	0	-1.05e+06	0	-0.00162853	
8	0.000276637	0.00167087	0	-1.05e+06	0	-0.00216729	
9	0.000275892	0.00194751	0	-1.05e+06	0	-0.00278071	
10	0.000275087	0.0022234	0	-1.05e+06	0	-0.00346801	
11	0.00027423	0.00249849	0	-1.05e+06	0	-0.00422837	
12	0.000273331	0.00277272	0	-1.05e+06	0	-0.00506095	
13	0.000272397	0.00304605	0	-1.05e+06	0	-0.00596489	
14	0.000271436	0.00331845	0	-1.05e+06	0	-0.00693931	
15	0.000270455	0.00358988	0	-1.05e+06	0	-0.00798336	
16	0.000269461	0.00386034	0	-1.05e+06	0	-0.00909618	
17	0.000268459	0.0041298	0	-1.05e+06	0	-0.0102769	
18	0.000267453	0.00439826	0	-1.05e+06	0	-0.0115248	
19	0.00026645	0.00466571	0	-1.05e+06	0	-0.012839	
20	0.000265451	0.00493216	0	-1.05e+06	0	-0.0142187	
21	0.00026446	0.00519761	0	-1.05e+06	0	-0.0156632	
22	0.000263478	0.00546207	0	-1.05e+06	0	-0.0171717	
23	0.000262509	0.00572555	0	-1.05e+06	0	-0.0187436	
24	0.000261553	0.00598806	0	-1.05e+06	0	-0.0203782	
25	0.000260611	0.00624961	0	-1.05e+06	0	-0.0220749	
26	0.000259682	0.00651022	0	-1.05e+06	0	-0.0238329	
27	0.000258769	0.0067699	0	-1.05e+06	0	-0.0256517	
28	0.000257869	0.00702867	0	-1.05e+06	0	-0.0275307	
29	0.000256984	0.00728654	0	-1.05e+06	0	-0.0294692	
30	0.000256111	0.00754353	0	-1.05e+06	0	-0.0314668	
31	0.000255252	0.00779964	0	-1.05e+06	0	-0.0335228	
32	0.000254405	0.00805489	0	-1.05e+06	0	-0.0356368	
33	0.000253569	0.00830929	0	-1.05e+06	0	-0.037808	
34	0.000252744	0.00856286	0	-1.05e+06	0	-0.0400361	
35	0.000251929	0.00881561	0	-1.05e+06	0	-0.0423205	
36	0.000251124	0.00906753	0	-1.05e+06	0	-0.0446606	
37	0.000250327	0.00931866	0	-1.05e+06	0	-0.047056	
38	0.000249539	0.00956898	0	-1.05e+06	0	-0.0495061	
39	0.000248759	0.00981852	0	-1.05e+06	0	-0.0520104	
40	0.000247987	0.0100673	0	-1.05e+06	0	-0.0545685	
41	0.000247222	0.0103153	0	-1.05e+06	0	-0.0571798	
42	0.000246465	0.0105625	0	-1.05e+06	0	-0.0598438	
43	0.000245716	0.010809	0	-1.05e+06	0	-0.0625601	
44	0.000244974	0.0110547	0	-1.05e+06	0	-0.0653282	
45	0.00024424	0.0112996	0	-1.05e+06	0	-0.0681477	
46	0.000243514	0.0115439	0	-1.05e+06	0	-0.0710181	
47	0.000242796	0.0117874	0	-1.05e+06	0	-0.073939	
48	0.000242088	0.0120302	0	-1.05e+06	0	-0.07691	
49	0.00024139	0.0122723	0	-1.05e+06	0	-0.0799307	
50	0.000240701	0.0125137	0	-1.05e+06	0	-0.0830006	
51	0.000240024	0.0127544	0	-1.05e+06	0	-0.0861196	
52	0.000239359	0.0129944	0	-1.05e+06	0	-0.0892872	
53	0.000238707	0.0132338	0	-1.05e+06	0	-0.0925032	
54	0.000238069	0.0134725	0	-1.05e+06	0	-0.0957673	
55	0.000237445	0.0137105	0	-1.05e+06	0	-0.0990791	
56	0.000236838	0.013948	0	-1.05e+06	0	-0.102439	
57	0.000236247	0.0141848	0	-1.05e+06	0	-0.105846	
58	0.000235675	0.0144211	0	-1.05e+06	0	-0.1093	
59	0.000235121	0.0146567	0	-1.05e+06	0	-0.112801	
60	0.000234589	0.0148919	0	-1.05e+06	0	-0.11635	
61	0.000234078	0.0151265	0	-1.05e+06	0	-0.119945	
62	0.00023359	0.0153605	0	-1.05e+06	0	-0.123588	
63	0.000233126	0.0155941	0	-1.05e+06	0	-0.127277	
64	0.000232687	0.0158272	0	-1.05e+06	0	-0.131014	
65	0.000232275	0.0160599	0	-1.05e+06	0	-0.134798	
66	0.000231891	0.0162922	0	-1.05e+06	0	-0.13863	
67	0.000231535	0.0165241	0	-1.05e+06	0	-0.142509	
68	0.00023121	0.0167556	0	-1.05e+06	0	-0.146437	
69	0.000230915	0.0169868	0	-1.05e+06	0	-0.150412	
70	0.000230653	0.0172178	0	-1.05e+06	0	-0.154436	
71	0.000230425	0.0174484	0	-1.05e+06	0	-0.15851	
72	0.00023023	0.0176788	0	-1.05e+06	0	-0.162632	
73	0.00023007	0.0179091	0	-1.05e+06	0	-0.166805	
74	0.000229946	0.0181391	0	-1.05e+06	0	-0.171028	
75	0.000229803	0.0183691	0	-1.05e+06	0	-0.175301	
76	0.000229694	0.0185989	0	-1.05e+06	0	-0.179625	
77	0.00022962	0.0188286	0	-1.05e+06	0	-0.183999	
78	0.000229582	0.0190582	0	-1.05e+06	0	-0.188426	
79	0.000229579	0.0192878	0	-1.05e+06	0	-0.192904	
80	0.000229611	0.0195174	0	-1.05e+06	0	-0.197436	
81	0.000229678	0.019747	0	-1.05e+06	0	-0.202021	
82	0.00022978	0.0199766	0	-1.05e+06	0	-0.20666	
83	0.000229917	0.0202064	0	-1.05e+06	0	-0.211355	
84	0.000230088	0.0204363	0	-1.05e+06	0	-0.216105	
85	0.000230291	0.0206664	0	-1.05e+06	0	-0.220911	
86	0.000230527	0.0208967	0	-1.05e+06	0	-0.225775	
87	0.000230793	0.0211272	0	-1.05e+06	0	-0.230696	
88	0.000231089	0.021358	0	-1.05e+06	0	-0.235675	
89	0.000231413	0.0215891	0	-1.05e+06	0	-0.240713	
90	0.000231762	0.0218205	0	-1.05e+06	0	-0.245811	
91	0.000232136	0.0220523	0	-1.05e+06	0	-0.250969	
92	0.000232531	0.0222844	0	-1.05e+06	0	-0.256187	
93	0.000232945	0.022517	0	-1.05e+06	0	-0.261466	
94	0.000233376	0.0227499	0	-1.05e+06	0	-0.266807	
95	0.000233821	0.0229833	0	-1.05e+06	0	-0.272209	
96	0.000234276	0.0232171	0	-1.05e+06	0	-0.277672	
97	0.000234738	0.0234514	0	-1.05e+06	0	-0.283197	
98	0.00023484	0.0236861	0	-1.05e+06	0	-0.288775	
99	0.000234874	0.023921	0	-1.05e+06	0	-0.294403	
100	0.000234934	0.0241558	0	-1.05e+06	0	-0.300082	
101	0.000235021	0.0243908	0	-1.05e+06	0	-0.305812	
102	0.000235137	0.0246258	0	-1.05e+06	0	-0.311593	
103	0.000235223	0.0248609	0	-1.05e+06	0	-0.317423	
104	0.000235335	0.0250962	0	-1.05e+06	0	-0.323303	
105	0.00023548	0.0253315	0	-1.05e+06	0	-0.329233	
106	0.00023566	0.025567	0	-1.05e+06	0	-0.335212	
107	0.000235873	0.0258026	0	-1.05e+06	0	-0.341242	
108	0.000236119	0.0260385	0	-1.05e+06	0	-0.347321	
109	0.000236397	0.0262746	0	-1.05e+06	0	-0.35345	
110	0.000236705	0.026511	0	-1.05e+06	0	-0.359629	
111	0.000237041	0.0267477	0	-1.05e+06	0	-0.365857	
112	0.0002374	0.0269848	0	-1.05e+06	0	-0.372135	
113	0.000237781	0.0272222	0	-1.05e+06	0	-0.378462	
114	0.000238178	0.02746	0	-1.05e+06	0	-0.384838	
115	0.000238587	0.0276981	0	-1.05e+06	0	-0.391261	
116	0.000238866	0.0279367	0	-1.05e+06	0	-0.397727	
117	0.000238958	0.0281756	0	-1.05e+06	0	-0.404231	
118	0.000239061	0.0284145	0	-1.05e+06	0	-0.41077	
119	0.000239177	0.0286536	0	-1.05e+06	0	-0.417344	
120	0.000239307	0.0288928	0	-1.05e+06	0	-0.423953	
121	0.000239453	0.0291321	0	-1.05e+06	0	-0.430595	
122	0.000239617	0.0293715	0	-1.05e+06	0	-0.437269	
123	0.0002398	0.0296112	0	-1.05e+06	0	-0.443976	
124	0.000240002	0.029851	0	-1.05e+06	0	-0.450714	
125	0.000240222	0.030091	0	-1.05e+06	0	-0.457482	
126	0.00024046	0.0303312	0	-1.05e+06	0	-0.46428	
127	0.000240702	0.0305716	0	-1.05e+06	0	-0.471107	
128	0.000240924	0.0308123	0	-1.05e+06	0	-0.477961	
129	0.000241152	0.0310533	0	-1.05e+06	0	-0.484841	
130	0.000241338	0.0312944	0	-1.05e+06	0	-0.491745	
131	0.000241337	0.0315358	0	-1.05e+06	0	-0.498666	
132	0.000241341	0.0317771	0	-1.05e+06	0	-0.505604	
133	0.000241318	0.0320184	0	-1.05e+06	0	-0.512556	
134	0.000241247	0.0322598	0	-1.05e+06	0	-0.51952	
135	0.000241182	0.032501	0	-1.05e+06	0	-0.526496	
136	0.000241127	0.0327422	0	-1.05e+06	0	-0.533483	
137	0.000241083	0.0329833	0	-1.05e+06	0	-0.54048	
138	0.000241048	0.0332244	0	-1.05e+06	0	-0.547487	
139	0.000241022	0.0334654	0	-1.05e+06	0	-0.554503	
140	0.000241001	0.0337065	0	-1.05e+06	0	-0.561529	
141	0.000240986	0.0339475	0	-1.05e+06	0	-0.568562	
142	0.000240973	0.0341884	0	-1.05e+06	0	-0.575604	
143	0.000240856	0.0344294	0	-1.05e+06	0	-0.58265	
144	0.000240669	0.0346703	0	-1.05e+06	0	-0.589697	
145	0.000240482	0.0349109	0	-1.05e+06	0	-0.596747	
146	0.000240297	0.0351514	0	-1.05e+06	0	-0.603797	
147	0.000240117	0.0353917	0	-1.05e+06	0	-0.610849	
148	0.000239943	0.0356318	0	-1.05e+06	0	-0.617901	
149	0.000239778	0.0358718	0	-1.05e+06	0	-0.624954	
150	0.000239623	0.0361116	0	-1.05e+06	0	-0.632008	
151	0.000239481	0.0363512	0	-1.05e+06	0	-0.639064	
152	0.000239352	0.0365907	0	-1.05e+06	0	-0.64612	
153	0.000239236	0.03683	0	-1.05e+06	0	-0.653179	
154	0.000239134	0.0370693	0	-1.05e+06	0	-0.66024	
155	0.000239044	0.0373084	0	-1.05e+06	0	-0.667303	
156	0.000238965	0.0375474	0	-1.05e+06	0	-0.674368	
157	0.000238895	0.0377864	0	-1.05e+06	0	-0.681437	
158	0.000238833	0.0380253	0	-1.05e+06	0	-0.688509	
159	0.000238775	0.0382641	0	-1.05e+06	0	-0.695583	
160	0.000238719	0.0385029	0	-1.05e+06	0	-0.702662	
161	0.000238662	0.0387416	0	-1.05e+06	0	-0.709743	
162	0.000238601	0.0389803	0	-1.05e+06	0	-0.716828	
163	0.000238389	0.0392189	0	-1.05e+06	0	-0.723911	
164	0.000238155	0.0394573	0	-1.05e+06	0	-0.730992	
165	0.000237925	0.0396954	0	-1.05e+06	0	-0.738071	
166	0.000237699	0.0399333	0	-1.05e+06	0	-0.745149	
167	0.00023748	0.040171	0	-1.05e+06	0	-0.752225	
168	0.00023727	0.0404085	0	-1.05e+06	0	-0.759299	
169	0.000237069	0.0406458	0	-1.05e+06	0	-0.766372	
170	0.000236879	0.0408829	0	-1.05e+06	0	-0.773445	
171	0.000236699	0.0411197	0	-1.05e+06	0	-0.780516	
172	0.000236531	0.0413564	0	-1.05e+06	0	-0.787587	
173	0.000236287	0.041593	0	-1.05e+06	0	-0.794655	
174	0.000235958	0.0418293	0	-1.05e+06	0	-0.801718	
175	0.000235631	0.0420652	0	-1.05e+06	0	-0.808774	
176	0.000235311	0.0423009	0	-1.05e+06	0	-0.815825	
177	0.000234997	0.0425362	0	-1.05e+06	0	-0.82287	
178	0.000234691	0.0427712	0	-1.05e+06	0	-0.829909	
179	0.000234396	0.0430059	0	-1.05e+06	0	-0.836943	
180	0.000234111	0.0432402	0	-1.05e+06	0	-0.843971	
181	0.000233838	0.0434744	0	-1.05e+06	0	-0.850993	
182	0.000233578	0.0437082	0	-1.05e+06	0	-0.85801	
183	0.000233332	0.0439418	0	-1.05e+06	0	-0.865021	
184	0.000232932	0.0441751	0	-1.05e+06	0	-0.872021	
185	0.000232553	0.044408	0	-1.05e+06	0	-0.879012	
186	0.0002322	0.0446406	0	-1.05e+06	0	-0.885992	
187	0.000231875	0.0448728	0	-1.05e+06	0	-0.892963	
188	0.00023158	0.0451047	0	-1.05e+06	0	-0.899924	
189	0.000231316	0.0453362	0	-1.05e+06	0	-0.906878	
190	0.000231085	0.0455676	0	-1.05e+06	0	-0.913823	
191	0.000230886	0.0457986	0	-1.05e+06	0	-0.92076	
192	0.000230719	0.0460295	0	-1.05e+06	0	-0.92769	
193	0.000230582	0.0462603	0	-1.05e+06	0	-0.934614	
194	0.000230474	0.0464908	0	-1.05e+06	0	-0.941531	
195	0.000230391	0.0467213	0	-1.05e+06	0	-0.948441	
196	0.000230332	0.0469517	0	-1.05e+06	0	-0.955346	
197	0.000230024	0.047182	0	-1.05e+06	0	-0.962236	
198	0.00022968	0.0474121	0	-1.05e+06	0	-0.96911	
199	0.000229357	0.0476417	0	-1.05e+06	0	-0.975969	
200	0.000228824	0.0478711	0	-1.05e+06	0	-0.982805	
201	0.000228266	0.0480999	0	-1.05e+06	0	-0.989617	
202	0.000227654	0.0483282	0	-1.05e+06	0	-0.996403	
203	0.00022703	0.0485558	0	-1.05e+06	0	-1.00316	
204	0.000226416	0.0487829	0	-1.05e+06	0	-1.00989	
205	0.000225812	0.0490093	0	-1.05e+06	0	-1.0166	
206	0.000225221	0.0492351	0	-1.05e+06	0	-1.02327	
207	0.000224643	0.0494603	0	-1.05e+06	0	-1.02992	
208	0.000224081	0.049685	0	-1.05e+06	0	-1.03654	
209	0.000223535	0.049909	0	-1.05e+06	0	-1.04314	
210	0.000223008	0.0501326	0	-1.05e+06	0	-1.0497	
211	0.000222501	0.0503556	0	-1.05e+06	0	-1.05624	
212	0.000222015	0.0505781	0	-1.05e+06	0	-1.06275	
213	0.000221551	0.0508001	0	-1.05e+06	0	-1.06923	
214	0.000221112	0.0510217	0	-1.05e+06	0	-1.07569	
215	0.000220697	0.0512428	0	-1.05e+06	0	-1.08212	
216	0.000220308	0.0514635	0	-1.05e+06	0	-1.08852	
217	0.000219946	0.0516838	0	-1.05e+06	0	-1.0949	
218	0.000219592	0.0519037	0	-1.05e+06	0	-1.10125	
219	0.000219232	0.0521233	0	-1.05e+06	0	-1.10758	
220	0.000218898	0.0523425	0	-1.05e+06	0	-1.11387	
221	0.00021859	0.0525614	0	-1.05e+06	0	-1.12015	
222	0.000218309	0.05278	0	-1.05e+06	0	-1.12639	
223	0.000218053	0.0529983	0	-1.05e+06	0	-1.13261	
224	0.000217824	0.0532164	0	-1.05e+06	0	-1.13881	
225	0.00021762	0.0534342	0	-1.05e+06	0	-1.14498	
226	0.000217441	0.0536518	0	-1.05e+06	0	-1.15113	
227	0.000217286	0.0538693	0	-1.05e+06	0	-1.15726	
228	0.000217115	0.0540866	0	-1.05e+06	0	-1.16336	
229	0.000216949	0.0543037	0	-1.05e+06	0	-1.16944	
230	0.000216802	0.0545206	0	-1.05e+06	0	-1.17549	
231	0.000216671	0.0547374	0	-1.05e+06	0	-1.18152	
232	0.000216557	0.0549541	0	-1.05e+06	0	-1.18753	
233	0.000216458	0.0551707	0	-1.05e+06	0	-1.19351	
234	0.000216374	0.0553871	0	-1.05e+06	0	-1.19947	
235	0.000216302	0.0556035	0	-1.05e+06	0	-1.2054	
236	0.000216243	0.0558198	0	-1.05e+06	0	-1.21131	
237	0.000216195	0.056036	0	-1.05e+06	0	-1.2172	
238	0.000216156	0.0562522	0	-1.05e+06	0	-1.22307	
239	0.000216082	0.0564684	0	-1.05e+06	0	-1.22891	
240	0.000216019	0.0566845	0	-1.05e+06	0	-1.23473	
241	0.000215975	0.0569005	0	-1.05e+06	0	-1.24052	
242	0.000215949	0.0571165	0	-1.05e+06	0	-1.24629	
243	0.000215941	0.0573324	0	-1.05e+06	0	-1.25204	
244	0.000215951	0.0575483	0	-1.05e+06	0	-1.25776	
245	0.000215978	0.0577643	0	-1.05e+06	0	-1.26346	
246	0.000216023	0.0579803	0	-1.05e+06	0	-1.26914	
247	0.000216083	0.0581963	0	-1.05e+06	0	-1.2748	
248	0.00021611	0.0584124	0	-1.05e+06	0	-1.28043	
249	0.000216124	0.0586285	0	-1.05e+06	0	-1.28604	
250	0.000216138	0.0588446	0	-1.05e+06	0	-1.29162	
251	0.000216155	0.0590608	0	-1.05e+06	0	-1.29718	
252	0.000216173	0.0592769	0	-1.05e+06	0	-1.30271	
253	0.000216192	0.0594931	0	-1.05e+06	0	-1.30822	
254	0.000216214	0.0597093	0	-1.05e+06	0	-1.3137	
255	0.000216238	0.0599255	0	-1.05e+06	0	-1.31916	
256	0.000216264	0.0601417	0	-1.05e+06	0	-1.32459	
257	0.000216295	0.060358	0	-1.05e+06	0	-1.33	
258	0.000216219	0.0605743	0	-1.05e+06	0	-1.33538	
259	0.000216102	0.0607905	0	-1.05e+06	0	-1.34073	
260	0.000215999	0.0610066	0	-1.05e+06	0	-1.34604	
261	0.000215914	0.0612226	0	-1.05e+06	0	-1.35133	
262	0.000215848	0.0614385	0	-1.05e+06	0	-1.35659	
263	0.000215804	0.0616544	0	-1.05e+06	0	-1.36182	
264	0.000215783	0.0618702	0	-1.05e+06	0	-1.36702	
265	0.000215788	0.062086	0	-1.05e+06	0	-1.37219	
266	0.000215819	0.0623017	0	-1.05e+06	0	-1.37734	
267	0.000215877	0.0625176	0	-1.05e+06	0	-1.38245	
268	0.000215963	0.0627334	0	-1.05e+06	0	-1.38754	
269	0.000216076	0.0629494	0	-1.05e+06	0	-1.3926	
270	0.000216216	0.0631655	0	-1.05e+06	0	-1.39764	
271	0.000216382	0.0633817	0	-1.05e+06	0	-1.40264	
272	0.000216572	0.0635981	0	-1.05e+06	0	-1.40762	
273	0.000216785	0.0638146	0	-1.05e+06	0	-1.41258	
274	0.000217018	0.0640314	0	-1.05e+06	0	-1.4175	
275	0.000217269	0.0642485	0	-1.05e+06	0	-1.4224	
276	0.000217534	0.0644657	0	-1.05e+06	0	-1.42727	
277	0.000217809	0.0646833	0	-1.05e+06	0	-1.43212	
278	0.000218093	0.0649011	0	-1.05e+06	0	-1.43694	
279	0.00021838	0.0651192	0	-1.05e+06	0	-1.44173	
280	0.000218478	0.0653375	0	-1.05e+06	0	-1.44648	
281	0.000218548	0.065556	0	-1.05e+06	0	-1.45121	
282	0.00021856	0.0657746	0	-1.05e+06	0	-1.45589	
283	0.00021856	0.0659931	0	-1.05e+06	0	-1.46055	
284	0.000218577	0.0662117	0	-1.05e+06	0	-1.46516	
285	0.000218616	0.0664303	0	-1.05e+06	0	-1.46974	
286	0.000218677	0.0666489	0	-1.05e+06	0	-1.47429	
287	0.000218763	0.0668676	0	-1.05e+06	0	-1.4788	
288	0.000218875	0.0670863	0	-1.05e+06	0	-1.48327	
289	0.000219013	0.0673052	0	-1.05e+06	0	-1.48771	
290	0.000219177	0.0675242	0	-1.05e+06	0	-1.49212	
291	0.000219368	0.0677434	0	-1.05e+06	0	-1.49649	
292	0.000219583	0.0679627	0	-1.05e+06	0	-1.50082	
293	0.00021982	0.0681823	0	-1.05e+06	0	-1.50512	
294	0.000220078	0.0684022	0	-1.05e+06	0	-1.50938	
295	0.000220353	0.0686222	0	-1.05e+06	0	-1.51361	
296	0.000220641	0.0688426	0	-1.05e+06	0	-1.51781	
297	0.00022068	0.0690632	0	-1.05e+06	0	-1.52196	
298	0.000220669	0.0692839	0	-1.05e+06	0	-1.52608	
299	0.000220656	0.0695046	0	-1.05e+06	0	-1.53015	
300	0.000220646	0.0697252	0	-1.05e+06	0	-1.53418	
301	0.000220638	0.0699459	0	-1.05e+06	0	-1.53817	
302	0.000220637	0.0701665	0	-1.05e+06	0	-1.54211	
303	0.000220645	0.0703872	0	-1.05e+06	0	-1.54602	
304	0.000220662	0.0706078	0	-1.05e+06	0	-1.54988	
305	0.000220691	0.0708285	0	-1.05e+06	0	-1.5537	
306	0.000220734	0.0710491	0	-1.05e+06	0	-1.55748	
307	0.00022079	0.0712699	0	-1.05e+06	0	-1.56122	
308	0.000220862	0.0714907	0	-1.05e+06	0	-1.56492	
309	0.000220949	0.0717115	0	-1.05e+06	0	-1.56858	
310	0.000221052	0.0719325	0	-1.05e+06	0	-1.5722	
311	0.000221169	0.0721535	0	-1.05e+06	0	-1.57578	
312	0.00022129	0.0723747	0	-1.05e+06	0	-1.57931	
313	0.000221319	0.072596	0	-1.05e+06	0	-1.58281	
314	0.000221316	0.0728173	0	-1.05e+06	0	-1.58626	
315	0.000221323	0.0730386	0	-1.05e+06	0	-1.58968	
316	0.000221316	0.07326	0	-1.05e+06	0	-1.59305	
317	0.000221288	0.0734813	0	-1.05e+06	0	-1.59638	
318	0.000221227	0.0737026	0	-1.05e+06	0	-1.59966	
319	0.000221152	0.0739238	0	-1.05e+06	0	-1.60291	
320	0.000221054	0.0741449	0	-1.05e+06	0	-1.60611	
321	0.000220962	0.074366	0	-1.05e+06	0	-1.60927	
322	0.000220872	0.074587	0	-1.05e+06	0	-1.61239	
323	0.000220723	0.0748078	0	-1.05e+06	0	-1.61546	
324	0.000220589	0.0750285	0	-1.05e+06	0	-1.6185	
325	0.000220469	0.0752491	0	-1.05e+06	0	-1.62149	
326	0.000220365	0.0754696	0	-1.05e+06	0	-1.62444	
327	0.000220278	0.07569	0	-1.05e+06	0	-1.62736	
328	0.000220207	0.0759102	0	-1.05e+06	0	-1.63023	
329	0.000220152	0.0761305	0	-1.05e+06	0	-1.63306	
330	0.000220114	0.0763506	0	-1.05e+06	0	-1.63585	
331	0.000220091	0.0765707	0	-1.05e+06	0	-1.63861	
332	0.000220083	0.0767908	0	-1.05e+06	0	-1.64133	
333	0.000220089	0.0770109	0	-1.05e+06	0	-1.64401	
334	0.000220107	0.077231	0	-1.05e+06	0	-1.64665	
335	0.000220134	0.0774511	0	-1.05e+06	0	-1.64925	
336	0.000220154	0.0776712	0	-1.05e+06	0	-1.65182	
337	0.000219699	0.0778914	0	-1.05e+06	0	-1.65434	
338	0.000219256	0.0781111	0	-1.05e+06	0	-1.65683	
339	0.00021884	0.0783303	0	-1.05e+06	0	-1.65927	
340	0.000218458	0.0785492	0	-1.05e+06	0	-1.66167	
341	0.000218114	0.0787676	0	-1.05e+06	0	-1.66403	
342	0.000217812	0.0789857	0	-1.05e+06	0	-1.66635	
343	0.000217556	0.0792036	0	-1.05e+06	0	-1.66864	
344	0.000217348	0.0794211	0	-1.05e+06	0	-1.67088	
345	0.000217187	0.0796385	0	-1.05e+06	0	-1.67309	
346	0.000217076	0.0798556	0	-1.05e+06	0	-1.67526	
347	0.000217013	0.0800727	0	-1.05e+06	0	-1.6774	
348	0.000216997	0.0802897	0	-1.05e+06	0	-1.6795	
349	0.000217027	0.0805067	0	-1.05e+06	0	-1.68156	
350	0.000217098	0.0807238	0	-1.05e+06	0	-1.68359	
351	0.000217209	0.0809409	0	-1.05e+06	0	-1.68559	
352	0.000217355	0.0811581	0	-1.05e+06	0	-1.68755	
353	0.000217532	0.0813754	0	-1.05e+06	0	-1.68948	
354	0.000217735	0.081593	0	-1.05e+06	0	-1.69137	
355	0.00021796	0.0818107	0	-1.05e+06	0	-1.69323	
356	0.0002182	0.0820286	0	-1.05e+06	0	-1.69505	
357	0.000218452	0.0822469	0	-1.05e+06	0	-1.69684	
358	0.000218581	0.0824653	0	-1.05e+06	0	-1.69859	
359	0.000218691	0.0826839	0	-1.05e+06	0	-1.70031	
360	0.000218668	0.0829026	0	-1.05e+06	0	-1.70199	
361	0.000218662	0.0831212	0	-1.05e+06	0	-1.70363	
362	0.00021868	0.0833399	0	-1.05e+06	0	-1.70524	
363	0.000218724	0.0835586	0	-1.05e+06	0	-1.70681	
364	0.000218791	0.0837773	0	-1.05e+06	0	-1.70834	
365	0.000218879	0.0839961	0	-1.05e+06	0	-1.70984	
366	0.000218987	0.084215	0	-1.05e+06	0	-1.7113	
367	0.000219112	0.084434	0	-1.05e+06	0	-1.71272	
368	0.000219221	0.0846531	0	-1.05e+06	0	-1.7141	
369	0.000219204	0.0848723	0	-1.05e+06	0	-1.71545	
370	0.000219072	0.0850915	0	-1.05e+06	0	-1.71675	
371	0.000218942	0.0853106	0	-1.05e+06	0	-1.71802	
372	0.000218828	0.0855295	0	-1.05e+06	0	-1.71925	
373	0.000218734	0.0857483	0	-1.05e+06	0	-1.72043	
374	0.000218663	0.0859671	0	-1.05e+06	0	-1.72158	
375	0.000218615	0.0861857	0	-1.05e+06	0	-1.72269	
376	0.000218593	0.0864044	0	-1.05e+06	0	-1.72376	
377	0.000218598	0.0866229	0	-1.05e+06	0	-1.72479	
378	0.00021863	0.0868415	0	-1.05e+06	0	-1.72579	
379	0.000218689	0.0870602	0	-1.05e+06	0	-1.72674	
380	0.000218774	0.0872789	0	-1.05e+06	0	-1.72765	
381	0.000218883	0.0874976	0	-1.05e+06	0	-1.72853	
382	0.000219016	0.0877165	0	-1.05e+06	0	-1.72936	
383	0.000219169	0.0879355	0	-1.05e+06	0	-1.73016	
384	0.00021934	0.0881547	0	-1.05e+06	0	-1.73092	
385	0.000219402	0.088374	0	-1.05e+06	0	-1.73163	
386	0.00021937	0.0885934	0	-1.05e+06	0	-1.73231	
387	0.000219334	0.0888128	0	-1.05e+06	0	-1.73294	
388	0.000219291	0.0890322	0	-1.05e+06	0	-1.73354	
389	0.000219262	0.0892514	0	-1.05e+06	0	-1.73409	
390	0.000219248	0.0894707	0	-1.05e+06	0	-1.7346	
391	0.000219249	0.08969	0	-1.05e+06	0	-1.73508	
392	0.000219267	0.0899092	0	-1.05e+06	0	-1.73551	
393	0.000219299	0.0901285	0	-1.05e+06	0	-1.7359	
394	0.000219286	0.0903478	0	-1.05e+06	0	-1.73625	
395	0.000219277	0.0905671	0	-1.05e+06	0	-1.73655	
396	0.00021928	0.0907863	0	-1.05e+06	0	-1.73682	
397	0.000219294	0.0910056	0	-1.05e+06	0	-1.73705	
398	0.00021932	0.0912249	0	-1.05e+06	0	-1.73723	
399	0.000219357	0.0914442	0	-1.05e+06	0	-1.73737	
400	0.000219405	0.0916636	0	-1.05e+06	0	-1.73747	
401	0.000219463	0.091883	0	-1.05e+06	0	-1.73753	
402	0.00021953	0.0921025	0	-1.05e+06	0	-1.73754	
403	0.000219606	0.092322	0	-1.05e+06	0	-1.73752	
404	0.00021969	0.0925416	0	-1.05e+06	0	-1.73745	
405	0.00021978	0.0927613	0	-1.05e+06	0	-1.73734	
406	0.000219875	0.0929811	0	-1.05e+06	0	-1.73719	
407	0.000219975	0.0932009	0	-1.05e+06	0	-1.73699	
408	0.000220078	0.0934209	0	-1.05e+06	0	-1.73675	
409	0.000220183	0.093641	0	-1.05e+06	0	-1.73647	
410	0.000220289	0.0938612	0	-1.05e+06	0	-1.73615	
411	0.000220395	0.0940815	0	-1.05e+06	0	-1.73578	
412	0.0002205	0.0943019	0	-1.05e+06	0	-1.73537	
413	0.000220603	0.0945224	0	-1.05e+06	0	-1.73492	
414	0.000220704	0.094743	0	-1.05e+06	0	-1.73442	
415	0.000220801	0.0949637	0	-1.05e+06	0	-1.73388	
416	0.000220748	0.0951845	0	-1.05e+06	0	-1.73329	
417	0.000220633	0.0954052	0	-1.05e+06	0	-1.73266	
418	0.000220521	0.0956258	0	-1.05e+06	0	-1.73199	
419	0.000220414	0.0958464	0	-1.05e+06	0	-1.73127	
420	0.000220315	0.0960668	0	-1.05e+06	0	-1.73051	
421	0.000220224	0.0962871	0	-1.05e+06	0	-1.72971	
422	0.000220145	0.0965073	0	-1.05e+06	0	-1.72886	
423	0.000220079	0.0967275	0	-1.05e+06	0	-1.72797	
424	0.000220026	0.0969475	0	-1.05e+06	0	-1.72704	
425	0.000219989	0.0971676	0	-1.05e+06	0	-1.72606	
426	0.000219966	0.0973876	0	-1.05e+06	0	-1.72504	
427	0.000219959	0.0976075	0	-1.05e+06	0	-1.72397	
428	0.000219967	0.0978275	0	-1.05e+06	0	-1.72286	
429	0.000219988	0.0980474	0	-1.05e+06	0	-1.7217	
430	0.000220022	0.0982674	0	-1.05e+06	0	-1.7205	
431	0.000220066	0.0984875	0	-1.05e+06	0	-1.71925	
432	0.000220118	0.0987075	0	-1.05e+06	0	-1.71796	
433	0.000220096	0.0989276	0	-1.05e+06	0	-1.71662	
434	0.00021995	0.0991477	0	-1.05e+06	0	-1.71524	
435	0.000219811	0.0993677	0	-1.05e+06	0	-1.71381	
436	0.000219688	0.0995875	0	-1.05e+06	0	-1.71234	
437	0.000219581	0.0998072	0	-1.05e+06	0	-1.71083	
438	0.000219491	0.100027	0	-1.05e+06	0	-1.70927	
439	0.000219396	0.100246	0	-1.05e+06	0	-1.70767	
440	0.00021929	0.100466	0	-1.05e+06	0	-1.70602	
441	0.00021919	0.100685	0	-1.05e+06	0	-1.70433	
442	0.000219098	0.100904	0	-1.05e+06	0	-1.70259	
443	0.000219015	0.101123	0	-1.05e+06	0	-1.70081	
444	0.00021894	0.101342	0	-1.05e+06	0	-1.69898	
445	0.000218876	0.101561	0	-1.05e+06	0	-1.69711	
446	0.000218821	0.10178	0	-1.05e+06	0	-1.69519	
447	0.000218777	0.101999	0	-1.05e+06	0	-1.69323	
448	0.000218742	0.102218	0	-1.05e+06	0	-1.69123	
449	0.000218716	0.102436	0	-1.05e+06	0	-1.68918	
450	0.000218698	0.102655	0	-1.05e+06	0	-1.68708	
451	0.000218689	0.102874	0	-1.05e+06	0	-1.68494	
452	0.000218686	0.103093	0	-1.05e+06	0	-1.68275	
453	0.000218689	0.103311	0	-1.05e+06	0	-1.68052	
454	0.000218696	0.10353	0	-1.05e+06	0	-1.67825	
455	0.000218708	0.103749	0	-1.05e+06	0	-1.67593	
456	0.000218686	0.103967	0	-1.05e+06	0	-1.67356	
457	0.000218491	0.104186	0	-1.05e+06	0	-1.67115	
458	0.0002183	0.104404	0	-1.05e+06	0	-1.6687	
459	0.000218129	0.104623	0	-1.05e+06	0	-1.6662	
460	0.00021798	0.104841	0	-1.05e+06	0	-1.66367	
461	0.000217855	0.105059	0	-1.05e+06	0	-1.66109	
462	0.000217754	0.105277	0	-1.05e+06	0	-1.65846	
463	0.000217677	0.105494	0	-1.05e+06	0	-1.6558	
464	0.000217625	0.105712	0	-1.05e+06	0	-1.65309	
465	0.000217454	0.10593	0	-1.05e+06	0	-1.65034	
466	0.000217263	0.106147	0	-1.05e+06	0	-1.64755	
467	0.000217078	0.106364	0	-1.05e+06	0	-1.64471	
468	0.0002169	0.106582	0	-1.05e+06	0	-1.64184	
469	0.000216699	0.106798	0	-1.05e+06	0	-1.63892	
470	0.000216337	0.107015	0	-1.05e+06	0	-1.63597	
471	0.00021599	0.107232	0	-1.05e+06	0	-1.63298	
472	0.000215661	0.107448	0	-1.05e+06	0	-1.62995	
473	0.000215355	0.107663	0	-1.05e+06	0	-1.62689	
474	0.000215073	0.107879	0	-1.05e+06	0	-1.62378	
475	0.000214819	0.108094	0	-1.05e+06	0	-1.62064	
476	0.000214596	0.108308	0	-1.05e+06	0	-1.61746	
477	0.000214404	0.108523	0	-1.05e+06	0	-1.61424	
478	0.000214245	0.108737	0	-1.05e+06	0	-1.61098	
479	0.00021412	0.108952	0	-1.05e+06	0	-1.60769	
480	0.000214029	0.109166	0	-1.05e+06	0	-1.60435	
481	0.000213971	0.10938	0	-1.05e+06	0	-1.60097	
482	0.000213947	0.109594	0	-1.05e+06	0	-1.59756	
483	0.000213955	0.109808	0	-1.05e+06	0	-1.5941	
484	0.000213994	0.110022	0	-1.05e+06	0	-1.5906	
485	0.000214061	0.110236	0	-1.05e+06	0	-1.58706	
486	0.000214154	0.11045	0	-1.05e+06	0	-1.58348	
487	0.000214272	0.110664	0	-1.05e+06	0	-1.57986	
488	0.000214412	0.110878	0	-1.05e+06	0	-1.5762	
489	0.00021457	0.111093	0	-1.05e+06	0	-1.57249	
490	0.000214743	0.111307	0	-1.05e+06	0	-1.56874	
491	0.00021493	0.111522	0	-1.05e+06	0	-1.56495	
492	0.000215126	0.111737	0	-1.05e+06	0	-1.56111	
493	0.000215329	0.111952	0	-1.05e+06	0	-1.55724	
494	0.000215435	0.112167	0	-1.05e+06	0	-1.55332	
495	0.000215546	0.112383	0	-1.05e+06	0	-1.54936	
496	0.000215667	0.112598	0	-1.05e+06	0	-1.54535	
497	0.000215798	0.112814	0	-1.05e+06	0	-1.54131	
498	0.000215938	0.11303	0	-1.05e+06	0	-1.53723	
499	0.000216053	0.113246	0	-1.05e+06	0	-1.53311	
500	0.00021612	0.113462	0	-1.05e+06	0	-1.52894	
501	0.000216203	0.113678	0	-1.05e+06	0	-1.52474	
502	0.000216303	0.113894	0	-1.05e+06	0	-1.5205	
503	0.000216418	0.11411	0	-1.05e+06	0	-1.51621	
504	0.000216519	0.114327	0	-1.05e+06	0	-1.51189	
505	0.000216628	0.114543	0	-1.05e+06	0	-1.50753	
506	0.00021676	0.11476	0	-1.05e+06	0	-1.50313	
507	0.000216917	0.114977	0	-1.05e+06	0	-1.49869	
508	0.000217096	0.115194	0	-1.05e+06	0	-1.49421	
509	0.000217255	0.115411	0	-1.05e+06	0	-1.48969	
510	0.000217327	0.115628	0	-1.05e+06	0	-1.48513	
511	0.000217421	0.115845	0	-1.05e+06	0	-1.48054	
512	0.000217538	0.116063	0	-1.05e+06	0	-1.4759	
513	0.000217676	0.11628	0	-1.05e+06	0	-1.47123	
514	0.000217834	0.116498	0	-1.05e+06	0	-1.46652	
515	0.000218009	0.116716	0	-1.05e+06	0	-1.46178	
516	0.000218201	0.116934	0	-1.05e+06	0	-1.45699	
517	0.000218301	0.117152	0	-1.05e+06	0	-1.45216	
518	0.0002184	0.11737	0	-1.05e+06	0	-1.44731	
519	0.000218505	0.117589	0	-1.05e+06	0	-1.44241	
520	0.000218616	0.117807	0	-1.05e+06	0	-1.43748	
521	0.000218733	0.118026	0	-1.05e+06	0	-1.43251	
522	0.000218818	0.118244	0	-1.05e+06	0	-1.42751	
523	0.000218909	0.118463	0	-1.05e+06	0	-1.42247	
524	0.000219005	0.118682	0	-1.05e+06	0	-1.4174	
525	0.000219107	0.118901	0	-1.05e+06	0	-1.4123	
526	0.000219216	0.11912	0	-1.05e+06	0	-1.40716	
527	0.000219332	0.11934	0	-1.05e+06	0	-1.40198	
528	0.000219455	0.119559	0	-1.05e+06	0	-1.39678	
529	0.000219586	0.119778	0	-1.05e+06	0	-1.39154	
530	0.000219724	0.119998	0	-1.05e+06	0	-1.38626	
531	0.000219871	0.120218	0	-1.05e+06	0	-1.38096	
532	0.000220026	0.120438	0	-1.05e+06	0	-1.37561	
533	0.000220191	0.120658	0	-1.05e+06	0	-1.37024	
534	0.000220365	0.120878	0	-1.05e+06	0	-1.36483	
535	0.000220548	0.121098	0	-1.05e+06	0	-1.35939	
536	0.000220743	0.121319	0	-1.05e+06	0	-1.35392	
537	0.000220948	0.121539	0	-1.05e+06	0	-1.34841	
538	0.000221165	0.12176	0	-1.05e+06	0	-1.34287	
539	0.000221394	0.121981	0	-1.05e+06	0	-1.33729	
540	0.000221636	0.122203	0	-1.05e+06	0	-1.33169	
541	0.00022189	0.122425	0	-1.05e+06	0	-1.32604	
542	0.000222158	0.122646	0	-1.05e+06	0	-1.32037	
543	0.000222439	0.122869	0	-1.05e+06	0	-1.31466	
544	0.000222733	0.123091	0	-1.05e+06	0	-1.30892	
545	0.00022304	0.123314	0	-1.05e+06	0	-1.30314	
546	0.00022326	0.123537	0	-1.05e+06	0	-1.29734	
547	0.000223398	0.12376	0	-1.05e+06	0	-1.2915	
548	0.000223548	0.123983	0	-1.05e+06	0	-1.28564	
549	0.000223712	0.124207	0	-1.05e+06	0	-1.27974	
550	0.00022389	0.124431	0	-1.05e+06	0	-1.27382	
551	0.000224083	0.124655	0	-1.05e+06	0	-1.26787	
552	0.000224291	0.124879	0	-1.05e+06	0	-1.26189	
553	0.000224514	0.125103	0	-1.05e+06	0	-1.25588	
554	0.000224752	0.125327	0	-1.05e+06	0	-1.24984	
555	0.000225004	0.125552	0	-1.05e+06	0	-1.24377	
556	0.000225268	0.125777	0	-1.05e+06	0	-1.23767	
557	0.000225544	0.126003	0	-1.05e+06	0	-1.23154	
558	0.000225829	0.126228	0	-1.05e+06	0	-1.22538	
559	0.000226122	0.126454	0	-1.05e+06	0	-1.21919	
560	0.000226418	0.12668	0	-1.05e+06	0	-1.21298	
561	0.000226651	0.126906	0	-1.05e+06	0	-1.20673	
562	0.000226889	0.127133	0	-1.05e+06	0	-1.20046	
563	0.000227132	0.12736	0	-1.05e+06	0	-1.19416	
564	0.000227323	0.127587	0	-1.05e+06	0	-1.18784	
565	0.000227469	0.127814	0	-1.05e+06	0	-1.18149	
566	0.000227618	0.128042	0	-1.05e+06	0	-1.17512	
567	0.000227769	0.128269	0	-1.05e+06	0	-1.16872	
568	0.000227924	0.128497	0	-1.05e+06	0	-1.16231	
569	0.000228082	0.128725	0	-1.05e+06	0	-1.15587	
570	0.000228243	0.128953	0	-1.05e+06	0	-1.14941	
571	0.000228407	0.129182	0	-1.05e+06	0	-1.14292	
572	0.000228573	0.12941	0	-1.05e+06	0	-1.13642	
573	0.000228743	0.129638	0	-1.05e+06	0	-1.12989	
574	0.000228915	0.129867	0	-1.05e+06	0	-1.12334	
575	0.000229089	0.130096	0	-1.05e+06	0	-1.11678	
576	0.000229265	0.130325	0	-1.05e+06	0	-1.11019	
577	0.000229407	0.130555	0	-1.05e+06	0	-1.10358	
578	0.000229527	0.130784	0	-1.05e+06	0	-1.09695	
579	0.000229644	0.131013	0	-1.05e+06	0	-1.09031	
580	0.000229759	0.131243	0	-1.05e+06	0	-1.08365	
581	0.000229871	0.131473	0	-1.05e+06	0	-1.07697	
582	0.000229981	0.131703	0	-1.05e+06	0	-1.07028	
583	0.00023009	0.131933	0	-1.05e+06	0	-1.06357	
584	0.000230197	0.132163	0	-1.05e+06	0	-1.05685	
585	0.000230303	0.132393	0	-1.05e+06	0	-1.0501	
586	0.000230409	0.132623	0	-1.05e+06	0	-1.04335	
587	0.000230515	0.132854	0	-1.05e+06	0	-1.03658	
588	0.00023062	0.133084	0	-1.05e+06	0	-1.0298	
589	0.000230688	0.133315	0	-1.05e+06	0	-1.023	
590	0.000230713	0.133546	0	-1.05e+06	0	-1.01619	
591	0.000230741	0.133776	0	-1.05e+06	0	-1.00937	
592	0.000230774	0.134007	0	-1.05e+06	0	-1.00254	
593	0.000230811	0.134238	0	-1.05e+06	0	-0.995702	
594	0.000230797	0.134469	0	-1.05e+06	0	-0.988853	
595	0.000230659	0.134699	0	-1.05e+06	0	-0.981999	
596	0.000230515	0.13493	0	-1.05e+06	0	-0.975142	
597	0.000230368	0.135161	0	-1.05e+06	0	-0.96828	
598	0.00023022	0.135391	0	-1.05e+06	0	-0.961416	
599	0.000230071	0.135621	0	-1.05e+06	0	-0.954548	
600	0.00022992	0.135851	0	-1.05e+06	0	-0.947678	
601	0.00022977	0.136081	0	-1.05e+06	0	-0.940806	
602	0.000229619	0.136311	0	-1.05e+06	0	-0.933932	
603	0.000229469	0.13654	0	-1.05e+06	0	-0.927057	
604	0.00022932	0.13677	0	-1.05e+06	0	-0.92018	
605	0.000229173	0.136999	0	-1.05e+06	0	-0.913303	
606	0.000229027	0.137228	0	-1.05e+06	0	-0.906426	
607	0.000228884	0.137457	0	-1.05e+06	0	-0.899548	
608	0.000228744	0.137686	0	-1.05e+06	0	-0.892671	
609	0.000228607	0.137915	0	-1.05e+06	0	-0.885794	
610	0.000228475	0.138144	0	-1.05e+06	0	-0.878918	
611	0.000228347	0.138372	0	-1.05e+06	0	-0.872044	
612	0.000228225	0.138601	0	-1.05e+06	0	-0.86517	
613	0.000228108	0.138829	0	-1.05e+06	0	-0.858298	
614	0.000227997	0.139057	0	-1.05e+06	0	-0.851428	
615	0.000227894	0.139285	0	-1.05e+06	0	-0.84456	
616	0.000227798	0.139513	0	-1.05e+06	0	-0.837695	
617	0.000227711	0.139741	0	-1.05e+06	0	-0.830832	
618	0.000227632	0.139968	0	-1.05e+06	0	-0.823971	
619	0.000227561	0.140196	0	-1.05e+06	0	-0.817113	
620	0.000227501	0.140423	0	-1.05e+06	0	-0.810259	
621	0.000227449	0.140651	0	-1.05e+06	0	-0.803407	
622	0.000227408	0.140878	0	-1.05e+06	0	-0.796559	
623	0.000227376	0.141106	0	-1.05e+06	0	-0.789714	
624	0.000227354	0.141333	0	-1.05e+06	0	-0.782873	
625	0.000227342	0.141561	0	-1.05e+06	0	-0.776035	
626	0.00022734	0.141788	0	-1.05e+06	0	-0.769202	
627	0.000227346	0.142015	0	-1.05e+06	0	-0.762372	
628	0.000227362	0.142243	0	-1.05e+06	0	-0.755547	
629	0.000227385	0.14247	0	-1.05e+06	0	-0.748727	
630	0.000227416	0.142697	0	-1.05e+06	0	-0.741911	
631	0.000227454	0.142925	0	-1.05e+06	0	-0.735101	
632	0.000227499	0.143152	0	-1.05e+06	0	-0.728296	
633	0.000227459	0.14338	0	-1.05e+06	0	-0.721499	
634	0.000227378	0.143607	0	-1.05e+06	0	-0.714712	
635	0.000227308	0.143835	0	-1.05e+06	0	-0.707936	
636	0.000227248	0.144062	0	-1.05e+06	0	-0.70117	
637	0.000227199	0.144289	0	-1.05e+06	0	-0.694415	
638	0.000227162	0.144516	0	-1.05e+06	0	-0.68767	
639	0.000227138	0.144743	0	-1.05e+06	0	-0.680937	
640	0.000227127	0.144971	0	-1.05e+06	0	-0.674214	
641	0.000227129	0.145198	0	-1.05e+06	0	-0.667502	
642	0.000227145	0.145425	0	-1.05e+06	0	-0.660802	
643	0.000227174	0.145652	0	-1.05e+06	0	-0.654114	
644	0.000227216	0.145879	0	-1.05e+06	0	-0.647436	
645	0.000227271	0.146106	0	-1.05e+06	0	-0.640771	
646	0.000227338	0.146334	0	-1.05e+06	0	-0.634118	
647	0.000227417	0.146561	0	-1.05e+06	0	-0.627477	
648	0.000227508	0.146788	0	-1.05e+06	0	-0.620848	
649	0.00022761	0.147016	0	-1.05e+06	0	-0.614232	
650	0.000227721	0.147244	0	-1.05e+06	0	-0.607629	
651	0.000227842	0.147471	0	-1.05e+06	0	-0.60104	
652	0.000227971	0.147699	0	-1.05e+06	0	-0.594465	
653	0.000228107	0.147927	0	-1.05e+06	0	-0.587904	
654	0.000228217	0.148155	0	-1.05e+06	0	-0.581358	
655	0.000228247	0.148383	0	-1.05e+06	0	-0.574831	
656	0.000228282	0.148612	0	-1.05e+06	0	-0.568324	
657	0.000228325	0.14884	0	-1.05e+06	0	-0.561835	
658	0.000228375	0.149068	0	-1.05e+06	0	-0.555367	
659	0.000228434	0.149297	0	-1.05e+06	0	-0.548918	
660	0.000228502	0.149525	0	-1.05e+06	0	-0.542491	
661	0.000228581	0.149754	0	-1.05e+06	0	-0.536084	
662	0.000228671	0.149982	0	-1.05e+06	0	-0.529699	
663	0.000228772	0.150211	0	-1.05e+06	0	-0.523335	
664	0.000228885	0.15044	0	-1.05e+06	0	-0.516993	
665	0.000229011	0.150668	0	-1.05e+06	0	-0.510673	
666	0.000229149	0.150897	0	-1.05e+06	0	-0.504376	
667	0.0002293	0.151127	0	-1.05e+06	0	-0.498101	
668	0.000229463	0.151356	0	-1.05e+06	0	-0.491849	
669	0.000229639	0.151585	0	-1.05e+06	0	-0.485621	
670	0.000229828	0.151815	0	-1.05e+06	0	-0.479416	
671	0.000230028	0.152045	0	-1.05e+06	0	-0.473234	
672	0.00023024	0.152275	0	-1.05e+06	0	-0.467077	
673	0.000230436	0.152505	0	-1.05e+06	0	-0.460945	
674	0.000230635	0.152736	0	-1.05e+06	0	-0.454839	
675	0.000230844	0.152966	0	-1.05e+06	0	-0.448758	
676	0.000231064	0.153197	0	-1.05e+06	0	-0.442704	
677	0.000231292	0.153428	0	-1.05e+06	0	-0.436676	
678	0.000231529	0.153659	0	-1.05e+06	0	-0.430675	
679	0.000231774	0.153891	0	-1.05e+06	0	-0.4247	
680	0.000232026	0.154123	0	-1.05e+06	0	-0.418754	
681	0.000232283	0.154355	0	-1.05e+06	0	-0.412835	
682	0.000232545	0.154587	0	-1.05e+06	0	-0.406944	
683	0.000232812	0.15482	0	-1.05e+06	0	-0.401082	
684	0.000233082	0.155052	0	-1.05e+06	0	-0.395249	
685	0.000233355	0.155285	0	-1.05e+06	0	-0.389445	
686	0.00023363	0.155519	0	-1.05e+06	0	-0.383671	
687	0.000233905	0.155752	0	-1.05e+06	0	-0.377927	
688	0.000234182	0.155986	0	-1.05e+06	0	-0.372214	
689	0.000234458	0.156221	0	-1.05e+06	0	-0.366531	
690	0.000234734	0.156455	0	-1.05e+06	0	-0.36088	
691	0.000235008	0.15669	0	-1.05e+06	0	-0.355261	
692	0.000235281	0.156925	0	-1.05e+06	0	-0.349674	
693	0.000235552	0.15716	0	-1.05e+06	0	-0.344119	
694	0.000235821	0.157396	0	-1.05e+06	0	-0.338598	
695	0.000236087	0.157631	0	-1.05e+06	0	-0.33311	
696	0.000236341	0.157867	0	-1.05e+06	0	-0.327656	
697	0.000236585	0.158104	0	-1.05e+06	0	-0.322236	
698	0.000236829	0.15834	0	-1.05e+06	0	-0.316852	
699	0.000237073	0.158577	0	-1.05e+06	0	-0.311502	
700	0.000237317	0.158814	0	-1.05e+06	0	-0.306188	
701	0.00023756	0.159052	0	-1.05e+06	0	-0.30091	
702	0.000237803	0.159289	0	-1.05e+06	0	-0.295669	
703	0.000238044	0.159527	0	-1.05e+06	0	-0.290463	
704	0.000238285	0.159765	0	-1.05e+06	0	-0.285295	
705	0.000238524	0.160003	0	-1.05e+06	0	-0.280163	
706	0.000238763	0.160242	0	-1.05e+06	0	-0.275069	
707	0.000238974	0.160481	0	-1.05e+06	0	-0.270013	
708	0.000239179	0.16072	0	-1.05e+06	0	-0.264996	
709	0.000239386	0.160959	0	-1.05e+06	0	-0.260018	
710	0.000239595	0.161198	0	-1.05e+06	0	-0.255079	
711	0.000239807	0.161438	0	-1.05e+06	0	-0.250179	
712	0.000240022	0.161678	0	-1.05e+06	0	-0.245319	
713	0.00024024	0.161918	0	-1.05e+06	0	-0.240498	
714	0.000240463	0.162158	0	-1.05e+06	0	-0.235717	
715	0.000240689	0.162398	0	-1.05e+06	0	-0.230976	
716	0.00024092	0.162639	0	-1.05e+06	0	-0.226276	
717	0.000241156	0.16288	0	-1.05e+06	0	-0.221615	
718	0.000241397	0.163121	0	-1.05e+06	0	-0.216996	
719	0.000241642	0.163362	0	-1.05e+06	0	-0.212417	
720	0.000241893	0.163604	0	-1.05e+06	0	-0.207879	
721	0.000242149	0.163846	0	-1.05e+06	0	-0.203381	
722	0.00024241	0.164088	0	-1.05e+06	0	-0.198925	
723	0.000242676	0.16433	0	-1.05e+06	0	-0.19451	
724	0.000242948	0.164573	0	-1.05e+06	0	-0.190137	
725	0.000243224	0.164816	0	-1.05e+06	0	-0.185805	
726	0.000243505	0.165059	0	-1.05e+06	0	-0.181514	
727	0.000243791	0.165303	0	-1.05e+06	0	-0.177265	
728	0.000244081	0.165547	0	-1.05e+06	0	-0.173058	
729	0.000244375	0.165791	0	-1.05e+06	0	-0.168893	
730	0.000244673	0.166035	0	-1.05e+06	0	-0.16477	
731	0.000244975	0.16628	0	-1.05e+06	0	-0.160688	
732	0.000245281	0.166525	0	-1.05e+06	0	-0.156649	
733	0.000245591	0.16677	0	-1.05e+06	0	-0.152653	
734	0.000245904	0.167016	0	-1.05e+06	0	-0.148699	
735	0.000246221	0.167262	0	-1.05e+06	0	-0.144787	
736	0.000246541	0.167508	0	-1.05e+06	0	-0.140918	
737	0.000246866	0.167754	0	-1.05e+06	0	-0.137091	
738	0.000247193	0.168001	0	-1.05e+06	0	-0.133307	
739	0.000247526	0.168248	0	-1.05e+06	0	-0.129567	
740	0.000247862	0.168496	0	-1.05e+06	0	-0.125869	
741	0.000248203	0.168744	0	-1.05e+06	0	-0.122214	
742	0.000248548	0.168992	0	-1.05e+06	0	-0.118602	
743	0.000248899	0.16924	0	-1.05e+06	0	-0.115034	
744	0.000249256	0.169489	0	-1.05e+06	0	-0.111509	
745	0.000249619	0.169739	0	-1.05e+06	0	-0.108028	
746	0.000249987	0.169988	0	-1.05e+06	0	-0.104591	
747	0.000250363	0.170238	0	-1.05e+06	0	-0.101197	
748	0.000250745	0.170489	0	-1.05e+06	0	-0.0978481	
749	0.000251134	0.170739	0	-1.05e+06	0	-0.0945431	
750	0.00025153	0.17099	0	-1.05e+06	0	-0.0912827	
751	0.000251933	0.171242	0	-1.05e+06	0	-0.0880671	
752	0.000252343	0.171494	0	-1.05e+06	0	-0.0848966	
753	0.000252756	0.171746	0	-1.05e+06	0	-0.0817716	
754	0.000253128	0.171999	0	-1.05e+06	0	-0.0786929	
755	0.000253499	0.172252	0	-1.05e+06	0	-0.075661	
756	0.000253868	0.172506	0	-1.05e+06	0	-0.0726763	
757	0.000254235	0.17276	0	-1.05e+06	0	-0.0697393	
758	0.0002546	0.173014	0	-1.05e+06	0	-0.0668504	
759	0.000254963	0.173268	0	-1.05e+06	0	-0.0640102	
760	0.000255324	0.173523	0	-1.05e+06	0	-0.0612192	
761	0.000255682	0.173779	0	-1.05e+06	0	-0.0584779	
762	0.000256039	0.174034	0	-1.05e+06	0	-0.0557868	
763	0.000256393	0.17429	0	-1.05e+06	0	-0.0531465	
764	0.000256745	0.174547	0	-1.05e+06	0	-0.0505577	
765	0.000257093	0.174804	0	-1.05e+06	0	-0.0480209	
766	0.000257439	0.175061	0	-1.05e+06	0	-0.0455367	
767	0.000257779	0.175318	0	-1.05e+06	0	-0.0431059	
768	0.000258115	0.175576	0	-1.05e+06	0	-0.040729	
769	0.000258445	0.175834	0	-1.05e+06	0	-0.0384068	
770	0.000258768	0.176092	0	-1.05e+06	0	-0.03614	
771	0.000259083	0.176351	0	-1.05e+06	0	-0.0339294	
772	0.000259387	0.17661	0	-1.05e+06	0	-0.0317758	
773	0.00025968	0.17687	0	-1.05e+06	0	-0.0296798	
774	0.000259923	0.177129	0	-1.05e+06	0	-0.0276428	
775	0.000260126	0.177389	0	-1.05e+06	0	-0.0256656	
776	0.00026031	0.177649	0	-1.05e+06	0	-0.0237491	
777	0.000260473	0.17791	0	-1.05e+06	0	-0.0218943	
778	0.000260614	0.17817	0	-1.05e+06	0	-0.0201019	
779	0.000260731	0.178431	0	-1.05e+06	0	-0.018373	
780	0.000260719	0.178691	0	-1.05e+06	0	-0.0167089	
781	0.000260669	0.178952	0	-1.05e+06	0	-0.0151107	
782	0.000260601	0.179213	0	-1.05e+06	0	-0.0135791	
783	0.000260515	0.179473	0	-1.05e+06	0	-0.0121149	
784	0.000260412	0.179734	0	-1.05e+06	0	-0.0107188	
785	0.000260294	0.179994	0	-1.05e+06	0	-0.00939168	
786	0.000260161	0.180255	0	-1.05e+06	0	-0.00813422	
787	0.000260015	0.180515	0	-1.05e+06	0	-0.00694721	
788	0.000259855	0.180775	0	-1.05e+06	0	-0.00583139	
789	0.000259685	0.181035	0	-1.05e+06	0	-0.00478753	
790	0.000259504	0.181294	0	-1.05e+06	0	-0.00381635	
791	0.000259313	0.181554	0	-1.05e+06	0	-0.00291861	
792	0.000259113	0.181813	0	-1.05e+06	0	-0.00209503	
793	0.000258905	0.182072	0	-1.05e+06	0	-0.00134635	
794	0.00025869	0.182331	0	-1.05e+06	0	-0.000673286	
795	0.000258467	0.18259	0	-1.05e+06	0	-7.65447e-05	
796	0.000258237	0.182848	0	-1.05e+06	0	0.000443168	
797	0.000257997	0.183107	0	-1.05e+06	0	0.000885158	
798	0.000257624	0.183365	0	-1.05e+06	0	0.00124861	
799	0.000257241	0.183622	0	-1.05e+06	0	0.00153297	
800	0.00025685	0.18388	0	-1.05e+06	0	0.00173772	
801	0.000256409	0.184136	0	-1.05e+06	0	0.00186235	
802	0.000255928	0.184393	0	-1.05e+06	0	0.00190643	
803	0.000255447	0.184649	0	-1.05e+06	0	0.00186957	
804	0.000254969	0.184904	0	-1.05e+06	0	0.00175141	
805	0.000254499	0.185159	0	-1.05e+06	0	0.00155161	
806	0.000254037	0.185414	0	-1.05e+06	0	0.0012698	
807	0.000253587	0.185668	0	-1.05e+06	0	0.000905662	
808	0.000253151	0.185921	0	-1.05e+06	0	0.000458867	
809	0.000252729	0.186174	0	-1.05e+06	0	-7.09069e-05	
810	0.000252324	0.186427	0	-1.05e+06	0	-0.000683974	
811	0.000251935	0.186679	0	-1.05e+06	0	-0.00138064	
812	0.000251564	0.186931	0	-1.05e+06	0	-0.0021612	
813	0.00025121	0.187183	0	-1.05e+06	0	-0.00302594	
814	0.000250873	0.187434	0	-1.05e+06	0	-0.00397512	
815	0.000250552	0.187685	0	-1.05e+06	0	-0.00500899	
816	0.000250247	0.187936	0	-1.05e+06	0	-0.00612778	
817	0.000249955	0.188186	0	-1.05e+06	0	-0.00733166	
818	0.000249676	0.188436	0	-1.05e+06	0	-0.0086208	
819	0.000249407	0.188685	0	-1.05e+06	0	-0.0099953	
820	0.000249148	0.188935	0	-1.05e+06	0	-0.0114552	
821	0.000248894	0.189184	0	-1.05e+06	0	-0.0130006	
822	0.000248462	0.189433	0	-1.05e+06	0	-0.01463	
823	0.000247968	0.189681	0	-1.05e+06	0	-0.0163427	
824	0.00024748	0.189929	0	-1.05e+06	0	-0.0181384	
825	0.000246998	0.190177	0	-1.05e+06	0	-0.0200164	
826	0.000246524	0.190424	0	-1.05e+06	0	-0.0219764	
827	0.000246059	0.19067	0	-1.05e+06	0	-0.0240178	
828	0.000245606	0.190916	0	-1.05e+06	0	-0.0261399	
829	0.000245165	0.191162	0	-1.05e+06	0	-0.0283423	
830	0.000244736	0.191407	0	-1.05e+06	0	-0.0306243	
831	0.000244322	0.191652	0	-1.05e+06	0	-0.0329852	
832	0.000243922	0.191896	0	-1.05e+06	0	-0.0354244	
833	0.000243538	0.19214	0	-1.05e+06	0	-0.037941	
834	0.00024317	0.192384	0	-1.05e+06	0	-0.0405344	
835	0.000242817	0.192627	0	-1.05e+06	0	-0.0432039	
836	0.000242481	0.19287	0	-1.05e+06	0	-0.0459485	
837	0.00024216	0.193112	0	-1.05e+06	0	-0.0487676	
838	0.000241856	0.193354	0	-1.05e+06	0	-0.0516603	
839	0.000241536	0.193596	0	-1.05e+06	0	-0.0546253	
840	0.000241105	0.193838	0	-1.05e+06	0	-0.0576601	
841	0.000240677	0.194079	0	-1.05e+06	0	-0.0607636	
842	0.000240254	0.194319	0	-1.05e+06	0	-0.0639345	
843	0.000239837	0.19456	0	-1.05e+06	0	-0.0671717	
844	0.000239427	0.1948	0	-1.05e+06	0	-0.0704741	
845	0.000239025	0.195039	0	-1.05e+06	0	-0.0738404	
846	0.000238633	0.195278	0	-1.05e+06	0	-0.0772696	
847	0.000238251	0.195517	0	-1.05e+06	0	-0.0807604	
848	0.000237881	0.195755	0	-1.05e+06	0	-0.0843118	
849	0.000237524	0.195993	0	-1.05e+06	0	-0.0879228	
850	0.00023718	0.19623	0	-1.05e+06	0	-0.0915923	
851	0.000236851	0.196467	0	-1.05e+06	0	-0.0953191	
852	0.000236537	0.196704	0	-1.05e+06	0	-0.0991025	
853	0.000236239	0.196941	0	-1.05e+06	0	-0.102941	
854	0.000235958	0.197177	0	-1.05e+06	0	-0.106835	
855	0.000235695	0.197413	0	-1.05e+06	0	-0.110782	
856	0.000235449	0.197649	0	-1.05e+06	0	-0.114782	
857	0.000235221	0.197884	0	-1.05e+06	0	-0.118833	
858	0.000235011	0.198119	0	-1.05e+06	0	-0.122936	
859	0.000234821	0.198354	0	-1.05e+06	0	-0.12709	
860	0.000234649	0.198589	0	-1.05e+06	0	-0.131292	
861	0.000234485	0.198824	0	-1.05e+06	0	-0.135544	
862	0.000234312	0.199058	0	-1.05e+06	0	-0.139843	
863	0.000234161	0.199293	0	-1.05e+06	0	-0.144189	
864	0.00023403	0.199527	0	-1.05e+06	0	-0.148581	
865	0.000233921	0.199761	0	-1.05e+06	0	-0.153018	
866	0.000233832	0.199995	0	-1.05e+06	0	-0.1575	
867	0.000233763	0.200229	0	-1.05e+06	0	-0.162027	
868	0.000233712	0.200462	0	-1.05e+06	0	-0.166598	
869	0.000233679	0.200696	0	-1.05e+06	0	-0.171211	
870	0.000233663	0.20093	0	-1.05e+06	0	-0.175868	
871	0.000233663	0.201163	0	-1.05e+06	0	-0.180567	
872	0.000233678	0.201397	0	-1.05e+06	0	-0.185307	
873	0.000233707	0.201631	0	-1.05e+06	0	-0.190089	
874	0.000233747	0.201865	0	-1.05e+06	0	-0.194911	
875	0.0002338	0.202098	0	-1.05e+06	0	-0.199774	
876	0.000233862	0.202332	0	-1.05e+06	0	-0.204676	
877	0.000233934	0.202566	0	-1.05e+06	0	-0.209617	
878	0.000234013	0.2028	0	-1.05e+06	0	-0.214597	
879	0.000234099	0.203034	0	-1.05e+06	0	-0.219615	
880	0.00023419	0.203268	0	-1.05e+06	0	-0.22467	
881	0.000234286	0.203502	0	-1.05e+06	0	-0.229763	
882	0.000234386	0.203736	0	-1.05e+06	0	-0.234893	
883	0.000234433	0.203971	0	-1.05e+06	0	-0.240057	
884	0.000234468	0.204205	0	-1.05e+06	0	-0.245256	
885	0.000234505	0.20444	0	-1.05e+06	0	-0.250488	
886	0.000234544	0.204674	0	-1.05e+06	0	-0.255754	
887	0.000234585	0.204909	0	-1.05e+06	0	-0.261052	
888	0.000234627	0.205143	0	-1.05e+06	0	-0.266383	
889	0.000234672	0.205378	0	-1.05e+06	0	-0.271746	
890	0.00023472	0.205613	0	-1.05e+06	0	-0.277141	
891	0.00023477	0.205847	0	-1.05e+06	0	-0.282567	
892	0.000234824	0.206082	0	-1.05e+06	0	-0.288025	
893	0.000234882	0.206317	0	-1.05e+06	0	-0.293514	
894	0.000234946	0.206552	0	-1.05e+06	0	-0.299033	
895	0.000235014	0.206787	0	-1.05e+06	0	-0.304583	
896	0.000235089	0.207022	0	-1.05e+06	0	-0.310163	
897	0.000235172	0.207257	0	-1.05e+06	0	-0.315774	
898	0.000235261	0.207492	0	-1.05e+06	0	-0.321415	
899	0.00023536	0.207727	0	-1.05e+06	0	-0.327087	
900	0.000235467	0.207963	0	-1.05e+06	0	-0.332788	
901	0.000235585	0.208198	0	-1.05e+06	0	-0.33852	
902	0.000235713	0.208434	0	-1.05e+06	0	-0.344283	
903	0.000235851	0.208669	0	-1.05e+06	0	-0.350075	
904	0.000236002	0.208905	0	-1.05e+06	0	-0.355898	
905	0.000236164	0.209141	0	-1.05e+06	0	-0.361752	
906	0.000236338	0.209377	0	-1.05e+06	0	-0.367636	
907	0.000236525	0.209614	0	-1.05e+06	0	-0.37355	
908	0.000236724	0.20985	0	-1.05e+06	0	-0.379495	
909	0.000236935	0.210087	0	-1.05e+06	0	-0.385471	
910	0.00023716	0.210324	0	-1.05e+06	0	-0.391478	
911	0.000237396	0.210561	0	-1.05e+06	0	-0.397515	
912	0.000237645	0.210799	0	-1.05e+06	0	-0.403584	
913	0.000237906	0.211036	0	-1.05e+06	0	-0.409683	
914	0.000238178	0.211274	0	-1.05e+06	0	-0.415814	
915	0.000238462	0.211512	0	-1.05e+06	0	-0.421975	
916	0.000238756	0.211751	0	-1.05e+06	0	-0.428168	
917	0.00023906	0.21199	0	-1.05e+06	0	-0.434391	
918	0.000239374	0.212229	0	-1.05e+06	0	-0.440645	
919	0.000239697	0.212468	0	-1.05e+06	0	-0.44693	
920	0.000239994	0.212708	0	-1.05e+06	0	-0.453244	
921	0.000240287	0.212948	0	-1.05e+06	0	-0.459588	
922	0.000240587	0.213188	0	-1.05e+06	0	-0.465961	
923	0.000240868	0.213429	0	-1.05e+06	0	-0.472362	
924	0.000241136	0.213669	0	-1.05e+06	0	-0.47879	
925	0.000241408	0.213911	0	-1.05e+06	0	-0.485246	
926	0.00024157	0.214152	0	-1.05e+06	0	-0.491726	
927	0.000241692	0.214394	0	-1.05e+06	0	-0.498228	
928	0.000241812	0.214635	0	-1.05e+06	0	-0.504752	
929	0.000241884	0.214877	0	-1.05e+06	0	-0.511296	
930	0.00024187	0.215119	0	-1.05e+06	0	-0.517857	
931	0.000241861	0.215361	0	-1.05e+06	0	-0.524435	
932	0.000241854	0.215603	0	-1.05e+06	0	-0.53103	
933	0.000241851	0.215844	0	-1.05e+06	0	-0.53764	
934	0.000241849	0.216086	0	-1.05e+06	0	-0.544267	
935	0.00024185	0.216328	0	-1.05e+06	0	-0.550909	
936	0.000241852	0.21657	0	-1.05e+06	0	-0.557565	
937	0.000241855	0.216812	0	-1.05e+06	0	-0.564237	
938	0.000241858	0.217054	0	-1.05e+06	0	-0.570922	
939	0.00024186	0.217296	0	-1.05e+06	0	-0.57762	
940	0.000241861	0.217537	0	-1.05e+06	0	-0.584332	
941	0.00024186	0.217779	0	-1.05e+06	0	-0.591056	
942	0.000241791	0.218021	0	-1.05e+06	0	-0.59779	
943	0.000241668	0.218263	0	-1.05e+06	0	-0.604532	
944	0.000241547	0.218505	0	-1.05e+06	0	-0.611281	
945	0.000241409	0.218746	0	-1.05e+06	0	-0.618037	
946	0.000241263	0.218988	0	-1.05e+06	0	-0.6248	
947	0.000241118	0.219229	0	-1.05e+06	0	-0.631567	
948	0.000240974	0.21947	0	-1.05e+06	0	-0.63834	
949	0.000240832	0.219711	0	-1.05e+06	0	-0.645117	
950	0.000240692	0.219952	0	-1.05e+06	0	-0.651898	
951	0.000240555	0.220192	0	-1.05e+06	0	-0.658683	
952	0.000240421	0.220433	0	-1.05e+06	0	-0.665472	
953	0.000240291	0.220673	0	-1.05e+06	0	-0.672263	
954	0.000240165	0.220914	0	-1.05e+06	0	-0.679057	
955	0.000240045	0.221154	0	-1.05e+06	0	-0.685854	
956	0.000239929	0.221394	0	-1.05e+06	0	-0.692652	
957	0.000239818	0.221634	0	-1.05e+06	0	-0.699452	
958	0.000239713	0.221874	0	-1.05e+06	0	-0.706253	
959	0.000239612	0.222113	0	-1.05e+06	0	-0.713055	
960	0.000239516	0.222353	0	-1.05e+06	0	-0.719858	
961	0.000239425	0.222593	0	-1.05e+06	0	-0.726661	
962	0.000239337	0.222832	0	-1.05e+06	0	-0.733464	
963	0.000239252	0.223071	0	-1.05e+06	0	-0.740266	
964	0.000239169	0.223311	0	-1.05e+06	0	-0.747068	
965	0.000239087	0.22355	0	-1.05e+06	0	-0.753869	
966	0.000239005	0.223789	0	-1.05e+06	0	-0.760667	
967	0.000238921	0.224028	0	-1.05e+06	0	-0.767464	
968	0.000238835	0.224267	0	-1.05e+06	0	-0.774258	
969	0.000238745	0.224506	0	-1.05e+06	0	-0.781049	
970	0.00023865	0.224744	0	-1.05e+06	0	-0.787837	
971	0.000238549	0.224983	0	-1.05e+06	0	-0.79462	
972	0.000238402	0.225221	0	-1.05e+06	0	-0.801397	
973	0.00023825	0.22546	0	-1.05e+06	0	-0.808168	
974	0.000238092	0.225698	0	-1.05e+06	0	-0.814931	
975	0.000237928	0.225936	0	-1.05e+06	0	-0.821687	
976	0.000237758	0.226174	0	-1.05e+06	0	-0.828435	
977	0.000237583	0.226412	0	-1.05e+06	0	-0.835175	
978	0.000237402	0.22665	0	-1.05e+06	0	-0.841905	
979	0.000237216	0.226887	0	-1.05e+06	0	-0.848626	
980	0.000237026	0.227124	0	-1.05e+06	0	-0.855337	
981	0.000236832	0.227361	0	-1.05e+06	0	-0.862037	
982	0.000236636	0.227598	0	-1.05e+06	0	-0.868727	
983	0.000236436	0.227835	0	-1.05e+06	0	-0.875405	
984	0.000236219	0.228071	0	-1.05e+06	0	-0.882071	
985	0.000236005	0.228307	0	-1.05e+06	0	-0.888725	
986	0.000235794	0.228543	0	-1.05e+06	0	-0.895367	
987	0.000235585	0.228779	0	-1.05e+06	0	-0.901996	
988	0.00023538	0.229015	0	-1.05e+06	0	-0.908612	
989	0.000235142	0.22925	0	-1.05e+06	0	-0.915214	
990	0.000234847	0.229485	0	-1.05e+06	0	-0.9218	
991	0.000234554	0.22972	0	-1.05e+06	0	-0.92837	
992	0.000234263	0.229955	0	-1.05e+06	0	-0.934923	
993	0.000233975	0.230189	0	-1.05e+06	0	-0.94146	
994	0.00023369	0.230423	0	-1.05e+06	0	-0.947981	
995	0.000233377	0.230657	0	-1.05e+06	0	-0.954483	
996	0.000232906	0.23089	0	-1.05e+06	0	-0.960964	
997	0.000232437	0.231123	0	-1.05e+06	0	-0.967422	
998	0.000231969	0.231355	0	-1.05e+06	0	-0.973857	
999	0.000231502	0.231587	0	-1.05e+06	0	-0.980269	
1000	0.000231023	0.231819	0	-1.05e+06	0	-0.986658	
1001	0.000230434	0.23205	0	-1.05e+06	0	-0.99302	
1002	0.000229846	0.23228	0	-1.05e+06	0	-0.999356	
1003	0.000229237	0.23251	0	-1.05e+06	0	-1.00566	
1004	0.000228576	0.232739	0	-1.05e+06	0	-1.01194	
1005	0.000227917	0.232968	0	-1.05e+06	0	-1.01819	
1006	0.000227262	0.233196	0	-1.05e+06	0	-1.02441	
1007	0.000226605	0.233423	0	-1.05e+06	0	-1.0306	
1008	0.00022593	0.23365	0	-1.05e+06	0	-1.03677	
1009	0.00022526	0.233876	0	-1.05e+06	0	-1.0429	
1010	0.000224598	0.234101	0	-1.05e+06	0	-1.049	
1011	0.000223942	0.234325	0	-1.05e+06	0	-1.05507	
1012	0.000223295	0.234549	0	-1.05e+06	0	-1.06111	
1013	0.000222656	0.234773	0	-1.05e+06	0	-1.06713	
1014	0.000222025	0.234995	0	-1.05e+06	0	-1.07311	
1015	0.000221404	0.235217	0	-1.05e+06	0	-1.07907	
1016	0.000220791	0.235439	0	-1.05e+06	0	-1.08499	
1017	0.000220188	0.23566	0	-1.05e+06	0	-1.09089	
1018	0.000219595	0.23588	0	-1.05e+06	0	-1.09676	
1019	0.000219011	0.236099	0	-1.05e+06	0	-1.1026	
1020	0.000218438	0.236318	0	-1.05e+06	0	-1.10841	
1021	0.000217875	0.236537	0	-1.05e+06	0	-1.1142	
1022	0.000217322	0.236755	0	-1.05e+06	0	-1.11996	
1023	0.000216779	0.236972	0	-1.05e+06	0	-1.12569	
1024	0.000216247	0.237189	0	-1.05e+06	0	-1.13139	
1025	0.000215726	0.237405	0	-1.05e+06	0	-1.13707	
1026	0.000215216	0.237621	0	-1.05e+06	0	-1.14272	
1027	0.000214718	0.237836	0	-1.05e+06	0	-1.14835	
1028	0.00021423	0.238051	0	-1.05e+06	0	-1.15395	
1029	0.000213755	0.238265	0	-1.05e+06	0	-1.15953	
1030	0.000213292	0.238479	0	-1.05e+06	0	-1.16508	
1031	0.000212841	0.238692	0	-1.05e+06	0	-1.1706	
1032	0.000212403	0.238905	0	-1.05e+06	0	-1.1761	
1033	0.000211979	0.239117	0	-1.05e+06	0	-1.18158	
1034	0.000211567	0.239329	0	-1.05e+06	0	-1.18703	
1035	0.00021117	0.239541	0	-1.05e+06	0	-1.19246	
1036	0.000210788	0.239752	0	-1.05e+06	0	-1.19787	
1037	0.00021042	0.239963	0	-1.05e+06	0	-1.20325	
1038	0.000210068	0.240173	0	-1.05e+06	0	-1.20861	
1039	0.000209732	0.240383	0	-1.05e+06	0	-1.21395	
1040	0.000209412	0.240593	0	-1.05e+06	0	-1.21927	
1041	0.000209109	0.240802	0	-1.05e+06	0	-1.22456	
1042	0.000208824	0.241011	0	-1.05e+06	0	-1.22983	
1043	0.000208557	0.24122	0	-1.05e+06	0	-1.23509	
1044	0.000208291	0.241429	0	-1.05e+06	0	-1.24032	
1045	0.000208039	0.241637	0	-1.05e+06	0	-1.24553	
1046	0.000207809	0.241845	0	-1.05e+06	0	-1.25072	
1047	0.000207602	0.242053	0	-1.05e+06	0	-1.25589	
1048	0.000207418	0.242261	0	-1.05e+06	0	-1.26104	
1049	0.000207258	0.242468	0	-1.05e+06	0	-1.26617	
1050	0.000207122	0.242675	0	-1.05e+06	0	-1.27129	
1051	0.000207009	0.242882	0	-1.05e+06	0	-1.27638	
1052	0.000206921	0.243089	0	-1.05e+06	0	-1.28146	
1053	0.000206858	0.243296	0	-1.05e+06	0	-1.28652	
1054	0.000206819	0.243503	0	-1.05e+06	0	-1.29156	
1055	0.000206805	0.24371	0	-1.05e+06	0	-1.29658	
1056	0.000206815	0.243917	0	-1.05e+06	0	-1.30159	
1057	0.000206851	0.244124	0	-1.05e+06	0	-1.30659	
1058	0.000206911	0.24433	0	-1.05e+06	0	-1.31156	
1059	0.000206996	0.244537	0	-1.05e+06	0	-1.31652	
1060	0.000207105	0.244744	0	-1.05e+06	0	-1.32147	
1061	0.000207239	0.244951	0	-1.05e+06	0	-1.3264	
1062	0.000207397	0.245159	0	-1.05e+06	0	-1.33131	
1063	0.00020758	0.245366	0	-1.05e+06	0	-1.33621	
1064	0.000207786	0.245574	0	-1.05e+06	0	-1.3411	
1065	0.000208016	0.245781	0	-1.05e+06	0	-1.34597	
1066	0.000208269	0.245989	0	-1.05e+06	0	-1.35082	
1067	0.000208536	0.246198	0	-1.05e+06	0	-1.35567	
1068	0.000208827	0.246406	0	-1.05e+06	0	-1.3605	
1069	0.000209142	0.246615	0	-1.05e+06	0	-1.36531	
1070	0.000209481	0.246824	0	-1.05e+06	0	-1.37011	
1071	0.000209843	0.247034	0	-1.05e+06	0	-1.3749	
1072	0.00021023	0.247244	0	-1.05e+06	0	-1.37967	
1073	0.000210639	0.247454	0	-1.05e+06	0	-1.38444	
1074	0.000211072	0.247664	0	-1.05e+06	0	-1.38918	
1075	0.000211528	0.247875	0	-1.05e+06	0	-1.39392	
1076	0.000212006	0.248087	0	-1.05e+06	0	-1.39864	
1077	0.000212506	0.248299	0	-1.05e+06	0	-1.40334	
1078	0.000213015	0.248511	0	-1.05e+06	0	-1.40804	
1079	0.000213538	0.248725	0	-1.05e+06	0	-1.41272	
1080	0.000214078	0.248938	0	-1.05e+06	0	-1.41738	
1081	0.000214634	0.249152	0	-1.05e+06	0	-1.42203	
1082	0.000215205	0.249367	0	-1.05e+06	0	-1.42667	
1083	0.00021579	0.249582	0	-1.05e+06	0	-1.43129	
1084	0.000216389	0.249798	0	-1.05e+06	0	-1.4359	
1085	0.000217	0.250014	0	-1.05e+06	0	-1.44049	
1086	0.000217612	0.250231	0	-1.05e+06	0	-1.44506	
1087	0.000218202	0.250449	0	-1.05e+06	0	-1.44962	
1088	0.000218753	0.250667	0	-1.05e+06	0	-1.45416	
1089	0.000219282	0.250886	0	-1.05e+06	0	-1.45868	
1090	0.000219815	0.251105	0	-1.05e+06	0	-1.46319	
1091	0.00022019	0.251325	0	-1.05e+06	0	-1.46766	
1092	0.000220401	0.251545	0	-1.05e+06	0	-1.47211	
1093	0.000220619	0.251765	0	-1.05e+06	0	-1.47654	
1094	0.000220844	0.251986	0	-1.05e+06	0	-1.48093	
1095	0.000221074	0.252207	0	-1.05e+06	0	-1.4853	
1096	0.00022131	0.252428	0	-1.05e+06	0	-1.48964	
1097	0.000221551	0.252649	0	-1.05e+06	0	-1.49395	
1098	0.000221796	0.252871	0	-1.05e+06	0	-1.49823	
1099	0.000222045	0.253093	0	-1.05e+06	0	-1.50248	
1100	0.000222298	0.253315	0	-1.05e+06	0	-1.50671	
1101	0.000222554	0.253537	0	-1.05e+06	0	-1.5109	
1102	0.000222693	0.253759	0	-1.05e+06	0	-1.51506	
1103	0.000222782	0.253982	0	-1.05e+06	0	-1.51919	
1104	0.000222875	0.254205	0	-1.05e+06	0	-1.52329	
1105	0.000222971	0.254428	0	-1.05e+06	0	-1.52735	
1106	0.000223007	0.254651	0	-1.05e+06	0	-1.53138	
1107	0.000223046	0.254874	0	-1.05e+06	0	-1.53537	
1108	0.000223087	0.255097	0	-1.05e+06	0	-1.53932	
1109	0.000223129	0.25532	0	-1.05e+06	0	-1.54325	
1110	0.000223172	0.255543	0	-1.05e+06	0	-1.54713	
1111	0.000223215	0.255766	0	-1.05e+06	0	-1.55099	
1112	0.000223258	0.255989	0	-1.05e+06	0	-1.5548	
1113	0.000223283	0.256213	0	-1.05e+06	0	-1.55858	
1114	0.000223289	0.256436	0	-1.05e+06	0	-1.56233	
1115	0.000223296	0.256659	0	-1.05e+06	0	-1.56604	
1116	0.000223306	0.256883	0	-1.05e+06	0	-1.56971	
1117	0.000223318	0.257106	0	-1.05e+06	0	-1.57335	
1118	0.000223332	0.257329	0	-1.05e+06	0	-1.57695	
1119	0.000223346	0.257553	0	-1.05e+06	0	-1.58052	
1120	0.000223362	0.257776	0	-1.05e+06	0	-1.58405	
1121	0.000223377	0.257999	0	-1.05e+06	0	-1.58755	
1122	0.000223392	0.258223	0	-1.05e+06	0	-1.59101	
1123	0.000223407	0.258446	0	-1.05e+06	0	-1.59443	
1124	0.00022342	0.258669	0	-1.05e+06	0	-1.59782	
1125	0.000223432	0.258893	0	-1.05e+06	0	-1.60118	
1126	0.000223442	0.259116	0	-1.05e+06	0	-1.60449	
1127	0.000223449	0.25934	0	-1.05e+06	0	-1.60778	
1128	0.000223454	0.259563	0	-1.05e+06	0	-1.61103	
1129	0.000223455	0.259787	0	-1.05e+06	0	-1.61424	
1130	0.000223454	0.26001	0	-1.05e+06	0	-1.61742	
1131	0.000223451	0.260234	0	-1.05e+06	0	-1.62056	
1132	0.000223444	0.260457	0	-1.05e+06	0	-1.62367	
1133	0.000223435	0.26068	0	-1.05e+06	0	-1.62674	
1134	0.000223425	0.260904	0	-1.05e+06	0	-1.62978	
1135	0.000223412	0.261127	0	-1.05e+06	0	-1.63278	
1136	0.000223398	0.261351	0	-1.05e+06	0	-1.63575	
1137	0.000223383	0.261574	0	-1.05e+06	0	-1.63868	
1138	0.000223368	0.261797	0	-1.05e+06	0	-1.64158	
1139	0.000223353	0.262021	0	-1.05e+06	0	-1.64444	
1140	0.000223339	0.262244	0	-1.05e+06	0	-1.64726	
1141	0.000223325	0.262468	0	-1.05e+06	0	-1.65005	
1142	0.000223313	0.262691	0	-1.05e+06	0	-1.65281	
1143	0.000223302	0.262914	0	-1.05e+06	0	-1.65552	
1144	0.000223293	0.263137	0	-1.05e+06	0	-1.65821	
1145	0.000223285	0.263361	0	-1.05e+06	0	-1.66085	
1146	0.000223279	0.263584	0	-1.05e+06	0	-1.66346	
1147	0.000223275	0.263807	0	-1.05e+06	0	-1.66603	
1148	0.000223273	0.264031	0	-1.05e+06	0	-1.66857	
1149	0.000223272	0.264254	0	-1.05e+06	0	-1.67107	
1150	0.000223272	0.264477	0	-1.05e+06	0	-1.67353	
1151	0.000223273	0.2647	0	-1.05e+06	0	-1.67596	
1152	0.000223275	0.264924	0	-1.05e+06	0	-1.67834	
1153	0.000223278	0.265147	0	-1.05e+06	0	-1.68069	
1154	0.000223282	0.26537	0	-1.05e+06	0	-1.683	
1155	0.000223286	0.265594	0	-1.05e+06	0	-1.68527	
1156	0.000223025	0.265817	0	-1.05e+06	0	-1.6875	
1157	0.000222765	0.26604	0	-1.05e+06	0	-1.68969	
1158	0.000222511	0.266263	0	-1.05e+06	0	-1.69184	
1159	0.000222262	0.266485	0	-1.05e+06	0	-1.69394	
1160	0.00022202	0.266707	0	-1.05e+06	0	-1.696	
1161	0.000221785	0.266929	0	-1.05e+06	0	-1.69802	
1162	0.000221559	0.267151	0	-1.05e+06	0	-1.7	
1163	0.000221341	0.267373	0	-1.05e+06	0	-1.70193	
1164	0.000221133	0.267594	0	-1.05e+06	0	-1.70382	
1165	0.000220926	0.267815	0	-1.05e+06	0	-1.70567	
1166	0.000220623	0.268036	0	-1.05e+06	0	-1.70747	
1167	0.000220327	0.268257	0	-1.05e+06	0	-1.70923	
1168	0.000220038	0.268477	0	-1.05e+06	0	-1.71094	
1169	0.000219757	0.268697	0	-1.05e+06	0	-1.71261	
1170	0.000219484	0.268917	0	-1.05e+06	0	-1.71423	
1171	0.000219218	0.269136	0	-1.05e+06	0	-1.71581	
1172	0.000218962	0.269356	0	-1.05e+06	0	-1.71734	
1173	0.000218714	0.269575	0	-1.05e+06	0	-1.71883	
1174	0.000218475	0.269793	0	-1.05e+06	0	-1.72027	
1175	0.00021822	0.270012	0	-1.05e+06	0	-1.72166	
1176	0.000217764	0.27023	0	-1.05e+06	0	-1.72301	
1177	0.00021731	0.270448	0	-1.05e+06	0	-1.72431	
1178	0.00021686	0.270665	0	-1.05e+06	0	-1.72556	
1179	0.000216414	0.270882	0	-1.05e+06	0	-1.72676	
1180	0.000215973	0.271098	0	-1.05e+06	0	-1.72792	
1181	0.000215537	0.271314	0	-1.05e+06	0	-1.72903	
1182	0.000215107	0.27153	0	-1.05e+06	0	-1.73009	
1183	0.000214656	0.271745	0	-1.05e+06	0	-1.7311	
1184	0.000214201	0.27196	0	-1.05e+06	0	-1.73207	
1185	0.000213758	0.272174	0	-1.05e+06	0	-1.73298	
1186	0.000213326	0.272388	0	-1.05e+06	0	-1.73385	
1187	0.000212907	0.272601	0	-1.05e+06	0	-1.73467	
1188	0.000212502	0.272814	0	-1.05e+06	0	-1.73544	
1189	0.000212112	0.273026	0	-1.05e+06	0	-1.73616	
1190	0.000211737	0.273238	0	-1.05e+06	0	-1.73684	
1191	0.000211379	0.27345	0	-1.05e+06	0	-1.73746	
1192	0.000211037	0.273662	0	-1.05e+06	0	-1.73804	
1193	0.000210713	0.273873	0	-1.05e+06	0	-1.73857	
1194	0.000210407	0.274083	0	-1.05e+06	0	-1.73905	
1195	0.000210119	0.274294	0	-1.05e+06	0	-1.73948	
1196	0.000209851	0.274504	0	-1.05e+06	0	-1.73987	
1197	0.000209603	0.274714	0	-1.05e+06	0	-1.74021	
1198	0.000209375	0.274923	0	-1.05e+06	0	-1.74049	
1199	0.000209168	0.275133	0	-1.05e+06	0	-1.74073	
1200	0.000208982	0.275342	0	-1.05e+06	0	-1.74092	
1201	0.000208818	0.275551	0	-1.05e+06	0	-1.74106	
1202	0.000208676	0.27576	0	-1.05e+06	0	-1.74116	
1203	0.000208527	0.275968	0	-1.05e+06	0	-1.7412	
1204	0.000208357	0.276177	0	-1.05e+06	0	-1.7412	
1205	0.000208212	0.276385	0	-1.05e+06	0	-1.74114	
1206	0.000208093	0.276593	0	-1.05e+06	0	-1.74104	
1207	0.000208001	0.276801	0	-1.05e+06	0	-1.74089	
1208	0.000207936	0.277009	0	-1.05e+06	0	-1.74068	
1209	0.0002079	0.277217	0	-1.05e+06	0	-1.74043	
1210	0.000207893	0.277425	0	-1.05e+06	0	-1.74013	
1211	0.000207916	0.277633	0	-1.05e+06	0	-1.73978	
1212	0.000207968	0.277841	0	-1.05e+06	0	-1.73938	
1213	0.000208051	0.278049	0	-1.05e+06	0	-1.73893	
1214	0.000208164	0.278257	0	-1.05e+06	0	-1.73842	
1215	0.000208307	0.278465	0	-1.05e+06	0	-1.73787	
1216	0.000208481	0.278674	0	-1.05e+06	0	-1.73727	
1217	0.000208685	0.278882	0	-1.05e+06	0	-1.73661	
1218	0.000208919	0.279091	0	-1.05e+06	0	-1.7359	
1219	0.000209182	0.2793	0	-1.05e+06	0	-1.73514	
1220	0.000209474	0.279509	0	-1.05e+06	0	-1.73433	
1221	0.000209795	0.279718	0	-1.05e+06	0	-1.73347	
1222	0.000210143	0.279928	0	-1.05e+06	0	-1.73255	
1223	0.000210518	0.280138	0	-1.05e+06	0	-1.73158	
1224	0.000210918	0.280349	0	-1.05e+06	0	-1.73056	
1225	0.000211343	0.28056	0	-1.05e+06	0	-1.72948	
1226	0.000211791	0.280771	0	-1.05e+06	0	-1.72835	
1227	0.00021226	0.280983	0	-1.05e+06	0	-1.72716	
1228	0.000212748	0.281195	0	-1.05e+06	0	-1.72592	
1229	0.000213254	0.281408	0	-1.05e+06	0	-1.72462	
1230	0.000213776	0.281621	0	-1.05e+06	0	-1.72327	
1231	0.000214312	0.281835	0	-1.05e+06	0	-1.72186	
1232	0.000214551	0.282049	0	-1.05e+06	0	-1.72039	
1233	0.000214798	0.282264	0	-1.05e+06	0	-1.71888	
1234	0.000215055	0.282479	0	-1.05e+06	0	-1.7173	
1235	0.000215323	0.282694	0	-1.05e+06	0	-1.71567	
1236	0.000215601	0.282909	0	-1.05e+06	0	-1.71399	
1237	0.000215891	0.283125	0	-1.05e+06	0	-1.71225	
1238	0.000216191	0.28334	0	-1.05e+06	0	-1.71046	
1239	0.000216503	0.283557	0	-1.05e+06	0	-1.70861	
1240	0.000216825	0.283773	0	-1.05e+06	0	-1.70671	
1241	0.000216967	0.28399	0	-1.05e+06	0	-1.70475	
1242	0.000217011	0.284207	0	-1.05e+06	0	-1.70274	
1243	0.000217063	0.284424	0	-1.05e+06	0	-1.70068	
1244	0.000217122	0.284641	0	-1.05e+06	0	-1.69856	
1245	0.000217189	0.284858	0	-1.05e+06	0	-1.6964	
1246	0.000217263	0.285075	0	-1.05e+06	0	-1.69418	
1247	0.000217344	0.285293	0	-1.05e+06	0	-1.69191	
1248	0.000217431	0.28551	0	-1.05e+06	0	-1.68959	
1249	0.000217524	0.285727	0	-1.05e+06	0	-1.68722	
1250	0.000217622	0.285945	0	-1.05e+06	0	-1.68479	
1251	0.000217726	0.286162	0	-1.05e+06	0	-1.68232	
1252	0.000217835	0.28638	0	-1.05e+06	0	-1.67979	
1253	0.000217949	0.286598	0	-1.05e+06	0	-1.67722	
1254	0.000218069	0.286816	0	-1.05e+06	0	-1.67459	
1255	0.000218193	0.287034	0	-1.05e+06	0	-1.67191	
1256	0.000218322	0.287252	0	-1.05e+06	0	-1.66919	
1257	0.000218456	0.287471	0	-1.05e+06	0	-1.66641	
1258	0.000218595	0.287689	0	-1.05e+06	0	-1.66359	
1259	0.000218739	0.287908	0	-1.05e+06	0	-1.66071	
1260	0.000218887	0.288126	0	-1.05e+06	0	-1.65779	
1261	0.000219041	0.288345	0	-1.05e+06	0	-1.65482	
1262	0.000219199	0.288564	0	-1.05e+06	0	-1.6518	
1263	0.000219363	0.288783	0	-1.05e+06	0	-1.64873	
1264	0.000219531	0.289003	0	-1.05e+06	0	-1.64561	
1265	0.000219703	0.289222	0	-1.05e+06	0	-1.64245	
1266	0.00021988	0.289442	0	-1.05e+06	0	-1.63924	
1267	0.000220061	0.289662	0	-1.05e+06	0	-1.63599	
1268	0.000220246	0.289882	0	-1.05e+06	0	-1.63268	
1269	0.000220434	0.290102	0	-1.05e+06	0	-1.62933	
1270	0.000220624	0.290323	0	-1.05e+06	0	-1.62594	
1271	0.000220727	0.290543	0	-1.05e+06	0	-1.6225	
1272	0.000220798	0.290764	0	-1.05e+06	0	-1.61902	
1273	0.000220873	0.290985	0	-1.05e+06	0	-1.6155	
1274	0.000220953	0.291206	0	-1.05e+06	0	-1.61193	
1275	0.000221036	0.291427	0	-1.05e+06	0	-1.60832	
1276	0.000221122	0.291648	0	-1.05e+06	0	-1.60467	
1277	0.000221211	0.291869	0	-1.05e+06	0	-1.60098	
1278	0.000221302	0.29209	0	-1.05e+06	0	-1.59725	
1279	0.000221396	0.292311	0	-1.05e+06	0	-1.59348	
1280	0.000221493	0.292533	0	-1.05e+06	0	-1.58967	
1281	0.000221591	0.292754	0	-1.05e+06	0	-1.58582	
1282	0.000221691	0.292976	0	-1.05e+06	0	-1.58193	
1283	0.000221793	0.293198	0	-1.05e+06	0	-1.57801	
1284	0.000221735	0.293419	0	-1.05e+06	0	-1.57404	
1285	0.000221672	0.293641	0	-1.05e+06	0	-1.57005	
1286	0.000221613	0.293863	0	-1.05e+06	0	-1.56602	
1287	0.000221556	0.294084	0	-1.05e+06	0	-1.56195	
1288	0.000221502	0.294306	0	-1.05e+06	0	-1.55786	
1289	0.000221449	0.294527	0	-1.05e+06	0	-1.55373	
1290	0.000221399	0.294749	0	-1.05e+06	0	-1.54956	
1291	0.000221352	0.29497	0	-1.05e+06	0	-1.54537	
1292	0.000221306	0.295192	0	-1.05e+06	0	-1.54114	
1293	0.000221263	0.295413	0	-1.05e+06	0	-1.53689	
1294	0.00022121	0.295634	0	-1.05e+06	0	-1.5326	
1295	0.00022115	0.295855	0	-1.05e+06	0	-1.52828	
1296	0.000221101	0.296077	0	-1.05e+06	0	-1.52394	
1297	0.000220997	0.296298	0	-1.05e+06	0	-1.51956	
1298	0.000220866	0.296519	0	-1.05e+06	0	-1.51516	
1299	0.000220748	0.296739	0	-1.05e+06	0	-1.51073	
1300	0.00022058	0.29696	0	-1.05e+06	0	-1.50627	
1301	0.00022039	0.297181	0	-1.05e+06	0	-1.50179	
1302	0.000220208	0.297401	0	-1.05e+06	0	-1.49729	
1303	0.000220035	0.297621	0	-1.05e+06	0	-1.49276	
1304	0.000219871	0.297841	0	-1.05e+06	0	-1.4882	
1305	0.000219717	0.298061	0	-1.05e+06	0	-1.48363	
1306	0.000219574	0.298281	0	-1.05e+06	0	-1.47903	
1307	0.000219444	0.298501	0	-1.05e+06	0	-1.4744	
1308	0.000219326	0.29872	0	-1.05e+06	0	-1.46975	
1309	0.000219222	0.298939	0	-1.05e+06	0	-1.46508	
1310	0.000219133	0.299159	0	-1.05e+06	0	-1.46038	
1311	0.000219058	0.299378	0	-1.05e+06	0	-1.45566	
1312	0.000218942	0.299597	0	-1.05e+06	0	-1.45092	
1313	0.000218695	0.299816	0	-1.05e+06	0	-1.44616	
1314	0.00021846	0.300034	0	-1.05e+06	0	-1.44137	
1315	0.00021824	0.300253	0	-1.05e+06	0	-1.43657	
1316	0.000218036	0.300471	0	-1.05e+06	0	-1.43175	
1317	0.00021785	0.300689	0	-1.05e+06	0	-1.42691	
1318	0.000217681	0.300907	0	-1.05e+06	0	-1.42205	
1319	0.00021753	0.301125	0	-1.05e+06	0	-1.41718	
1320	0.000217399	0.301342	0	-1.05e+06	0	-1.41228	
1321	0.000217287	0.30156	0	-1.05e+06	0	-1.40736	
1322	0.000217195	0.301777	0	-1.05e+06	0	-1.40242	
1323	0.000217122	0.301994	0	-1.05e+06	0	-1.39746	
1324	0.000217069	0.302211	0	-1.05e+06	0	-1.39248	
1325	0.000217035	0.302428	0	-1.05e+06	0	-1.38747	
1326	0.000217011	0.302645	0	-1.05e+06	0	-1.38245	
1327	0.000216937	0.302862	0	-1.05e+06	0	-1.3774	
1328	0.000216879	0.303079	0	-1.05e+06	0	-1.37234	
1329	0.000216837	0.303296	0	-1.05e+06	0	-1.36726	
1330	0.000216814	0.303513	0	-1.05e+06	0	-1.36215	
1331	0.000216808	0.30373	0	-1.05e+06	0	-1.35702	
1332	0.000216821	0.303947	0	-1.05e+06	0	-1.35188	
1333	0.000216854	0.304163	0	-1.05e+06	0	-1.34671	
1334	0.000216905	0.30438	0	-1.05e+06	0	-1.34152	
1335	0.000216977	0.304597	0	-1.05e+06	0	-1.3363	
1336	0.000217068	0.304814	0	-1.05e+06	0	-1.33107	
1337	0.000217178	0.305031	0	-1.05e+06	0	-1.32581	
1338	0.000217308	0.305248	0	-1.05e+06	0	-1.32052	
1339	0.000217458	0.305466	0	-1.05e+06	0	-1.31521	
1340	0.000217625	0.305683	0	-1.05e+06	0	-1.30988	
1341	0.000217811	0.305901	0	-1.05e+06	0	-1.30452	
1342	0.000218014	0.306119	0	-1.05e+06	0	-1.29914	
1343	0.000218234	0.306337	0	-1.05e+06	0	-1.29373	
1344	0.000218469	0.306555	0	-1.05e+06	0	-1.28829	
1345	0.000218718	0.306773	0	-1.05e+06	0	-1.28283	
1346	0.00021898	0.306992	0	-1.05e+06	0	-1.27734	
1347	0.000219254	0.307211	0	-1.05e+06	0	-1.27182	
1348	0.000219414	0.30743	0	-1.05e+06	0	-1.26628	
1349	0.000219565	0.30765	0	-1.05e+06	0	-1.26072	
1350	0.000219727	0.307869	0	-1.05e+06	0	-1.25513	
1351	0.000219899	0.308089	0	-1.05e+06	0	-1.24952	
1352	0.000220082	0.308309	0	-1.05e+06	0	-1.24388	
1353	0.000220275	0.308529	0	-1.05e+06	0	-1.23821	
1354	0.000220479	0.308749	0	-1.05e+06	0	-1.23253	
1355	0.000220693	0.30897	0	-1.05e+06	0	-1.22681	
1356	0.000220917	0.30919	0	-1.05e+06	0	-1.22107	
1357	0.000221151	0.309411	0	-1.05e+06	0	-1.21531	
1358	0.000221382	0.309632	0	-1.05e+06	0	-1.20952	
1359	0.000221586	0.309854	0	-1.05e+06	0	-1.2037	
1360	0.000221799	0.310075	0	-1.05e+06	0	-1.19786	
1361	0.000222019	0.310297	0	-1.05e+06	0	-1.192	
1362	0.000222246	0.310519	0	-1.05e+06	0	-1.18611	
1363	0.000222478	0.310742	0	-1.05e+06	0	-1.1802	
1364	0.000222716	0.310964	0	-1.05e+06	0	-1.17426	
1365	0.000222957	0.311187	0	-1.05e+06	0	-1.1683	
1366	0.000223202	0.31141	0	-1.05e+06	0	-1.16231	
1367	0.000223449	0.311633	0	-1.05e+06	0	-1.1563	
1368	0.000223697	0.311856	0	-1.05e+06	0	-1.15026	
1369	0.000223883	0.31208	0	-1.05e+06	0	-1.1442	
1370	0.000224045	0.312304	0	-1.05e+06	0	-1.13812	
1371	0.000224212	0.312528	0	-1.05e+06	0	-1.13202	
1372	0.000224385	0.312752	0	-1.05e+06	0	-1.1259	
1373	0.000224563	0.312977	0	-1.05e+06	0	-1.11975	
1374	0.000224747	0.313201	0	-1.05e+06	0	-1.11359	
1375	0.000224937	0.313426	0	-1.05e+06	0	-1.1074	
1376	0.000225132	0.313651	0	-1.05e+06	0	-1.1012	
1377	0.000225333	0.313876	0	-1.05e+06	0	-1.09497	
1378	0.000225539	0.314101	0	-1.05e+06	0	-1.08872	
1379	0.000225752	0.314327	0	-1.05e+06	0	-1.08245	
1380	0.000225969	0.314553	0	-1.05e+06	0	-1.07617	
1381	0.000226192	0.314779	0	-1.05e+06	0	-1.06986	
1382	0.00022642	0.315005	0	-1.05e+06	0	-1.06353	
1383	0.000226653	0.315231	0	-1.05e+06	0	-1.05718	
1384	0.000226891	0.315458	0	-1.05e+06	0	-1.05082	
1385	0.000227133	0.315685	0	-1.05e+06	0	-1.04443	
1386	0.000227379	0.315912	0	-1.05e+06	0	-1.03802	
1387	0.000227628	0.316139	0	-1.05e+06	0	-1.0316	
1388	0.00022788	0.316367	0	-1.05e+06	0	-1.02516	
1389	0.000228134	0.316595	0	-1.05e+06	0	-1.0187	
1390	0.000228389	0.316823	0	-1.05e+06	0	-1.01222	
1391	0.000228543	0.317051	0	-1.05e+06	0	-1.00572	
1392	0.000228649	0.31728	0	-1.05e+06	0	-0.999219	
1393	0.000228713	0.317508	0	-1.05e+06	0	-0.992701	
1394	0.000228747	0.317737	0	-1.05e+06	0	-0.986174	
1395	0.000228652	0.317966	0	-1.05e+06	0	-0.979641	
1396	0.00022856	0.318195	0	-1.05e+06	0	-0.973103	
1397	0.000228467	0.318423	0	-1.05e+06	0	-0.96656	
1398	0.000228286	0.318652	0	-1.05e+06	0	-0.960014	
1399	0.000228114	0.31888	0	-1.05e+06	0	-0.953468	
1400	0.000227952	0.319108	0	-1.05e+06	0	-0.946919	
1401	0.000227799	0.319336	0	-1.05e+06	0	-0.94037	
1402	0.000227658	0.319564	0	-1.05e+06	0	-0.933819	
1403	0.000227529	0.319791	0	-1.05e+06	0	-0.927268	
1404	0.000227411	0.320019	0	-1.05e+06	0	-0.920716	
1405	0.000227307	0.320246	0	-1.05e+06	0	-0.914163	
1406	0.000227216	0.320474	0	-1.05e+06	0	-0.90761	
1407	0.000227138	0.320701	0	-1.05e+06	0	-0.901057	
1408	0.000227075	0.320928	0	-1.05e+06	0	-0.894504	
1409	0.000227027	0.321155	0	-1.05e+06	0	-0.887951	
1410	0.000226993	0.321382	0	-1.05e+06	0	-0.881398	
1411	0.000226973	0.321609	0	-1.05e+06	0	-0.874845	
1412	0.000226941	0.321836	0	-1.05e+06	0	-0.868293	
1413	0.000226904	0.322063	0	-1.05e+06	0	-0.861744	
1414	0.000226883	0.32229	0	-1.05e+06	0	-0.855196	
1415	0.000226875	0.322517	0	-1.05e+06	0	-0.848651	
1416	0.000226882	0.322744	0	-1.05e+06	0	-0.842108	
1417	0.000226904	0.322971	0	-1.05e+06	0	-0.835568	
1418	0.000226939	0.323197	0	-1.05e+06	0	-0.829031	
1419	0.000226988	0.323424	0	-1.05e+06	0	-0.822496	
1420	0.000227049	0.323651	0	-1.05e+06	0	-0.815965	
1421	0.000227122	0.323878	0	-1.05e+06	0	-0.809437	
1422	0.000227206	0.324106	0	-1.05e+06	0	-0.802913	
1423	0.000227257	0.324333	0	-1.05e+06	0	-0.796393	
1424	0.000227259	0.32456	0	-1.05e+06	0	-0.789882	
1425	0.000227268	0.324787	0	-1.05e+06	0	-0.783377	
1426	0.000227284	0.325014	0	-1.05e+06	0	-0.77688	
1427	0.000227307	0.325242	0	-1.05e+06	0	-0.770392	
1428	0.000227339	0.325469	0	-1.05e+06	0	-0.763912	
1429	0.000227378	0.325696	0	-1.05e+06	0	-0.757441	
1430	0.000227426	0.325924	0	-1.05e+06	0	-0.750979	
1431	0.000227483	0.326151	0	-1.05e+06	0	-0.744526	
1432	0.000227548	0.326379	0	-1.05e+06	0	-0.738083	
1433	0.000227622	0.326606	0	-1.05e+06	0	-0.73165	
1434	0.000227704	0.326834	0	-1.05e+06	0	-0.725227	
1435	0.000227724	0.327062	0	-1.05e+06	0	-0.718816	
1436	0.000227732	0.327289	0	-1.05e+06	0	-0.712419	
1437	0.000227742	0.327517	0	-1.05e+06	0	-0.706035	
1438	0.000227755	0.327745	0	-1.05e+06	0	-0.699665	
1439	0.000227771	0.327973	0	-1.05e+06	0	-0.693309	
1440	0.000227791	0.3282	0	-1.05e+06	0	-0.686968	
1441	0.000227815	0.328428	0	-1.05e+06	0	-0.680642	
1442	0.000227844	0.328656	0	-1.05e+06	0	-0.674331	
1443	0.000227877	0.328884	0	-1.05e+06	0	-0.668036	
1444	0.000227917	0.329112	0	-1.05e+06	0	-0.661756	
1445	0.000227964	0.32934	0	-1.05e+06	0	-0.655492	
1446	0.000228017	0.329568	0	-1.05e+06	0	-0.649244	
1447	0.000228078	0.329796	0	-1.05e+06	0	-0.643013	
1448	0.000228148	0.330024	0	-1.05e+06	0	-0.636798	
1449	0.000228221	0.330252	0	-1.05e+06	0	-0.630599	
1450	0.0002283	0.33048	0	-1.05e+06	0	-0.624418	
1451	0.000228317	0.330708	0	-1.05e+06	0	-0.618255	
1452	0.000228125	0.330937	0	-1.05e+06	0	-0.612117	
1453	0.000227939	0.331165	0	-1.05e+06	0	-0.606004	
1454	0.00022776	0.331393	0	-1.05e+06	0	-0.599916	
1455	0.000227589	0.33162	0	-1.05e+06	0	-0.593852	
1456	0.000227427	0.331848	0	-1.05e+06	0	-0.587814	
1457	0.000227273	0.332075	0	-1.05e+06	0	-0.5818	
1458	0.000227129	0.332303	0	-1.05e+06	0	-0.575811	
1459	0.000226995	0.33253	0	-1.05e+06	0	-0.569847	
1460	0.000226871	0.332757	0	-1.05e+06	0	-0.563908	
1461	0.000226758	0.332984	0	-1.05e+06	0	-0.557993	
1462	0.000226656	0.33321	0	-1.05e+06	0	-0.552102	
1463	0.000226565	0.333437	0	-1.05e+06	0	-0.546236	
1464	0.000226486	0.333664	0	-1.05e+06	0	-0.540394	
1465	0.000226418	0.33389	0	-1.05e+06	0	-0.534576	
1466	0.000226362	0.334117	0	-1.05e+06	0	-0.528781	
1467	0.000226318	0.334343	0	-1.05e+06	0	-0.52301	
1468	0.000226286	0.334569	0	-1.05e+06	0	-0.517262	
1469	0.000226266	0.334796	0	-1.05e+06	0	-0.511538	
1470	0.000226137	0.335022	0	-1.05e+06	0	-0.505839	
1471	0.000226017	0.335248	0	-1.05e+06	0	-0.500166	
1472	0.00022591	0.335474	0	-1.05e+06	0	-0.494518	
1473	0.000225817	0.3357	0	-1.05e+06	0	-0.488896	
1474	0.000225739	0.335926	0	-1.05e+06	0	-0.483298	
1475	0.000225676	0.336151	0	-1.05e+06	0	-0.477725	
1476	0.00022563	0.336377	0	-1.05e+06	0	-0.472175	
1477	0.0002256	0.336603	0	-1.05e+06	0	-0.466649	
1478	0.000225588	0.336828	0	-1.05e+06	0	-0.461146	
1479	0.000225594	0.337054	0	-1.05e+06	0	-0.455666	
1480	0.000225619	0.33728	0	-1.05e+06	0	-0.450208	
1481	0.000225662	0.337505	0	-1.05e+06	0	-0.444772	
1482	0.000225726	0.337731	0	-1.05e+06	0	-0.439357	
1483	0.000225809	0.337957	0	-1.05e+06	0	-0.433963	
1484	0.000225912	0.338182	0	-1.05e+06	0	-0.428589	
1485	0.000226035	0.338408	0	-1.05e+06	0	-0.423235	
1486	0.000226179	0.338634	0	-1.05e+06	0	-0.4179	
1487	0.000226343	0.33886	0	-1.05e+06	0	-0.412583	
1488	0.000226528	0.339087	0	-1.05e+06	0	-0.407285	
1489	0.000226733	0.339313	0	-1.05e+06	0	-0.402005	
1490	0.000226958	0.33954	0	-1.05e+06	0	-0.396743	
1491	0.000227203	0.339767	0	-1.05e+06	0	-0.391497	
1492	0.000227467	0.339994	0	-1.05e+06	0	-0.386268	
1493	0.000227751	0.340222	0	-1.05e+06	0	-0.381054	
1494	0.000228053	0.340449	0	-1.05e+06	0	-0.375857	
1495	0.000228374	0.340678	0	-1.05e+06	0	-0.370675	
1496	0.000228713	0.340906	0	-1.05e+06	0	-0.365507	
1497	0.000229069	0.341135	0	-1.05e+06	0	-0.360354	
1498	0.000229441	0.341364	0	-1.05e+06	0	-0.355216	
1499	0.000229829	0.341593	0	-1.05e+06	0	-0.350091	
1500	0.000230232	0.341823	0	-1.05e+06	0	-0.34498	
