Step	dt	Time	fbody_x	fbody_y	fbody_z	dy_tip	
0	1e-16	0	0	0	0	-3.41733e-07	
1	1e-16	0	0	-1.05e+06	0	-3.41733e-07	
2	0.00018619	1e-16	0	-1.05e+06	0	-3.50084e-05	
3	0.000186117	0.00018619	0	-1.05e+06	0	-0.000104301	
4	0.000185986	0.000372307	0	-1.05e+06	0	-0.000208136	
5	0.000185804	0.000558293	0	-1.05e+06	0	-0.000346391	
6	0.000185576	0.000744096	0	-1.05e+06	0	-0.000518917	
7	0.000185309	0.000929673	0	-1.05e+06	0	-0.000725533	
8	0.000185005	0.00111498	0	-1.05e+06	0	-0.000966038	
9	0.00018467	0.00129999	0	-1.05e+06	0	-0.00124021	
10	0.000184305	0.00148466	0	-1.05e+06	0	-0.00154781	
11	0.000183916	0.00166896	0	-1.05e+06	0	-0.00188858	
12	0.000183506	0.00185288	0	-1.05e+06	0	-0.00226227	
13	0.000183079	0.00203638	0	-1.05e+06	0	-0.00266861	
14	0.000182637	0.00221946	0	-1.05e+06	0	-0.00310732	
15	0.000182185	0.0024021	0	-1.05e+06	0	-0.00357814	
16	0.000181725	0.00258429	0	-1.05e+06	0	-0.00408079	
17	0.00018126	0.00276601	0	-1.05e+06	0	-0.00461501	
18	0.000180792	0.00294727	0	-1.05e+06	0	-0.00518054	
19	0.000180323	0.00312806	0	-1.05e+06	0	-0.00577712	
20	0.000179856	0.00330839	0	-1.05e+06	0	-0.0064045	
21	0.000179391	0.00348824	0	-1.05e+06	0	-0.00706244	
22	0.00017893	0.00366763	0	-1.05e+06	0	-0.00775071	
23	0.000178473	0.00384656	0	-1.05e+06	0	-0.00846907	
24	0.000178022	0.00402504	0	-1.05e+06	0	-0.0092173	
25	0.000177576	0.00420306	0	-1.05e+06	0	-0.0099952	
26	0.000177137	0.00438063	0	-1.05e+06	0	-0.0108025	
27	0.000176703	0.00455777	0	-1.05e+06	0	-0.0116391	
28	0.000176276	0.00473447	0	-1.05e+06	0	-0.0125048	
29	0.000175854	0.00491075	0	-1.05e+06	0	-0.0133993	
30	0.000175438	0.0050866	0	-1.05e+06	0	-0.0143225	
31	0.000175028	0.00526204	0	-1.05e+06	0	-0.0152741	
32	0.000174622	0.00543707	0	-1.05e+06	0	-0.016254	
33	0.00017422	0.00561169	0	-1.05e+06	0	-0.017262	
34	0.000173823	0.00578591	0	-1.05e+06	0	-0.018298	
35	0.000173429	0.00595973	0	-1.05e+06	0	-0.0193616	
36	0.000173039	0.00613316	0	-1.05e+06	0	-0.0204529	
37	0.000172651	0.0063062	0	-1.05e+06	0	-0.0215714	
38	0.000172265	0.00647885	0	-1.05e+06	0	-0.0227172	
39	0.000171882	0.00665112	0	-1.05e+06	0	-0.0238899	
40	0.0001715	0.006823	0	-1.05e+06	0	-0.0250895	
41	0.00017112	0.0069945	0	-1.05e+06	0	-0.0263157	
42	0.000170742	0.00716562	0	-1.05e+06	0	-0.0275683	
43	0.000170364	0.00733636	0	-1.05e+06	0	-0.0288472	
44	0.000169988	0.00750673	0	-1.05e+06	0	-0.0301521	
45	0.000169612	0.00767671	0	-1.05e+06	0	-0.031483	
46	0.000169238	0.00784633	0	-1.05e+06	0	-0.0328395	
47	0.000168864	0.00801556	0	-1.05e+06	0	-0.0342216	
48	0.000168491	0.00818443	0	-1.05e+06	0	-0.035629	
49	0.00016812	0.00835292	0	-1.05e+06	0	-0.0370615	
50	0.000167749	0.00852104	0	-1.05e+06	0	-0.038519	
51	0.00016738	0.00868879	0	-1.05e+06	0	-0.0400014	
52	0.000167012	0.00885617	0	-1.05e+06	0	-0.0415084	
53	0.000166645	0.00902318	0	-1.05e+06	0	-0.0430398	
54	0.00016628	0.00918982	0	-1.05e+06	0	-0.0445955	
55	0.000165916	0.0093561	0	-1.05e+06	0	-0.0461754	
56	0.000165554	0.00952202	0	-1.05e+06	0	-0.0477792	
57	0.000165194	0.00968757	0	-1.05e+06	0	-0.0494068	
58	0.000164835	0.00985277	0	-1.05e+06	0	-0.0510581	
59	0.000164479	0.0100176	0	-1.05e+06	0	-0.0527328	
60	0.000164125	0.0101821	0	-1.05e+06	0	-0.0544309	
61	0.000163773	0.0103462	0	-1.05e+06	0	-0.0561521	
62	0.000163423	0.01051	0	-1.05e+06	0	-0.0578964	
63	0.000163076	0.0106734	0	-1.05e+06	0	-0.0596636	
64	0.000162731	0.0108365	0	-1.05e+06	0	-0.0614535	
65	0.000162389	0.0109992	0	-1.05e+06	0	-0.063266	
66	0.000162049	0.0111616	0	-1.05e+06	0	-0.065101	
67	0.000161712	0.0113236	0	-1.05e+06	0	-0.0669583	
68	0.000161378	0.0114854	0	-1.05e+06	0	-0.0688379	
69	0.000161047	0.0116467	0	-1.05e+06	0	-0.0707395	
70	0.000160718	0.0118078	0	-1.05e+06	0	-0.072663	
71	0.000160392	0.0119685	0	-1.05e+06	0	-0.0746084	
72	0.00016007	0.0121289	0	-1.05e+06	0	-0.0765755	
73	0.00015975	0.012289	0	-1.05e+06	0	-0.0785642	
74	0.000159434	0.0124487	0	-1.05e+06	0	-0.0805744	
75	0.000159121	0.0126082	0	-1.05e+06	0	-0.0826059	
76	0.000158812	0.0127673	0	-1.05e+06	0	-0.0846587	
77	0.000158506	0.0129261	0	-1.05e+06	0	-0.0867327	
78	0.000158204	0.0130846	0	-1.05e+06	0	-0.0888278	
79	0.000157906	0.0132428	0	-1.05e+06	0	-0.0909438	
80	0.000157612	0.0134007	0	-1.05e+06	0	-0.0930808	
81	0.000157323	0.0135583	0	-1.05e+06	0	-0.0952386	
82	0.000157038	0.0137156	0	-1.05e+06	0	-0.0974171	
83	0.000156757	0.0138727	0	-1.05e+06	0	-0.0996163	
84	0.000156482	0.0140294	0	-1.05e+06	0	-0.101836	
85	0.000156212	0.0141859	0	-1.05e+06	0	-0.104077	
86	0.000155948	0.0143421	0	-1.05e+06	0	-0.106338	
87	0.00015569	0.0144981	0	-1.05e+06	0	-0.108619	
88	0.000155438	0.0146538	0	-1.05e+06	0	-0.110921	
89	0.000155193	0.0148092	0	-1.05e+06	0	-0.113243	
90	0.000154954	0.0149644	0	-1.05e+06	0	-0.115586	
91	0.000154724	0.0151193	0	-1.05e+06	0	-0.117949	
92	0.0001545	0.0152741	0	-1.05e+06	0	-0.120333	
93	0.000154286	0.0154286	0	-1.05e+06	0	-0.122737	
94	0.000154079	0.0155829	0	-1.05e+06	0	-0.125162	
95	0.000153882	0.0157369	0	-1.05e+06	0	-0.127607	
96	0.000153694	0.0158908	0	-1.05e+06	0	-0.130073	
97	0.00015351	0.0160445	0	-1.05e+06	0	-0.13256	
98	0.00015333	0.016198	0	-1.05e+06	0	-0.135067	
99	0.00015316	0.0163514	0	-1.05e+06	0	-0.137595	
100	0.000153001	0.0165045	0	-1.05e+06	0	-0.140143	
101	0.000152854	0.0166575	0	-1.05e+06	0	-0.142713	
102	0.000152717	0.0168104	0	-1.05e+06	0	-0.145303	
103	0.000152592	0.0169631	0	-1.05e+06	0	-0.147915	
104	0.00015248	0.0171157	0	-1.05e+06	0	-0.150548	
105	0.00015238	0.0172682	0	-1.05e+06	0	-0.153203	
106	0.000152292	0.0174205	0	-1.05e+06	0	-0.155879	
107	0.000152218	0.0175728	0	-1.05e+06	0	-0.158577	
108	0.000152156	0.017725	0	-1.05e+06	0	-0.161297	
109	0.000152108	0.0178772	0	-1.05e+06	0	-0.164039	
110	0.000152074	0.0180293	0	-1.05e+06	0	-0.166804	
111	0.000152053	0.0181814	0	-1.05e+06	0	-0.169592	
112	0.000152047	0.0183334	0	-1.05e+06	0	-0.172403	
113	0.000152053	0.0184855	0	-1.05e+06	0	-0.175236	
114	0.000152074	0.0186375	0	-1.05e+06	0	-0.178094	
115	0.000152109	0.0187896	0	-1.05e+06	0	-0.180975	
116	0.000152157	0.0189417	0	-1.05e+06	0	-0.18388	
117	0.000152218	0.0190939	0	-1.05e+06	0	-0.18681	
118	0.000152292	0.0192461	0	-1.05e+06	0	-0.189764	
119	0.000152379	0.0193984	0	-1.05e+06	0	-0.192743	
120	0.000152479	0.0195508	0	-1.05e+06	0	-0.195747	
121	0.00015259	0.0197032	0	-1.05e+06	0	-0.198776	
122	0.000152712	0.0198558	0	-1.05e+06	0	-0.201831	
123	0.000152845	0.0200085	0	-1.05e+06	0	-0.204913	
124	0.000152988	0.0201614	0	-1.05e+06	0	-0.20802	
125	0.000153141	0.0203144	0	-1.05e+06	0	-0.211154	
126	0.000153301	0.0204675	0	-1.05e+06	0	-0.214315	
127	0.000153469	0.0206208	0	-1.05e+06	0	-0.217502	
128	0.000153643	0.0207743	0	-1.05e+06	0	-0.220717	
129	0.000153822	0.0209279	0	-1.05e+06	0	-0.223959	
130	0.000154006	0.0210818	0	-1.05e+06	0	-0.227228	
131	0.000154193	0.0212358	0	-1.05e+06	0	-0.230525	
132	0.00015433	0.02139	0	-1.05e+06	0	-0.233848	
133	0.000154454	0.0215443	0	-1.05e+06	0	-0.237198	
134	0.000154583	0.0216987	0	-1.05e+06	0	-0.240574	
135	0.000154715	0.0218533	0	-1.05e+06	0	-0.243977	
136	0.000154851	0.022008	0	-1.05e+06	0	-0.247406	
137	0.000154968	0.0221629	0	-1.05e+06	0	-0.250862	
138	0.000155057	0.0223179	0	-1.05e+06	0	-0.254343	
139	0.00015515	0.0224729	0	-1.05e+06	0	-0.257849	
140	0.000155246	0.0226281	0	-1.05e+06	0	-0.261381	
141	0.000155345	0.0227833	0	-1.05e+06	0	-0.264939	
142	0.000155434	0.0229387	0	-1.05e+06	0	-0.268523	
143	0.000155525	0.0230941	0	-1.05e+06	0	-0.272132	
144	0.000155622	0.0232496	0	-1.05e+06	0	-0.275766	
145	0.000155723	0.0234052	0	-1.05e+06	0	-0.279426	
146	0.00015583	0.023561	0	-1.05e+06	0	-0.283111	
147	0.000155942	0.0237168	0	-1.05e+06	0	-0.286822	
148	0.000156058	0.0238727	0	-1.05e+06	0	-0.290559	
149	0.000156143	0.0240288	0	-1.05e+06	0	-0.29432	
150	0.00015621	0.0241849	0	-1.05e+06	0	-0.298106	
151	0.000156286	0.0243411	0	-1.05e+06	0	-0.301916	
152	0.000156371	0.0244974	0	-1.05e+06	0	-0.30575	
153	0.000156465	0.0246538	0	-1.05e+06	0	-0.309608	
154	0.000156568	0.0248103	0	-1.05e+06	0	-0.313491	
155	0.00015668	0.0249668	0	-1.05e+06	0	-0.317398	
156	0.0001568	0.0251235	0	-1.05e+06	0	-0.321329	
157	0.000156887	0.0252803	0	-1.05e+06	0	-0.325284	
158	0.000156979	0.0254372	0	-1.05e+06	0	-0.329262	
159	0.000157081	0.0255942	0	-1.05e+06	0	-0.333263	
160	0.000157193	0.0257513	0	-1.05e+06	0	-0.337286	
161	0.000157314	0.0259085	0	-1.05e+06	0	-0.341333	
162	0.000157445	0.0260658	0	-1.05e+06	0	-0.345402	
163	0.000157584	0.0262232	0	-1.05e+06	0	-0.349495	
164	0.000157714	0.0263808	0	-1.05e+06	0	-0.353609	
165	0.000157831	0.0265385	0	-1.05e+06	0	-0.357744	
166	0.000157955	0.0266963	0	-1.05e+06	0	-0.361901	
167	0.000158088	0.0268543	0	-1.05e+06	0	-0.366078	
168	0.000158227	0.0270124	0	-1.05e+06	0	-0.370276	
169	0.000158372	0.0271706	0	-1.05e+06	0	-0.374494	
170	0.000158521	0.027329	0	-1.05e+06	0	-0.378732	
171	0.000158575	0.0274875	0	-1.05e+06	0	-0.382986	
172	0.000158608	0.0276461	0	-1.05e+06	0	-0.387257	
173	0.000158643	0.0278047	0	-1.05e+06	0	-0.391542	
174	0.000158682	0.0279633	0	-1.05e+06	0	-0.395842	
175	0.000158725	0.028122	0	-1.05e+06	0	-0.400156	
176	0.000158775	0.0282807	0	-1.05e+06	0	-0.404484	
177	0.000158831	0.0284395	0	-1.05e+06	0	-0.408826	
178	0.000158894	0.0285983	0	-1.05e+06	0	-0.41318	
179	0.000158966	0.0287572	0	-1.05e+06	0	-0.417547	
180	0.000159046	0.0289162	0	-1.05e+06	0	-0.421926	
181	0.000159136	0.0290752	0	-1.05e+06	0	-0.426317	
182	0.000159234	0.0292344	0	-1.05e+06	0	-0.430719	
183	0.000159342	0.0293936	0	-1.05e+06	0	-0.435133	
184	0.000159458	0.029553	0	-1.05e+06	0	-0.439557	
185	0.000159583	0.0297124	0	-1.05e+06	0	-0.443992	
186	0.000159715	0.029872	0	-1.05e+06	0	-0.448438	
187	0.000159853	0.0300317	0	-1.05e+06	0	-0.452893	
188	0.000159913	0.0301916	0	-1.05e+06	0	-0.457356	
189	0.000159949	0.0303515	0	-1.05e+06	0	-0.461824	
190	0.000159988	0.0305114	0	-1.05e+06	0	-0.466298	
191	0.000160032	0.0306714	0	-1.05e+06	0	-0.470778	
192	0.000160079	0.0308314	0	-1.05e+06	0	-0.475262	
193	0.000160114	0.0309915	0	-1.05e+06	0	-0.479751	
194	0.000160133	0.0311516	0	-1.05e+06	0	-0.484243	
195	0.000160159	0.0313118	0	-1.05e+06	0	-0.488739	
196	0.000160192	0.0314719	0	-1.05e+06	0	-0.493238	
197	0.000160232	0.0316321	0	-1.05e+06	0	-0.49774	
198	0.00016028	0.0317924	0	-1.05e+06	0	-0.502245	
199	0.000160336	0.0319526	0	-1.05e+06	0	-0.506754	
200	0.000160401	0.032113	0	-1.05e+06	0	-0.511266	
201	0.000160472	0.0322734	0	-1.05e+06	0	-0.515781	
202	0.000160551	0.0324338	0	-1.05e+06	0	-0.5203	
203	0.000160563	0.0325944	0	-1.05e+06	0	-0.524821	
204	0.000160547	0.032755	0	-1.05e+06	0	-0.529343	
205	0.000160532	0.0329155	0	-1.05e+06	0	-0.533865	
206	0.000160519	0.033076	0	-1.05e+06	0	-0.538389	
207	0.000160508	0.0332366	0	-1.05e+06	0	-0.542915	
208	0.000160499	0.0333971	0	-1.05e+06	0	-0.547441	
209	0.00016049	0.0335576	0	-1.05e+06	0	-0.55197	
210	0.000160482	0.0337181	0	-1.05e+06	0	-0.556501	
211	0.000160474	0.0338785	0	-1.05e+06	0	-0.561035	
212	0.000160452	0.034039	0	-1.05e+06	0	-0.56557	
213	0.000160416	0.0341995	0	-1.05e+06	0	-0.570109	
214	0.00016038	0.0343599	0	-1.05e+06	0	-0.574649	
215	0.000160342	0.0345203	0	-1.05e+06	0	-0.579193	
216	0.000160304	0.0346806	0	-1.05e+06	0	-0.583741	
217	0.000160265	0.0348409	0	-1.05e+06	0	-0.588293	
218	0.000160226	0.0350012	0	-1.05e+06	0	-0.592849	
219	0.000160187	0.0351614	0	-1.05e+06	0	-0.59741	
220	0.000160149	0.0353216	0	-1.05e+06	0	-0.601978	
221	0.000160112	0.0354817	0	-1.05e+06	0	-0.606551	
222	0.000160076	0.0356418	0	-1.05e+06	0	-0.611132	
223	0.000160041	0.0358019	0	-1.05e+06	0	-0.61572	
224	0.000160008	0.035962	0	-1.05e+06	0	-0.620317	
225	0.000159977	0.036122	0	-1.05e+06	0	-0.624923	
226	0.000159948	0.0362819	0	-1.05e+06	0	-0.629539	
227	0.00015992	0.0364419	0	-1.05e+06	0	-0.634165	
228	0.000159895	0.0366018	0	-1.05e+06	0	-0.638803	
229	0.000159871	0.0367617	0	-1.05e+06	0	-0.643453	
230	0.000159834	0.0369216	0	-1.05e+06	0	-0.648115	
231	0.000159788	0.0370814	0	-1.05e+06	0	-0.65279	
232	0.000159743	0.0372412	0	-1.05e+06	0	-0.657479	
233	0.000159693	0.0374009	0	-1.05e+06	0	-0.662181	
234	0.000159635	0.0375606	0	-1.05e+06	0	-0.666899	
235	0.00015958	0.0377203	0	-1.05e+06	0	-0.671631	
236	0.000159526	0.0378799	0	-1.05e+06	0	-0.676379	
237	0.000159454	0.0380394	0	-1.05e+06	0	-0.681144	
238	0.000159376	0.0381988	0	-1.05e+06	0	-0.685924	
239	0.000159299	0.0383582	0	-1.05e+06	0	-0.690722	
240	0.000159221	0.0385175	0	-1.05e+06	0	-0.695537	
241	0.000159144	0.0386767	0	-1.05e+06	0	-0.700369	
242	0.000159067	0.0388359	0	-1.05e+06	0	-0.70522	
243	0.00015899	0.0389949	0	-1.05e+06	0	-0.71009	
244	0.000158904	0.0391539	0	-1.05e+06	0	-0.714979	
245	0.000158788	0.0393128	0	-1.05e+06	0	-0.719885	
246	0.000158673	0.0394716	0	-1.05e+06	0	-0.72481	
247	0.000158543	0.0396303	0	-1.05e+06	0	-0.729753	
248	0.000158393	0.0397888	0	-1.05e+06	0	-0.734714	
249	0.000158245	0.0399472	0	-1.05e+06	0	-0.739692	
250	0.000158101	0.0401055	0	-1.05e+06	0	-0.744688	
251	0.000157961	0.0402636	0	-1.05e+06	0	-0.749703	
252	0.000157828	0.0404215	0	-1.05e+06	0	-0.754735	
253	0.000157701	0.0405794	0	-1.05e+06	0	-0.759785	
254	0.000157581	0.0407371	0	-1.05e+06	0	-0.764854	
255	0.00015747	0.0408946	0	-1.05e+06	0	-0.769941	
256	0.000157368	0.0410521	0	-1.05e+06	0	-0.775046	
257	0.000157275	0.0412095	0	-1.05e+06	0	-0.780169	
258	0.000157191	0.0413668	0	-1.05e+06	0	-0.785311	
259	0.000157117	0.041524	0	-1.05e+06	0	-0.790471	
260	0.000157053	0.0416811	0	-1.05e+06	0	-0.795648	
261	0.000156997	0.0418381	0	-1.05e+06	0	-0.800844	
262	0.000156951	0.0419951	0	-1.05e+06	0	-0.806057	
263	0.000156912	0.0421521	0	-1.05e+06	0	-0.811287	
264	0.00015688	0.042309	0	-1.05e+06	0	-0.816534	
265	0.000156854	0.0424659	0	-1.05e+06	0	-0.821798	
266	0.000156833	0.0426227	0	-1.05e+06	0	-0.827078	
267	0.000156815	0.0427795	0	-1.05e+06	0	-0.832374	
268	0.00015678	0.0429364	0	-1.05e+06	0	-0.837684	
269	0.000156661	0.0430931	0	-1.05e+06	0	-0.843006	
270	0.000156522	0.0432498	0	-1.05e+06	0	-0.848336	
271	0.000156383	0.0434063	0	-1.05e+06	0	-0.853676	
272	0.000156246	0.0435627	0	-1.05e+06	0	-0.859024	
273	0.000156112	0.043719	0	-1.05e+06	0	-0.864381	
274	0.000155983	0.0438751	0	-1.05e+06	0	-0.869744	
275	0.000155859	0.0440311	0	-1.05e+06	0	-0.875114	
276	0.000155741	0.0441869	0	-1.05e+06	0	-0.880491	
277	0.00015563	0.0443427	0	-1.05e+06	0	-0.885874	
278	0.000155527	0.0444983	0	-1.05e+06	0	-0.891263	
279	0.000155431	0.0446538	0	-1.05e+06	0	-0.896658	
280	0.000155343	0.0448092	0	-1.05e+06	0	-0.902059	
281	0.000155253	0.0449646	0	-1.05e+06	0	-0.907464	
282	0.000155157	0.0451198	0	-1.05e+06	0	-0.912874	
283	0.000155065	0.045275	0	-1.05e+06	0	-0.918287	
284	0.000154974	0.0454301	0	-1.05e+06	0	-0.923705	
285	0.000154885	0.045585	0	-1.05e+06	0	-0.929126	
286	0.000154708	0.0457399	0	-1.05e+06	0	-0.934547	
287	0.000154467	0.0458946	0	-1.05e+06	0	-0.939966	
288	0.000154229	0.0460491	0	-1.05e+06	0	-0.945382	
289	0.000153996	0.0462033	0	-1.05e+06	0	-0.950796	
290	0.000153766	0.0463573	0	-1.05e+06	0	-0.956207	
291	0.000153541	0.0465111	0	-1.05e+06	0	-0.961615	
292	0.00015332	0.0466646	0	-1.05e+06	0	-0.967021	
293	0.000153045	0.0468179	0	-1.05e+06	0	-0.972421	
294	0.000152769	0.046971	0	-1.05e+06	0	-0.977817	
295	0.000152471	0.0471238	0	-1.05e+06	0	-0.983206	
296	0.000152174	0.0472762	0	-1.05e+06	0	-0.98859	
297	0.000151882	0.0474284	0	-1.05e+06	0	-0.993968	
298	0.000151597	0.0475803	0	-1.05e+06	0	-0.99934	
299	0.00015132	0.0477319	0	-1.05e+06	0	-1.00471	
300	0.00015105	0.0478832	0	-1.05e+06	0	-1.01007	
301	0.00015079	0.0480343	0	-1.05e+06	0	-1.01542	
302	0.000150539	0.048185	0	-1.05e+06	0	-1.02077	
303	0.000150298	0.0483356	0	-1.05e+06	0	-1.02612	
304	0.000150066	0.0484859	0	-1.05e+06	0	-1.03146	
305	0.000149844	0.0486359	0	-1.05e+06	0	-1.03679	
306	0.000149632	0.0487858	0	-1.05e+06	0	-1.04212	
307	0.000149429	0.0489354	0	-1.05e+06	0	-1.04745	
308	0.000149236	0.0490848	0	-1.05e+06	0	-1.05277	
309	0.000149052	0.0492341	0	-1.05e+06	0	-1.05808	
310	0.000148876	0.0493831	0	-1.05e+06	0	-1.0634	
311	0.000148709	0.049532	0	-1.05e+06	0	-1.0687	
312	0.000148549	0.0496807	0	-1.05e+06	0	-1.07401	
313	0.000148397	0.0498293	0	-1.05e+06	0	-1.0793	
314	0.000148252	0.0499777	0	-1.05e+06	0	-1.0846	
315	0.000148113	0.0501259	0	-1.05e+06	0	-1.08988	
316	0.00014798	0.050274	0	-1.05e+06	0	-1.09516	
317	0.000147852	0.050422	0	-1.05e+06	0	-1.10044	
318	0.00014773	0.0505699	0	-1.05e+06	0	-1.10571	
319	0.000147612	0.0507176	0	-1.05e+06	0	-1.11097	
320	0.000147499	0.0508652	0	-1.05e+06	0	-1.11622	
321	0.000147389	0.0510127	0	-1.05e+06	0	-1.12146	
322	0.000147283	0.0511601	0	-1.05e+06	0	-1.1267	
323	0.00014718	0.0513074	0	-1.05e+06	0	-1.13193	
324	0.000147058	0.0514546	0	-1.05e+06	0	-1.13714	
325	0.000146933	0.0516016	0	-1.05e+06	0	-1.14235	
326	0.000146812	0.0517485	0	-1.05e+06	0	-1.14754	
327	0.000146695	0.0518954	0	-1.05e+06	0	-1.15272	
328	0.000146582	0.0520421	0	-1.05e+06	0	-1.15789	
329	0.000146472	0.0521886	0	-1.05e+06	0	-1.16304	
330	0.000146364	0.0523351	0	-1.05e+06	0	-1.16818	
331	0.000146259	0.0524815	0	-1.05e+06	0	-1.1733	
332	0.000146157	0.0526277	0	-1.05e+06	0	-1.17841	
333	0.000146056	0.0527739	0	-1.05e+06	0	-1.1835	
334	0.000145958	0.0529199	0	-1.05e+06	0	-1.18857	
335	0.000145862	0.0530659	0	-1.05e+06	0	-1.19362	
336	0.000145767	0.0532118	0	-1.05e+06	0	-1.19866	
337	0.000145676	0.0533575	0	-1.05e+06	0	-1.20367	
338	0.000145586	0.0535032	0	-1.05e+06	0	-1.20867	
339	0.000145499	0.0536488	0	-1.05e+06	0	-1.21364	
340	0.000145414	0.0537943	0	-1.05e+06	0	-1.21859	
341	0.000145332	0.0539397	0	-1.05e+06	0	-1.22352	
342	0.000145253	0.054085	0	-1.05e+06	0	-1.22843	
343	0.000145178	0.0542303	0	-1.05e+06	0	-1.23332	
344	0.000145106	0.0543755	0	-1.05e+06	0	-1.23818	
345	0.000145037	0.0545206	0	-1.05e+06	0	-1.24301	
346	0.000144972	0.0546656	0	-1.05e+06	0	-1.24782	
347	0.000144873	0.0548106	0	-1.05e+06	0	-1.25261	
348	0.000144778	0.0549555	0	-1.05e+06	0	-1.25736	
349	0.000144684	0.0551002	0	-1.05e+06	0	-1.26209	
350	0.00014458	0.0552449	0	-1.05e+06	0	-1.26679	
351	0.000144479	0.0553895	0	-1.05e+06	0	-1.27147	
352	0.000144379	0.055534	0	-1.05e+06	0	-1.27611	
353	0.000144282	0.0556784	0	-1.05e+06	0	-1.28072	
354	0.000144189	0.0558226	0	-1.05e+06	0	-1.28531	
355	0.0001441	0.0559668	0	-1.05e+06	0	-1.28986	
356	0.000144015	0.0561109	0	-1.05e+06	0	-1.29438	
357	0.000143937	0.0562549	0	-1.05e+06	0	-1.29887	
358	0.000143865	0.0563989	0	-1.05e+06	0	-1.30333	
359	0.0001438	0.0565427	0	-1.05e+06	0	-1.30776	
360	0.000143742	0.0566865	0	-1.05e+06	0	-1.31216	
361	0.000143692	0.0568303	0	-1.05e+06	0	-1.31652	
362	0.000143651	0.056974	0	-1.05e+06	0	-1.32086	
363	0.000143618	0.0571176	0	-1.05e+06	0	-1.32516	
364	0.000143595	0.0572612	0	-1.05e+06	0	-1.32943	
365	0.00014358	0.0574048	0	-1.05e+06	0	-1.33366	
366	0.000143574	0.0575484	0	-1.05e+06	0	-1.33787	
367	0.000143577	0.057692	0	-1.05e+06	0	-1.34204	
368	0.000143589	0.0578356	0	-1.05e+06	0	-1.34618	
369	0.000143609	0.0579792	0	-1.05e+06	0	-1.35029	
370	0.000143636	0.0581228	0	-1.05e+06	0	-1.35436	
371	0.00014367	0.0582664	0	-1.05e+06	0	-1.3584	
372	0.00014371	0.0584101	0	-1.05e+06	0	-1.36241	
373	0.000143755	0.0585538	0	-1.05e+06	0	-1.36638	
374	0.000143776	0.0586975	0	-1.05e+06	0	-1.37032	
375	0.000143776	0.0588413	0	-1.05e+06	0	-1.37423	
376	0.000143769	0.0589851	0	-1.05e+06	0	-1.3781	
377	0.000143726	0.0591289	0	-1.05e+06	0	-1.38193	
378	0.000143686	0.0592726	0	-1.05e+06	0	-1.38572	
379	0.000143649	0.0594163	0	-1.05e+06	0	-1.38948	
380	0.000143615	0.0595599	0	-1.05e+06	0	-1.3932	
381	0.000143587	0.0597035	0	-1.05e+06	0	-1.39689	
382	0.000143564	0.0598471	0	-1.05e+06	0	-1.40053	
383	0.000143547	0.0599907	0	-1.05e+06	0	-1.40414	
384	0.000143537	0.0601342	0	-1.05e+06	0	-1.40771	
385	0.000143534	0.0602778	0	-1.05e+06	0	-1.41124	
386	0.000143539	0.0604213	0	-1.05e+06	0	-1.41474	
387	0.000143551	0.0605648	0	-1.05e+06	0	-1.4182	
388	0.000143571	0.0607084	0	-1.05e+06	0	-1.42162	
389	0.000143598	0.060852	0	-1.05e+06	0	-1.42501	
390	0.000143634	0.0609956	0	-1.05e+06	0	-1.42835	
391	0.000143677	0.0611392	0	-1.05e+06	0	-1.43167	
392	0.000143728	0.0612829	0	-1.05e+06	0	-1.43494	
393	0.000143785	0.0614266	0	-1.05e+06	0	-1.43818	
394	0.000143849	0.0615704	0	-1.05e+06	0	-1.44138	
395	0.000143918	0.0617142	0	-1.05e+06	0	-1.44455	
396	0.000143992	0.0618582	0	-1.05e+06	0	-1.44768	
397	0.000144024	0.0620022	0	-1.05e+06	0	-1.45077	
398	0.000143978	0.0621462	0	-1.05e+06	0	-1.45383	
399	0.000143935	0.0622902	0	-1.05e+06	0	-1.45684	
400	0.000143895	0.0624341	0	-1.05e+06	0	-1.45982	
401	0.00014386	0.062578	0	-1.05e+06	0	-1.46276	
402	0.000143831	0.0627218	0	-1.05e+06	0	-1.46567	
403	0.00014381	0.0628657	0	-1.05e+06	0	-1.46853	
404	0.000143797	0.0630095	0	-1.05e+06	0	-1.47136	
405	0.000143794	0.0631533	0	-1.05e+06	0	-1.47416	
406	0.000143801	0.0632971	0	-1.05e+06	0	-1.47692	
407	0.000143819	0.0634409	0	-1.05e+06	0	-1.47964	
408	0.000143849	0.0635847	0	-1.05e+06	0	-1.48234	
409	0.000143891	0.0637285	0	-1.05e+06	0	-1.48499	
410	0.000143944	0.0638724	0	-1.05e+06	0	-1.48762	
411	0.00014401	0.0640164	0	-1.05e+06	0	-1.49021	
412	0.000144087	0.0641604	0	-1.05e+06	0	-1.49276	
413	0.000144176	0.0643045	0	-1.05e+06	0	-1.49529	
414	0.000144274	0.0644487	0	-1.05e+06	0	-1.49779	
415	0.000144383	0.0645929	0	-1.05e+06	0	-1.50025	
416	0.0001445	0.0647373	0	-1.05e+06	0	-1.50269	
417	0.000144625	0.0648818	0	-1.05e+06	0	-1.50509	
418	0.000144741	0.0650264	0	-1.05e+06	0	-1.50746	
419	0.000144833	0.0651712	0	-1.05e+06	0	-1.50981	
420	0.000144921	0.065316	0	-1.05e+06	0	-1.51213	
421	0.000145014	0.0654609	0	-1.05e+06	0	-1.51441	
422	0.000145111	0.0656059	0	-1.05e+06	0	-1.51667	
423	0.000145213	0.0657511	0	-1.05e+06	0	-1.5189	
424	0.000145319	0.0658963	0	-1.05e+06	0	-1.52111	
425	0.000145429	0.0660416	0	-1.05e+06	0	-1.52329	
426	0.000145542	0.066187	0	-1.05e+06	0	-1.52544	
427	0.000145659	0.0663326	0	-1.05e+06	0	-1.52756	
428	0.000145751	0.0664782	0	-1.05e+06	0	-1.52966	
429	0.000145847	0.066624	0	-1.05e+06	0	-1.53173	
430	0.000145949	0.0667698	0	-1.05e+06	0	-1.53378	
431	0.000146056	0.0669158	0	-1.05e+06	0	-1.53581	
432	0.000146169	0.0670618	0	-1.05e+06	0	-1.53781	
433	0.00014628	0.067208	0	-1.05e+06	0	-1.53978	
434	0.000146393	0.0673543	0	-1.05e+06	0	-1.54174	
435	0.000146512	0.0675007	0	-1.05e+06	0	-1.54367	
436	0.000146635	0.0676472	0	-1.05e+06	0	-1.54558	
437	0.000146761	0.0677938	0	-1.05e+06	0	-1.54746	
438	0.000146881	0.0679406	0	-1.05e+06	0	-1.54933	
439	0.000146884	0.0680874	0	-1.05e+06	0	-1.55117	
440	0.000146888	0.0682343	0	-1.05e+06	0	-1.55299	
441	0.000146894	0.0683812	0	-1.05e+06	0	-1.55479	
442	0.000146903	0.0685281	0	-1.05e+06	0	-1.55657	
443	0.000146916	0.068675	0	-1.05e+06	0	-1.55833	
444	0.000146932	0.0688219	0	-1.05e+06	0	-1.56007	
445	0.000146951	0.0689689	0	-1.05e+06	0	-1.56179	
446	0.000146975	0.0691158	0	-1.05e+06	0	-1.56349	
447	0.000147003	0.0692628	0	-1.05e+06	0	-1.56517	
448	0.000147035	0.0694098	0	-1.05e+06	0	-1.56683	
449	0.000147071	0.0695568	0	-1.05e+06	0	-1.56848	
450	0.00014711	0.0697039	0	-1.05e+06	0	-1.57011	
451	0.000147144	0.069851	0	-1.05e+06	0	-1.57172	
452	0.00014716	0.0699982	0	-1.05e+06	0	-1.57331	
453	0.00014718	0.0701453	0	-1.05e+06	0	-1.57489	
454	0.000147204	0.0702925	0	-1.05e+06	0	-1.57645	
455	0.000147231	0.0704397	0	-1.05e+06	0	-1.578	
456	0.00014726	0.0705869	0	-1.05e+06	0	-1.57953	
457	0.00014729	0.0707342	0	-1.05e+06	0	-1.58105	
458	0.000147286	0.0708815	0	-1.05e+06	0	-1.58255	
459	0.00014727	0.0710288	0	-1.05e+06	0	-1.58404	
460	0.000147236	0.071176	0	-1.05e+06	0	-1.58552	
461	0.000147205	0.0713233	0	-1.05e+06	0	-1.58698	
462	0.000147177	0.0714705	0	-1.05e+06	0	-1.58843	
463	0.000147154	0.0716177	0	-1.05e+06	0	-1.58986	
464	0.000147136	0.0717648	0	-1.05e+06	0	-1.59128	
465	0.000147123	0.0719119	0	-1.05e+06	0	-1.59269	
466	0.000147117	0.0720591	0	-1.05e+06	0	-1.59409	
467	0.000147116	0.0722062	0	-1.05e+06	0	-1.59548	
468	0.000147121	0.0723533	0	-1.05e+06	0	-1.59685	
469	0.000147133	0.0725004	0	-1.05e+06	0	-1.59822	
470	0.00014715	0.0726476	0	-1.05e+06	0	-1.59958	
471	0.000147173	0.0727947	0	-1.05e+06	0	-1.60092	
472	0.0001472	0.0729419	0	-1.05e+06	0	-1.60226	
473	0.000147233	0.0730891	0	-1.05e+06	0	-1.60359	
474	0.000147268	0.0732363	0	-1.05e+06	0	-1.60491	
475	0.000147306	0.0733836	0	-1.05e+06	0	-1.60622	
476	0.000147347	0.0735309	0	-1.05e+06	0	-1.60752	
477	0.000147388	0.0736782	0	-1.05e+06	0	-1.60882	
478	0.000147429	0.0738256	0	-1.05e+06	0	-1.61011	
479	0.00014747	0.073973	0	-1.05e+06	0	-1.6114	
480	0.00014748	0.0741205	0	-1.05e+06	0	-1.61267	
481	0.00014743	0.074268	0	-1.05e+06	0	-1.61394	
482	0.000147345	0.0744154	0	-1.05e+06	0	-1.61521	
483	0.000147225	0.0745628	0	-1.05e+06	0	-1.61647	
484	0.000147105	0.07471	0	-1.05e+06	0	-1.61772	
485	0.000146996	0.0748571	0	-1.05e+06	0	-1.61896	
486	0.000146899	0.0750041	0	-1.05e+06	0	-1.6202	
487	0.000146814	0.075151	0	-1.05e+06	0	-1.62144	
488	0.000146742	0.0752978	0	-1.05e+06	0	-1.62267	
489	0.000146682	0.0754446	0	-1.05e+06	0	-1.6239	
490	0.000146633	0.0755912	0	-1.05e+06	0	-1.62512	
491	0.000146594	0.0757379	0	-1.05e+06	0	-1.62634	
492	0.000146565	0.0758845	0	-1.05e+06	0	-1.62755	
493	0.000146529	0.076031	0	-1.05e+06	0	-1.62876	
494	0.000146473	0.0761776	0	-1.05e+06	0	-1.62997	
495	0.00014642	0.076324	0	-1.05e+06	0	-1.63118	
496	0.000146371	0.0764704	0	-1.05e+06	0	-1.63238	
497	0.000146326	0.0766168	0	-1.05e+06	0	-1.63359	
498	0.000146286	0.0767631	0	-1.05e+06	0	-1.63478	
499	0.000146249	0.0769094	0	-1.05e+06	0	-1.63598	
500	0.000146217	0.0770557	0	-1.05e+06	0	-1.63718	
501	0.000146189	0.0772019	0	-1.05e+06	0	-1.63837	
502	0.000146164	0.0773481	0	-1.05e+06	0	-1.63956	
503	0.000146143	0.0774943	0	-1.05e+06	0	-1.64075	
504	0.000146125	0.0776404	0	-1.05e+06	0	-1.64194	
505	0.000146093	0.0777865	0	-1.05e+06	0	-1.64313	
506	0.000146059	0.0779326	0	-1.05e+06	0	-1.64432	
507	0.000146029	0.0780787	0	-1.05e+06	0	-1.6455	
508	0.000146003	0.0782247	0	-1.05e+06	0	-1.64669	
509	0.000145981	0.0783707	0	-1.05e+06	0	-1.64787	
510	0.000145962	0.0785167	0	-1.05e+06	0	-1.64905	
511	0.000145946	0.0786626	0	-1.05e+06	0	-1.65023	
512	0.000145933	0.0788086	0	-1.05e+06	0	-1.65141	
513	0.000145921	0.0789545	0	-1.05e+06	0	-1.65259	
514	0.000145911	0.0791004	0	-1.05e+06	0	-1.65377	
515	0.000145885	0.0792464	0	-1.05e+06	0	-1.65495	
516	0.000145835	0.0793922	0	-1.05e+06	0	-1.65612	
517	0.000145781	0.0795381	0	-1.05e+06	0	-1.6573	
518	0.000145731	0.0796839	0	-1.05e+06	0	-1.65847	
519	0.000145685	0.0798296	0	-1.05e+06	0	-1.65964	
520	0.000145644	0.0799753	0	-1.05e+06	0	-1.66081	
521	0.000145608	0.0801209	0	-1.05e+06	0	-1.66198	
522	0.000145579	0.0802665	0	-1.05e+06	0	-1.66315	
523	0.000145555	0.0804121	0	-1.05e+06	0	-1.66431	
524	0.000145538	0.0805577	0	-1.05e+06	0	-1.66548	
525	0.000145526	0.0807032	0	-1.05e+06	0	-1.66664	
526	0.00014552	0.0808487	0	-1.05e+06	0	-1.6678	
527	0.00014552	0.0809942	0	-1.05e+06	0	-1.66896	
528	0.000145524	0.0811398	0	-1.05e+06	0	-1.67012	
529	0.000145532	0.0812853	0	-1.05e+06	0	-1.67128	
530	0.000145545	0.0814308	0	-1.05e+06	0	-1.67244	
531	0.00014556	0.0815764	0	-1.05e+06	0	-1.67359	
532	0.000145578	0.0817219	0	-1.05e+06	0	-1.67475	
533	0.000145589	0.0818675	0	-1.05e+06	0	-1.6759	
534	0.000145599	0.0820131	0	-1.05e+06	0	-1.67705	
535	0.000145613	0.0821587	0	-1.05e+06	0	-1.6782	
536	0.00014563	0.0823043	0	-1.05e+06	0	-1.67935	
537	0.000145649	0.0824499	0	-1.05e+06	0	-1.6805	
538	0.000145672	0.0825956	0	-1.05e+06	0	-1.68164	
539	0.000145697	0.0827413	0	-1.05e+06	0	-1.68278	
540	0.000145725	0.082887	0	-1.05e+06	0	-1.68392	
541	0.000145756	0.0830327	0	-1.05e+06	0	-1.68506	
542	0.00014579	0.0831784	0	-1.05e+06	0	-1.68619	
543	0.000145826	0.0833242	0	-1.05e+06	0	-1.68733	
544	0.000145864	0.0834701	0	-1.05e+06	0	-1.68846	
545	0.000145891	0.0836159	0	-1.05e+06	0	-1.68958	
546	0.000145921	0.0837618	0	-1.05e+06	0	-1.69071	
547	0.000145952	0.0839077	0	-1.05e+06	0	-1.69183	
548	0.000145986	0.0840537	0	-1.05e+06	0	-1.69295	
549	0.000146022	0.0841997	0	-1.05e+06	0	-1.69406	
550	0.000146061	0.0843457	0	-1.05e+06	0	-1.69517	
551	0.0001461	0.0844917	0	-1.05e+06	0	-1.69628	
552	0.000146132	0.0846378	0	-1.05e+06	0	-1.69738	
553	0.000146164	0.084784	0	-1.05e+06	0	-1.69848	
554	0.00014619	0.0849301	0	-1.05e+06	0	-1.69957	
555	0.000146219	0.0850763	0	-1.05e+06	0	-1.70065	
556	0.000146249	0.0852226	0	-1.05e+06	0	-1.70173	
557	0.000146281	0.0853688	0	-1.05e+06	0	-1.70281	
558	0.000146315	0.0855151	0	-1.05e+06	0	-1.70388	
559	0.00014635	0.0856614	0	-1.05e+06	0	-1.70494	
560	0.000146386	0.0858077	0	-1.05e+06	0	-1.706	
561	0.000146423	0.0859541	0	-1.05e+06	0	-1.70705	
562	0.000146461	0.0861006	0	-1.05e+06	0	-1.70809	
563	0.000146489	0.086247	0	-1.05e+06	0	-1.70912	
564	0.000146512	0.0863935	0	-1.05e+06	0	-1.71015	
565	0.000146538	0.08654	0	-1.05e+06	0	-1.71117	
566	0.000146568	0.0866866	0	-1.05e+06	0	-1.71217	
567	0.000146601	0.0868331	0	-1.05e+06	0	-1.71317	
568	0.000146638	0.0869797	0	-1.05e+06	0	-1.71417	
569	0.00014668	0.0871264	0	-1.05e+06	0	-1.71515	
570	0.000146725	0.087273	0	-1.05e+06	0	-1.71612	
571	0.000146775	0.0874198	0	-1.05e+06	0	-1.71708	
572	0.00014683	0.0875665	0	-1.05e+06	0	-1.71803	
573	0.000146872	0.0877134	0	-1.05e+06	0	-1.71898	
574	0.000146915	0.0878602	0	-1.05e+06	0	-1.71991	
575	0.00014696	0.0880072	0	-1.05e+06	0	-1.72083	
576	0.000147006	0.0881541	0	-1.05e+06	0	-1.72174	
577	0.000147051	0.0883011	0	-1.05e+06	0	-1.72263	
578	0.000147094	0.0884482	0	-1.05e+06	0	-1.72352	
579	0.000147123	0.0885953	0	-1.05e+06	0	-1.72439	
580	0.000147144	0.0887424	0	-1.05e+06	0	-1.72526	
581	0.000147164	0.0888895	0	-1.05e+06	0	-1.72611	
582	0.000147184	0.0890367	0	-1.05e+06	0	-1.72694	
583	0.000147197	0.0891839	0	-1.05e+06	0	-1.72777	
584	0.000147199	0.0893311	0	-1.05e+06	0	-1.72858	
585	0.000147202	0.0894783	0	-1.05e+06	0	-1.72938	
586	0.000147207	0.0896255	0	-1.05e+06	0	-1.73017	
587	0.000147214	0.0897727	0	-1.05e+06	0	-1.73095	
588	0.000147222	0.0899199	0	-1.05e+06	0	-1.73171	
589	0.000147232	0.0900671	0	-1.05e+06	0	-1.73246	
590	0.000147243	0.0902144	0	-1.05e+06	0	-1.73319	
591	0.000147257	0.0903616	0	-1.05e+06	0	-1.73391	
592	0.000147271	0.0905089	0	-1.05e+06	0	-1.73462	
593	0.000147288	0.0906561	0	-1.05e+06	0	-1.73532	
594	0.000147296	0.0908034	0	-1.05e+06	0	-1.736	
595	0.000147303	0.0909507	0	-1.05e+06	0	-1.73667	
596	0.000147311	0.091098	0	-1.05e+06	0	-1.73733	
597	0.000147321	0.0912453	0	-1.05e+06	0	-1.73797	
598	0.000147332	0.0913926	0	-1.05e+06	0	-1.7386	
599	0.000147345	0.09154	0	-1.05e+06	0	-1.73922	
600	0.000147359	0.0916873	0	-1.05e+06	0	-1.73982	
601	0.000147375	0.0918347	0	-1.05e+06	0	-1.74041	
602	0.000147391	0.0919821	0	-1.05e+06	0	-1.74099	
603	0.000147409	0.0921295	0	-1.05e+06	0	-1.74155	
604	0.000147426	0.0922769	0	-1.05e+06	0	-1.7421	
605	0.000147445	0.0924243	0	-1.05e+06	0	-1.74263	
606	0.000147463	0.0925717	0	-1.05e+06	0	-1.74315	
607	0.000147481	0.0927192	0	-1.05e+06	0	-1.74366	
608	0.000147499	0.0928667	0	-1.05e+06	0	-1.74415	
609	0.000147516	0.0930142	0	-1.05e+06	0	-1.74463	
610	0.000147532	0.0931617	0	-1.05e+06	0	-1.74509	
611	0.000147547	0.0933092	0	-1.05e+06	0	-1.74554	
612	0.00014756	0.0934568	0	-1.05e+06	0	-1.74598	
613	0.000147569	0.0936043	0	-1.05e+06	0	-1.7464	
614	0.000147573	0.0937519	0	-1.05e+06	0	-1.7468	
615	0.00014758	0.0938995	0	-1.05e+06	0	-1.74719	
616	0.000147589	0.0940471	0	-1.05e+06	0	-1.74756	
617	0.0001476	0.0941946	0	-1.05e+06	0	-1.74792	
618	0.000147609	0.0943422	0	-1.05e+06	0	-1.74826	
619	0.000147611	0.0944898	0	-1.05e+06	0	-1.74859	
620	0.000147612	0.0946375	0	-1.05e+06	0	-1.7489	
621	0.000147611	0.0947851	0	-1.05e+06	0	-1.7492	
622	0.000147609	0.0949327	0	-1.05e+06	0	-1.74947	
623	0.000147606	0.0950803	0	-1.05e+06	0	-1.74973	
624	0.000147602	0.0952279	0	-1.05e+06	0	-1.74998	
625	0.000147593	0.0953755	0	-1.05e+06	0	-1.7502	
626	0.000147524	0.0955231	0	-1.05e+06	0	-1.75041	
627	0.000147457	0.0956706	0	-1.05e+06	0	-1.7506	
628	0.000147393	0.0958181	0	-1.05e+06	0	-1.75078	
629	0.00014733	0.0959655	0	-1.05e+06	0	-1.75093	
630	0.000147271	0.0961128	0	-1.05e+06	0	-1.75107	
631	0.000147214	0.0962601	0	-1.05e+06	0	-1.75118	
632	0.00014716	0.0964073	0	-1.05e+06	0	-1.75128	
633	0.000147109	0.0965544	0	-1.05e+06	0	-1.75136	
634	0.000147062	0.0967016	0	-1.05e+06	0	-1.75142	
635	0.000147018	0.0968486	0	-1.05e+06	0	-1.75145	
636	0.000146976	0.0969956	0	-1.05e+06	0	-1.75147	
637	0.000146919	0.0971426	0	-1.05e+06	0	-1.75147	
638	0.000146864	0.0972895	0	-1.05e+06	0	-1.75145	
639	0.000146812	0.0974364	0	-1.05e+06	0	-1.7514	
640	0.000146763	0.0975832	0	-1.05e+06	0	-1.75134	
641	0.000146717	0.09773	0	-1.05e+06	0	-1.75125	
642	0.000146675	0.0978767	0	-1.05e+06	0	-1.75115	
643	0.000146636	0.0980234	0	-1.05e+06	0	-1.75102	
644	0.000146601	0.09817	0	-1.05e+06	0	-1.75087	
645	0.000146568	0.0983166	0	-1.05e+06	0	-1.75069	
646	0.000146539	0.0984632	0	-1.05e+06	0	-1.7505	
647	0.000146514	0.0986097	0	-1.05e+06	0	-1.75028	
648	0.00014649	0.0987562	0	-1.05e+06	0	-1.75004	
649	0.00014647	0.0989027	0	-1.05e+06	0	-1.74977	
650	0.000146441	0.0990492	0	-1.05e+06	0	-1.74948	
651	0.000146382	0.0991956	0	-1.05e+06	0	-1.74917	
652	0.000146327	0.099342	0	-1.05e+06	0	-1.74883	
653	0.000146276	0.0994883	0	-1.05e+06	0	-1.74848	
654	0.000146229	0.0996346	0	-1.05e+06	0	-1.74809	
655	0.000146184	0.0997808	0	-1.05e+06	0	-1.74769	
656	0.00014613	0.099927	0	-1.05e+06	0	-1.74725	
657	0.000146078	0.100073	0	-1.05e+06	0	-1.7468	
658	0.00014603	0.100219	0	-1.05e+06	0	-1.74632	
659	0.000145954	0.100365	0	-1.05e+06	0	-1.74581	
660	0.000145871	0.100511	0	-1.05e+06	0	-1.74528	
661	0.00014577	0.100657	0	-1.05e+06	0	-1.74472	
662	0.000145673	0.100803	0	-1.05e+06	0	-1.74414	
663	0.000145581	0.100949	0	-1.05e+06	0	-1.74354	
664	0.000145493	0.101094	0	-1.05e+06	0	-1.74291	
665	0.000145409	0.10124	0	-1.05e+06	0	-1.74225	
666	0.000145328	0.101385	0	-1.05e+06	0	-1.74157	
667	0.000145159	0.10153	0	-1.05e+06	0	-1.74086	
668	0.000144966	0.101675	0	-1.05e+06	0	-1.74013	
669	0.000144776	0.10182	0	-1.05e+06	0	-1.73938	
670	0.000144592	0.101965	0	-1.05e+06	0	-1.73859	
671	0.000144413	0.10211	0	-1.05e+06	0	-1.73779	
672	0.000144244	0.102254	0	-1.05e+06	0	-1.73696	
673	0.000144084	0.102398	0	-1.05e+06	0	-1.7361	
674	0.000143934	0.102543	0	-1.05e+06	0	-1.73521	
675	0.000143797	0.102686	0	-1.05e+06	0	-1.73431	
676	0.000143672	0.10283	0	-1.05e+06	0	-1.73337	
677	0.00014356	0.102974	0	-1.05e+06	0	-1.73241	
678	0.000143461	0.103118	0	-1.05e+06	0	-1.73143	
679	0.000143376	0.103261	0	-1.05e+06	0	-1.73041	
680	0.000143304	0.103404	0	-1.05e+06	0	-1.72938	
681	0.000143245	0.103548	0	-1.05e+06	0	-1.72831	
682	0.000143198	0.103691	0	-1.05e+06	0	-1.72722	
683	0.000143163	0.103834	0	-1.05e+06	0	-1.7261	
684	0.000143139	0.103977	0	-1.05e+06	0	-1.72496	
685	0.000143124	0.10412	0	-1.05e+06	0	-1.72379	
686	0.000143117	0.104264	0	-1.05e+06	0	-1.72259	
687	0.000143118	0.104407	0	-1.05e+06	0	-1.72136	
688	0.000143124	0.10455	0	-1.05e+06	0	-1.72011	
689	0.000143135	0.104693	0	-1.05e+06	0	-1.71883	
690	0.000143149	0.104836	0	-1.05e+06	0	-1.71752	
691	0.000143164	0.104979	0	-1.05e+06	0	-1.71619	
692	0.00014314	0.105122	0	-1.05e+06	0	-1.71483	
693	0.000143063	0.105265	0	-1.05e+06	0	-1.71344	
694	0.000142992	0.105409	0	-1.05e+06	0	-1.71202	
695	0.000142926	0.105552	0	-1.05e+06	0	-1.71058	
696	0.000142867	0.105694	0	-1.05e+06	0	-1.70911	
697	0.000142813	0.105837	0	-1.05e+06	0	-1.70762	
698	0.000142766	0.10598	0	-1.05e+06	0	-1.7061	
699	0.000142725	0.106123	0	-1.05e+06	0	-1.70455	
700	0.000142691	0.106266	0	-1.05e+06	0	-1.70298	
701	0.000142662	0.106408	0	-1.05e+06	0	-1.70137	
702	0.00014264	0.106551	0	-1.05e+06	0	-1.69975	
703	0.000142623	0.106694	0	-1.05e+06	0	-1.69809	
704	0.000142611	0.106836	0	-1.05e+06	0	-1.69641	
705	0.000142604	0.106979	0	-1.05e+06	0	-1.6947	
706	0.000142601	0.107121	0	-1.05e+06	0	-1.69297	
707	0.000142602	0.107264	0	-1.05e+06	0	-1.69121	
708	0.000142607	0.107407	0	-1.05e+06	0	-1.68942	
709	0.000142614	0.107549	0	-1.05e+06	0	-1.68761	
710	0.000142624	0.107692	0	-1.05e+06	0	-1.68577	
711	0.000142636	0.107835	0	-1.05e+06	0	-1.6839	
712	0.00014265	0.107977	0	-1.05e+06	0	-1.68201	
713	0.000142632	0.10812	0	-1.05e+06	0	-1.6801	
714	0.000142584	0.108262	0	-1.05e+06	0	-1.67815	
715	0.000142538	0.108405	0	-1.05e+06	0	-1.67619	
716	0.000142497	0.108548	0	-1.05e+06	0	-1.6742	
717	0.00014246	0.10869	0	-1.05e+06	0	-1.67218	
718	0.000142429	0.108833	0	-1.05e+06	0	-1.67014	
719	0.000142403	0.108975	0	-1.05e+06	0	-1.66808	
720	0.000142383	0.109117	0	-1.05e+06	0	-1.666	
721	0.000142369	0.10926	0	-1.05e+06	0	-1.66389	
722	0.000142361	0.109402	0	-1.05e+06	0	-1.66175	
723	0.000142361	0.109544	0	-1.05e+06	0	-1.6596	
724	0.000142367	0.109687	0	-1.05e+06	0	-1.65742	
725	0.000142379	0.109829	0	-1.05e+06	0	-1.65521	
726	0.000142399	0.109972	0	-1.05e+06	0	-1.65299	
727	0.000142425	0.110114	0	-1.05e+06	0	-1.65074	
728	0.000142457	0.110256	0	-1.05e+06	0	-1.64846	
729	0.000142496	0.110399	0	-1.05e+06	0	-1.64617	
730	0.000142541	0.110541	0	-1.05e+06	0	-1.64385	
731	0.000142592	0.110684	0	-1.05e+06	0	-1.64151	
732	0.000142648	0.110826	0	-1.05e+06	0	-1.63915	
733	0.000142709	0.110969	0	-1.05e+06	0	-1.63677	
734	0.000142775	0.111112	0	-1.05e+06	0	-1.63436	
735	0.000142846	0.111255	0	-1.05e+06	0	-1.63193	
736	0.00014292	0.111397	0	-1.05e+06	0	-1.62948	
737	0.000142999	0.11154	0	-1.05e+06	0	-1.62701	
738	0.00014308	0.111683	0	-1.05e+06	0	-1.62451	
739	0.000143164	0.111826	0	-1.05e+06	0	-1.622	
740	0.000143251	0.11197	0	-1.05e+06	0	-1.61946	
741	0.000143339	0.112113	0	-1.05e+06	0	-1.6169	
742	0.000143429	0.112256	0	-1.05e+06	0	-1.61432	
743	0.00014352	0.1124	0	-1.05e+06	0	-1.61172	
744	0.000143611	0.112543	0	-1.05e+06	0	-1.60909	
745	0.00014368	0.112687	0	-1.05e+06	0	-1.60645	
746	0.000143744	0.11283	0	-1.05e+06	0	-1.60379	
747	0.000143756	0.112974	0	-1.05e+06	0	-1.6011	
748	0.000143767	0.113118	0	-1.05e+06	0	-1.5984	
749	0.000143782	0.113262	0	-1.05e+06	0	-1.59568	
750	0.000143803	0.113405	0	-1.05e+06	0	-1.59293	
751	0.000143829	0.113549	0	-1.05e+06	0	-1.59017	
752	0.000143862	0.113693	0	-1.05e+06	0	-1.58739	
753	0.0001439	0.113837	0	-1.05e+06	0	-1.58459	
754	0.000143944	0.113981	0	-1.05e+06	0	-1.58177	
755	0.000143994	0.114125	0	-1.05e+06	0	-1.57892	
756	0.000144049	0.114269	0	-1.05e+06	0	-1.57606	
757	0.00014411	0.114413	0	-1.05e+06	0	-1.57318	
758	0.000144176	0.114557	0	-1.05e+06	0	-1.57028	
759	0.000144248	0.114701	0	-1.05e+06	0	-1.56735	
760	0.000144323	0.114845	0	-1.05e+06	0	-1.56441	
761	0.000144403	0.11499	0	-1.05e+06	0	-1.56144	
762	0.000144487	0.115134	0	-1.05e+06	0	-1.55846	
763	0.000144574	0.115279	0	-1.05e+06	0	-1.55545	
764	0.000144664	0.115423	0	-1.05e+06	0	-1.55242	
765	0.000144757	0.115568	0	-1.05e+06	0	-1.54937	
766	0.000144811	0.115713	0	-1.05e+06	0	-1.54629	
767	0.000144857	0.115857	0	-1.05e+06	0	-1.5432	
768	0.000144906	0.116002	0	-1.05e+06	0	-1.54008	
769	0.000144956	0.116147	0	-1.05e+06	0	-1.53694	
770	0.000145001	0.116292	0	-1.05e+06	0	-1.53378	
771	0.000145031	0.116437	0	-1.05e+06	0	-1.5306	
772	0.000145066	0.116582	0	-1.05e+06	0	-1.5274	
773	0.000145106	0.116727	0	-1.05e+06	0	-1.52417	
774	0.000145151	0.116872	0	-1.05e+06	0	-1.52092	
775	0.000145202	0.117018	0	-1.05e+06	0	-1.51765	
776	0.00014526	0.117163	0	-1.05e+06	0	-1.51436	
777	0.000145326	0.117308	0	-1.05e+06	0	-1.51104	
778	0.000145398	0.117453	0	-1.05e+06	0	-1.5077	
779	0.000145479	0.117599	0	-1.05e+06	0	-1.50433	
780	0.000145567	0.117744	0	-1.05e+06	0	-1.50094	
781	0.000145663	0.11789	0	-1.05e+06	0	-1.49752	
782	0.000145767	0.118035	0	-1.05e+06	0	-1.49408	
783	0.000145879	0.118181	0	-1.05e+06	0	-1.49061	
784	0.000145997	0.118327	0	-1.05e+06	0	-1.48711	
785	0.000146122	0.118473	0	-1.05e+06	0	-1.48359	
786	0.000146245	0.118619	0	-1.05e+06	0	-1.48004	
787	0.000146357	0.118765	0	-1.05e+06	0	-1.47647	
788	0.000146474	0.118912	0	-1.05e+06	0	-1.47286	
789	0.000146588	0.119058	0	-1.05e+06	0	-1.46923	
790	0.000146698	0.119205	0	-1.05e+06	0	-1.46558	
791	0.000146811	0.119352	0	-1.05e+06	0	-1.46189	
792	0.000146926	0.119498	0	-1.05e+06	0	-1.45818	
793	0.000147044	0.119645	0	-1.05e+06	0	-1.45444	
794	0.000147164	0.119792	0	-1.05e+06	0	-1.45067	
795	0.000147287	0.119939	0	-1.05e+06	0	-1.44687	
796	0.000147413	0.120087	0	-1.05e+06	0	-1.44305	
797	0.000147542	0.120234	0	-1.05e+06	0	-1.43919	
798	0.000147663	0.120382	0	-1.05e+06	0	-1.43531	
799	0.00014779	0.120529	0	-1.05e+06	0	-1.4314	
800	0.000147921	0.120677	0	-1.05e+06	0	-1.42746	
801	0.000148056	0.120825	0	-1.05e+06	0	-1.42349	
802	0.000148196	0.120973	0	-1.05e+06	0	-1.41949	
803	0.00014834	0.121121	0	-1.05e+06	0	-1.41547	
804	0.000148487	0.12127	0	-1.05e+06	0	-1.41141	
805	0.000148638	0.121418	0	-1.05e+06	0	-1.40733	
806	0.000148791	0.121567	0	-1.05e+06	0	-1.40322	
807	0.000148945	0.121716	0	-1.05e+06	0	-1.39908	
808	0.000149091	0.121865	0	-1.05e+06	0	-1.39491	
809	0.00014924	0.122014	0	-1.05e+06	0	-1.39071	
810	0.00014937	0.122163	0	-1.05e+06	0	-1.38648	
811	0.000149466	0.122312	0	-1.05e+06	0	-1.38223	
812	0.000149564	0.122462	0	-1.05e+06	0	-1.37795	
813	0.000149664	0.122611	0	-1.05e+06	0	-1.37365	
814	0.000149767	0.122761	0	-1.05e+06	0	-1.36932	
815	0.000149872	0.122911	0	-1.05e+06	0	-1.36496	
816	0.000149979	0.123061	0	-1.05e+06	0	-1.36058	
817	0.000150089	0.123211	0	-1.05e+06	0	-1.35617	
818	0.000150201	0.123361	0	-1.05e+06	0	-1.35174	
819	0.000150316	0.123511	0	-1.05e+06	0	-1.34728	
820	0.000150432	0.123661	0	-1.05e+06	0	-1.3428	
821	0.000150523	0.123812	0	-1.05e+06	0	-1.33829	
822	0.000150582	0.123962	0	-1.05e+06	0	-1.33376	
823	0.000150638	0.124113	0	-1.05e+06	0	-1.32921	
824	0.000150695	0.124263	0	-1.05e+06	0	-1.32464	
825	0.000150754	0.124414	0	-1.05e+06	0	-1.32004	
826	0.000150815	0.124565	0	-1.05e+06	0	-1.31543	
827	0.000150879	0.124716	0	-1.05e+06	0	-1.31079	
828	0.000150945	0.124866	0	-1.05e+06	0	-1.30613	
829	0.000151014	0.125017	0	-1.05e+06	0	-1.30145	
830	0.000151085	0.125168	0	-1.05e+06	0	-1.29675	
831	0.00015116	0.12532	0	-1.05e+06	0	-1.29204	
832	0.000151238	0.125471	0	-1.05e+06	0	-1.2873	
833	0.000151318	0.125622	0	-1.05e+06	0	-1.28254	
834	0.000151401	0.125773	0	-1.05e+06	0	-1.27776	
835	0.000151487	0.125925	0	-1.05e+06	0	-1.27296	
836	0.000151575	0.126076	0	-1.05e+06	0	-1.26815	
837	0.000151666	0.126228	0	-1.05e+06	0	-1.26332	
838	0.000151757	0.126379	0	-1.05e+06	0	-1.25846	
839	0.000151841	0.126531	0	-1.05e+06	0	-1.25359	
840	0.000151926	0.126683	0	-1.05e+06	0	-1.24871	
841	0.000152012	0.126835	0	-1.05e+06	0	-1.2438	
842	0.0001521	0.126987	0	-1.05e+06	0	-1.23888	
843	0.000152188	0.127139	0	-1.05e+06	0	-1.23395	
844	0.000152277	0.127291	0	-1.05e+06	0	-1.229	
845	0.000152366	0.127443	0	-1.05e+06	0	-1.22403	
846	0.000152456	0.127596	0	-1.05e+06	0	-1.21905	
847	0.000152546	0.127748	0	-1.05e+06	0	-1.21405	
848	0.000152635	0.127901	0	-1.05e+06	0	-1.20905	
849	0.000152712	0.128053	0	-1.05e+06	0	-1.20402	
850	0.000152764	0.128206	0	-1.05e+06	0	-1.19899	
851	0.000152816	0.128359	0	-1.05e+06	0	-1.19394	
852	0.000152867	0.128512	0	-1.05e+06	0	-1.18889	
853	0.000152918	0.128665	0	-1.05e+06	0	-1.18382	
854	0.000152969	0.128818	0	-1.05e+06	0	-1.17875	
855	0.00015302	0.128971	0	-1.05e+06	0	-1.17367	
856	0.00015307	0.129124	0	-1.05e+06	0	-1.16857	
857	0.00015312	0.129277	0	-1.05e+06	0	-1.16347	
858	0.000153169	0.12943	0	-1.05e+06	0	-1.15837	
859	0.000153212	0.129583	0	-1.05e+06	0	-1.15325	
860	0.000153229	0.129736	0	-1.05e+06	0	-1.14813	
861	0.000153243	0.129889	0	-1.05e+06	0	-1.14301	
862	0.000153254	0.130043	0	-1.05e+06	0	-1.13788	
863	0.000153264	0.130196	0	-1.05e+06	0	-1.13275	
864	0.000153273	0.130349	0	-1.05e+06	0	-1.12762	
865	0.000153282	0.130502	0	-1.05e+06	0	-1.12248	
866	0.00015329	0.130656	0	-1.05e+06	0	-1.11734	
867	0.000153299	0.130809	0	-1.05e+06	0	-1.11221	
868	0.000153309	0.130962	0	-1.05e+06	0	-1.10707	
869	0.00015332	0.131116	0	-1.05e+06	0	-1.10193	
870	0.00015333	0.131269	0	-1.05e+06	0	-1.09679	
871	0.0001533	0.131422	0	-1.05e+06	0	-1.09165	
872	0.00015327	0.131576	0	-1.05e+06	0	-1.08652	
873	0.000153241	0.131729	0	-1.05e+06	0	-1.08139	
874	0.000153212	0.131882	0	-1.05e+06	0	-1.07626	
875	0.000153184	0.132035	0	-1.05e+06	0	-1.07113	
876	0.000153157	0.132188	0	-1.05e+06	0	-1.06601	
877	0.00015313	0.132342	0	-1.05e+06	0	-1.0609	
878	0.000153071	0.132495	0	-1.05e+06	0	-1.05579	
879	0.000153002	0.132648	0	-1.05e+06	0	-1.05068	
880	0.000152932	0.132801	0	-1.05e+06	0	-1.04559	
881	0.000152862	0.132954	0	-1.05e+06	0	-1.0405	
882	0.000152792	0.133107	0	-1.05e+06	0	-1.03542	
883	0.000152718	0.133259	0	-1.05e+06	0	-1.03035	
884	0.000152641	0.133412	0	-1.05e+06	0	-1.02528	
885	0.000152563	0.133565	0	-1.05e+06	0	-1.02023	
886	0.000152487	0.133717	0	-1.05e+06	0	-1.01518	
887	0.00015241	0.13387	0	-1.05e+06	0	-1.01014	
888	0.000152335	0.134022	0	-1.05e+06	0	-1.00512	
889	0.000152251	0.134175	0	-1.05e+06	0	-1.0001	
890	0.000152143	0.134327	0	-1.05e+06	0	-0.995092	
891	0.000152035	0.134479	0	-1.05e+06	0	-0.990097	
892	0.000151927	0.134631	0	-1.05e+06	0	-0.985113	
893	0.00015182	0.134783	0	-1.05e+06	0	-0.980141	
894	0.000151715	0.134935	0	-1.05e+06	0	-0.975181	
895	0.000151611	0.135086	0	-1.05e+06	0	-0.970232	
896	0.000151509	0.135238	0	-1.05e+06	0	-0.965295	
897	0.000151402	0.13539	0	-1.05e+06	0	-0.960371	
898	0.000151297	0.135541	0	-1.05e+06	0	-0.955459	
899	0.000151193	0.135692	0	-1.05e+06	0	-0.950559	
900	0.00015109	0.135843	0	-1.05e+06	0	-0.945672	
901	0.00015099	0.135995	0	-1.05e+06	0	-0.940797	
902	0.000150892	0.136145	0	-1.05e+06	0	-0.935935	
903	0.000150795	0.136296	0	-1.05e+06	0	-0.931086	
904	0.000150693	0.136447	0	-1.05e+06	0	-0.92625	
905	0.000150593	0.136598	0	-1.05e+06	0	-0.921427	
906	0.000150496	0.136748	0	-1.05e+06	0	-0.916617	
907	0.000150404	0.136899	0	-1.05e+06	0	-0.911821	
908	0.000150317	0.137049	0	-1.05e+06	0	-0.907037	
909	0.000150235	0.1372	0	-1.05e+06	0	-0.902266	
910	0.000150158	0.13735	0	-1.05e+06	0	-0.897509	
911	0.000150087	0.1375	0	-1.05e+06	0	-0.892764	
912	0.000150023	0.13765	0	-1.05e+06	0	-0.888032	
913	0.000149965	0.1378	0	-1.05e+06	0	-0.883313	
914	0.000149914	0.13795	0	-1.05e+06	0	-0.878607	
915	0.000149871	0.1381	0	-1.05e+06	0	-0.873914	
916	0.000149835	0.13825	0	-1.05e+06	0	-0.869233	
917	0.000149807	0.1384	0	-1.05e+06	0	-0.864564	
918	0.000149786	0.13855	0	-1.05e+06	0	-0.859908	
919	0.000149773	0.138699	0	-1.05e+06	0	-0.855264	
920	0.000149768	0.138849	0	-1.05e+06	0	-0.850632	
921	0.00014977	0.138999	0	-1.05e+06	0	-0.846012	
922	0.000149779	0.139149	0	-1.05e+06	0	-0.841404	
923	0.000149796	0.139298	0	-1.05e+06	0	-0.836808	
924	0.000149818	0.139448	0	-1.05e+06	0	-0.832224	
925	0.000149847	0.139598	0	-1.05e+06	0	-0.827652	
926	0.000149882	0.139748	0	-1.05e+06	0	-0.823092	
927	0.000149922	0.139898	0	-1.05e+06	0	-0.818543	
928	0.000149967	0.140048	0	-1.05e+06	0	-0.814007	
929	0.000150016	0.140198	0	-1.05e+06	0	-0.809482	
930	0.000150069	0.140348	0	-1.05e+06	0	-0.804968	
931	0.000150125	0.140498	0	-1.05e+06	0	-0.800467	
932	0.000150183	0.140648	0	-1.05e+06	0	-0.795977	
933	0.000150232	0.140798	0	-1.05e+06	0	-0.7915	
934	0.000150259	0.140948	0	-1.05e+06	0	-0.787036	
935	0.000150253	0.141099	0	-1.05e+06	0	-0.782586	
936	0.000150248	0.141249	0	-1.05e+06	0	-0.77815	
937	0.000150247	0.141399	0	-1.05e+06	0	-0.773728	
938	0.000150224	0.141549	0	-1.05e+06	0	-0.76932	
939	0.0001502	0.1417	0	-1.05e+06	0	-0.764928	
940	0.000150178	0.14185	0	-1.05e+06	0	-0.76055	
941	0.000150161	0.142	0	-1.05e+06	0	-0.756187	
942	0.000150147	0.14215	0	-1.05e+06	0	-0.751838	
943	0.000150137	0.1423	0	-1.05e+06	0	-0.747504	
944	0.000150131	0.14245	0	-1.05e+06	0	-0.743184	
945	0.00015013	0.1426	0	-1.05e+06	0	-0.738878	
946	0.000150133	0.142751	0	-1.05e+06	0	-0.734586	
947	0.000150142	0.142901	0	-1.05e+06	0	-0.730308	
948	0.000150155	0.143051	0	-1.05e+06	0	-0.726043	
949	0.000150173	0.143201	0	-1.05e+06	0	-0.721791	
950	0.000150197	0.143351	0	-1.05e+06	0	-0.717552	
951	0.000150226	0.143501	0	-1.05e+06	0	-0.713326	
952	0.00015026	0.143652	0	-1.05e+06	0	-0.709113	
953	0.000150298	0.143802	0	-1.05e+06	0	-0.704911	
954	0.000150342	0.143952	0	-1.05e+06	0	-0.700722	
955	0.00015039	0.144103	0	-1.05e+06	0	-0.696544	
956	0.000150443	0.144253	0	-1.05e+06	0	-0.692377	
957	0.0001505	0.144403	0	-1.05e+06	0	-0.688222	
958	0.000150561	0.144554	0	-1.05e+06	0	-0.684077	
959	0.000150626	0.144704	0	-1.05e+06	0	-0.679942	
960	0.000150694	0.144855	0	-1.05e+06	0	-0.675818	
961	0.000150764	0.145006	0	-1.05e+06	0	-0.671704	
962	0.000150838	0.145157	0	-1.05e+06	0	-0.667599	
963	0.000150913	0.145307	0	-1.05e+06	0	-0.663503	
964	0.00015099	0.145458	0	-1.05e+06	0	-0.659417	
965	0.000151069	0.145609	0	-1.05e+06	0	-0.655339	
966	0.000151148	0.14576	0	-1.05e+06	0	-0.65127	
967	0.000151198	0.145911	0	-1.05e+06	0	-0.647209	
968	0.000151208	0.146063	0	-1.05e+06	0	-0.643159	
969	0.00015122	0.146214	0	-1.05e+06	0	-0.639118	
970	0.000151234	0.146365	0	-1.05e+06	0	-0.635087	
971	0.000151251	0.146516	0	-1.05e+06	0	-0.631065	
972	0.00015127	0.146668	0	-1.05e+06	0	-0.627051	
973	0.000151293	0.146819	0	-1.05e+06	0	-0.623046	
974	0.000151318	0.14697	0	-1.05e+06	0	-0.619048	
975	0.000151347	0.147121	0	-1.05e+06	0	-0.615059	
976	0.000151378	0.147273	0	-1.05e+06	0	-0.611077	
977	0.000151412	0.147424	0	-1.05e+06	0	-0.607103	
978	0.00015145	0.147576	0	-1.05e+06	0	-0.603135	
979	0.00015149	0.147727	0	-1.05e+06	0	-0.599174	
980	0.000151534	0.147879	0	-1.05e+06	0	-0.595219	
981	0.00015158	0.14803	0	-1.05e+06	0	-0.591271	
982	0.000151629	0.148182	0	-1.05e+06	0	-0.587329	
983	0.00015168	0.148333	0	-1.05e+06	0	-0.583393	
984	0.000151734	0.148485	0	-1.05e+06	0	-0.579462	
985	0.00015179	0.148637	0	-1.05e+06	0	-0.575537	
986	0.000151848	0.148789	0	-1.05e+06	0	-0.571617	
987	0.000151908	0.14894	0	-1.05e+06	0	-0.567702	
988	0.000151969	0.149092	0	-1.05e+06	0	-0.563792	
989	0.000152033	0.149244	0	-1.05e+06	0	-0.559887	
990	0.000152097	0.149396	0	-1.05e+06	0	-0.555986	
991	0.000152162	0.149548	0	-1.05e+06	0	-0.55209	
992	0.000152228	0.149701	0	-1.05e+06	0	-0.548199	
993	0.000152295	0.149853	0	-1.05e+06	0	-0.544312	
994	0.000152362	0.150005	0	-1.05e+06	0	-0.54043	
995	0.00015243	0.150157	0	-1.05e+06	0	-0.536552	
996	0.000152497	0.15031	0	-1.05e+06	0	-0.532678	
997	0.000152565	0.150462	0	-1.05e+06	0	-0.528808	
998	0.000152624	0.150615	0	-1.05e+06	0	-0.524943	
999	0.000152681	0.150768	0	-1.05e+06	0	-0.521082	
1000	0.000152739	0.15092	0	-1.05e+06	0	-0.517226	
1001	0.000152796	0.151073	0	-1.05e+06	0	-0.513373	
1002	0.000152853	0.151226	0	-1.05e+06	0	-0.509525	
1003	0.000152909	0.151379	0	-1.05e+06	0	-0.505681	
1004	0.000152964	0.151532	0	-1.05e+06	0	-0.501841	
1005	0.000153019	0.151684	0	-1.05e+06	0	-0.498005	
1006	0.000153073	0.151837	0	-1.05e+06	0	-0.494173	
1007	0.000153127	0.151991	0	-1.05e+06	0	-0.490346	
1008	0.00015318	0.152144	0	-1.05e+06	0	-0.486522	
1009	0.000153233	0.152297	0	-1.05e+06	0	-0.482702	
1010	0.000153284	0.15245	0	-1.05e+06	0	-0.478885	
1011	0.000153336	0.152603	0	-1.05e+06	0	-0.475073	
1012	0.000153387	0.152757	0	-1.05e+06	0	-0.471264	
1013	0.000153437	0.15291	0	-1.05e+06	0	-0.467459	
1014	0.000153487	0.153064	0	-1.05e+06	0	-0.463658	
1015	0.000153538	0.153217	0	-1.05e+06	0	-0.45986	
1016	0.000153588	0.153371	0	-1.05e+06	0	-0.456065	
1017	0.000153638	0.153524	0	-1.05e+06	0	-0.452274	
1018	0.000153689	0.153678	0	-1.05e+06	0	-0.448486	
1019	0.000153741	0.153831	0	-1.05e+06	0	-0.444702	
1020	0.000153793	0.153985	0	-1.05e+06	0	-0.44092	
1021	0.000153846	0.154139	0	-1.05e+06	0	-0.437142	
1022	0.000153901	0.154293	0	-1.05e+06	0	-0.433367	
1023	0.000153956	0.154447	0	-1.05e+06	0	-0.429595	
1024	0.000154013	0.154601	0	-1.05e+06	0	-0.425825	
1025	0.000154072	0.154755	0	-1.05e+06	0	-0.422059	
1026	0.000154133	0.154909	0	-1.05e+06	0	-0.418295	
1027	0.000154195	0.155063	0	-1.05e+06	0	-0.414534	
1028	0.00015426	0.155217	0	-1.05e+06	0	-0.410776	
1029	0.000154328	0.155371	0	-1.05e+06	0	-0.40702	
1030	0.000154396	0.155526	0	-1.05e+06	0	-0.403267	
1031	0.000154463	0.15568	0	-1.05e+06	0	-0.399517	
1032	0.000154533	0.155835	0	-1.05e+06	0	-0.395769	
1033	0.000154605	0.155989	0	-1.05e+06	0	-0.392024	
1034	0.00015468	0.156144	0	-1.05e+06	0	-0.388282	
1035	0.000154757	0.156298	0	-1.05e+06	0	-0.384542	
1036	0.000154836	0.156453	0	-1.05e+06	0	-0.380805	
1037	0.000154919	0.156608	0	-1.05e+06	0	-0.37707	
1038	0.000155004	0.156763	0	-1.05e+06	0	-0.373338	
1039	0.000155091	0.156918	0	-1.05e+06	0	-0.369609	
1040	0.000155181	0.157073	0	-1.05e+06	0	-0.365882	
1041	0.000155273	0.157228	0	-1.05e+06	0	-0.362158	
1042	0.000155367	0.157383	0	-1.05e+06	0	-0.358437	
1043	0.000155464	0.157539	0	-1.05e+06	0	-0.354719	
1044	0.000155562	0.157694	0	-1.05e+06	0	-0.351003	
1045	0.000155663	0.15785	0	-1.05e+06	0	-0.347291	
1046	0.000155766	0.158006	0	-1.05e+06	0	-0.343581	
1047	0.00015587	0.158161	0	-1.05e+06	0	-0.339875	
1048	0.000155976	0.158317	0	-1.05e+06	0	-0.336171	
1049	0.000156084	0.158473	0	-1.05e+06	0	-0.332471	
1050	0.000156193	0.158629	0	-1.05e+06	0	-0.328774	
1051	0.000156304	0.158785	0	-1.05e+06	0	-0.325081	
1052	0.000156416	0.158942	0	-1.05e+06	0	-0.321391	
1053	0.000156529	0.159098	0	-1.05e+06	0	-0.317704	
1054	0.000156644	0.159255	0	-1.05e+06	0	-0.314022	
1055	0.00015676	0.159411	0	-1.05e+06	0	-0.310343	
1056	0.000156876	0.159568	0	-1.05e+06	0	-0.306668	
1057	0.000156994	0.159725	0	-1.05e+06	0	-0.302997	
1058	0.000157113	0.159882	0	-1.05e+06	0	-0.299331	
1059	0.000157233	0.160039	0	-1.05e+06	0	-0.295669	
1060	0.000157353	0.160196	0	-1.05e+06	0	-0.292011	
1061	0.000157475	0.160354	0	-1.05e+06	0	-0.288359	
1062	0.000157597	0.160511	0	-1.05e+06	0	-0.284711	
1063	0.000157721	0.160669	0	-1.05e+06	0	-0.281068	
1064	0.000157845	0.160826	0	-1.05e+06	0	-0.277431	
1065	0.00015797	0.160984	0	-1.05e+06	0	-0.273799	
1066	0.000158096	0.161142	0	-1.05e+06	0	-0.270173	
1067	0.000158223	0.1613	0	-1.05e+06	0	-0.266552	
1068	0.000158351	0.161459	0	-1.05e+06	0	-0.262938	
1069	0.00015848	0.161617	0	-1.05e+06	0	-0.259331	
1070	0.00015861	0.161775	0	-1.05e+06	0	-0.25573	
1071	0.000158741	0.161934	0	-1.05e+06	0	-0.252136	
1072	0.000158873	0.162093	0	-1.05e+06	0	-0.24855	
1073	0.000159006	0.162252	0	-1.05e+06	0	-0.244971	
1074	0.00015914	0.162411	0	-1.05e+06	0	-0.2414	
1075	0.000159275	0.16257	0	-1.05e+06	0	-0.237838	
1076	0.000159411	0.162729	0	-1.05e+06	0	-0.234285	
1077	0.000159549	0.162888	0	-1.05e+06	0	-0.23074	
1078	0.000159688	0.163048	0	-1.05e+06	0	-0.227206	
1079	0.000159828	0.163208	0	-1.05e+06	0	-0.223681	
1080	0.00015997	0.163368	0	-1.05e+06	0	-0.220167	
1081	0.000160114	0.163527	0	-1.05e+06	0	-0.216664	
1082	0.000160259	0.163688	0	-1.05e+06	0	-0.213172	
1083	0.000160406	0.163848	0	-1.05e+06	0	-0.209692	
1084	0.000160555	0.164008	0	-1.05e+06	0	-0.206225	
1085	0.000160705	0.164169	0	-1.05e+06	0	-0.202771	
1086	0.000160859	0.16433	0	-1.05e+06	0	-0.199331	
1087	0.000161014	0.16449	0	-1.05e+06	0	-0.195904	
1088	0.000161172	0.164651	0	-1.05e+06	0	-0.192493	
1089	0.000161332	0.164813	0	-1.05e+06	0	-0.189097	
1090	0.000161496	0.164974	0	-1.05e+06	0	-0.185717	
1091	0.000161662	0.165135	0	-1.05e+06	0	-0.182354	
1092	0.000161832	0.165297	0	-1.05e+06	0	-0.179008	
1093	0.000162005	0.165459	0	-1.05e+06	0	-0.17568	
1094	0.000162181	0.165621	0	-1.05e+06	0	-0.17237	
1095	0.000162362	0.165783	0	-1.05e+06	0	-0.16908	
1096	0.000162546	0.165945	0	-1.05e+06	0	-0.16581	
1097	0.000162735	0.166108	0	-1.05e+06	0	-0.162561	
1098	0.000162928	0.166271	0	-1.05e+06	0	-0.159333	
1099	0.000163126	0.166434	0	-1.05e+06	0	-0.156127	
1100	0.000163328	0.166597	0	-1.05e+06	0	-0.152944	
1101	0.000163535	0.16676	0	-1.05e+06	0	-0.149785	
1102	0.000163747	0.166924	0	-1.05e+06	0	-0.14665	
1103	0.000163965	0.167087	0	-1.05e+06	0	-0.14354	
1104	0.000164187	0.167251	0	-1.05e+06	0	-0.140456	
1105	0.000164415	0.167416	0	-1.05e+06	0	-0.137398	
1106	0.000164649	0.16758	0	-1.05e+06	0	-0.134367	
1107	0.000164887	0.167745	0	-1.05e+06	0	-0.131364	
1108	0.000165131	0.167909	0	-1.05e+06	0	-0.128389	
1109	0.000165381	0.168075	0	-1.05e+06	0	-0.125444	
1110	0.000165635	0.16824	0	-1.05e+06	0	-0.122528	
1111	0.000165895	0.168406	0	-1.05e+06	0	-0.119643	
1112	0.00016616	0.168572	0	-1.05e+06	0	-0.116789	
1113	0.000166424	0.168738	0	-1.05e+06	0	-0.113966	
1114	0.000166686	0.168904	0	-1.05e+06	0	-0.111176	
1115	0.000166952	0.169071	0	-1.05e+06	0	-0.10842	
1116	0.000167224	0.169238	0	-1.05e+06	0	-0.105697	
1117	0.000167501	0.169405	0	-1.05e+06	0	-0.103008	
1118	0.000167783	0.169572	0	-1.05e+06	0	-0.100353	
1119	0.00016807	0.16974	0	-1.05e+06	0	-0.0977343	
1120	0.000168361	0.169908	0	-1.05e+06	0	-0.0951507	
1121	0.000168657	0.170077	0	-1.05e+06	0	-0.0926031	
1122	0.000168956	0.170245	0	-1.05e+06	0	-0.0900919	
1123	0.000169258	0.170414	0	-1.05e+06	0	-0.0876174	
1124	0.000169564	0.170584	0	-1.05e+06	0	-0.0851801	
1125	0.000169871	0.170753	0	-1.05e+06	0	-0.0827802	
1126	0.00017018	0.170923	0	-1.05e+06	0	-0.0804182	
1127	0.000170489	0.171093	0	-1.05e+06	0	-0.0780942	
1128	0.000170798	0.171264	0	-1.05e+06	0	-0.0758087	
1129	0.000171106	0.171434	0	-1.05e+06	0	-0.0735618	
1130	0.000171409	0.171606	0	-1.05e+06	0	-0.071354	
1131	0.000171663	0.171777	0	-1.05e+06	0	-0.069186	
1132	0.000171912	0.171949	0	-1.05e+06	0	-0.067058	
1133	0.000172155	0.172121	0	-1.05e+06	0	-0.0649704	
1134	0.000172393	0.172293	0	-1.05e+06	0	-0.0629232	
1135	0.000172619	0.172465	0	-1.05e+06	0	-0.0609168	
1136	0.000172825	0.172638	0	-1.05e+06	0	-0.0589514	
1137	0.000173024	0.172811	0	-1.05e+06	0	-0.0570273	
1138	0.000173217	0.172984	0	-1.05e+06	0	-0.0551445	
1139	0.000173402	0.173157	0	-1.05e+06	0	-0.0533033	
1140	0.000173579	0.17333	0	-1.05e+06	0	-0.0515038	
1141	0.000173749	0.173504	0	-1.05e+06	0	-0.0497461	
1142	0.000173899	0.173678	0	-1.05e+06	0	-0.0480304	
1143	0.000174043	0.173851	0	-1.05e+06	0	-0.046357	
1144	0.00017418	0.174025	0	-1.05e+06	0	-0.0447259	
1145	0.00017431	0.1742	0	-1.05e+06	0	-0.0431372	
1146	0.000174434	0.174374	0	-1.05e+06	0	-0.041591	
1147	0.000174552	0.174548	0	-1.05e+06	0	-0.0400874	
1148	0.000174664	0.174723	0	-1.05e+06	0	-0.0386266	
1149	0.000174771	0.174898	0	-1.05e+06	0	-0.0372086	
1150	0.000174871	0.175072	0	-1.05e+06	0	-0.0358335	
1151	0.000174966	0.175247	0	-1.05e+06	0	-0.0345015	
1152	0.000175056	0.175422	0	-1.05e+06	0	-0.0332124	
1153	0.00017514	0.175597	0	-1.05e+06	0	-0.0319665	
1154	0.000175218	0.175772	0	-1.05e+06	0	-0.0307637	
1155	0.000175288	0.175948	0	-1.05e+06	0	-0.0296041	
1156	0.000175344	0.176123	0	-1.05e+06	0	-0.0284878	
1157	0.000175394	0.176298	0	-1.05e+06	0	-0.0274146	
1158	0.000175438	0.176474	0	-1.05e+06	0	-0.0263845	
1159	0.000175471	0.176649	0	-1.05e+06	0	-0.0253976	
1160	0.000175458	0.176825	0	-1.05e+06	0	-0.0244537	
1161	0.000175439	0.177	0	-1.05e+06	0	-0.0235529	
1162	0.000175415	0.177175	0	-1.05e+06	0	-0.0226947	
1163	0.000175384	0.177351	0	-1.05e+06	0	-0.021879	
1164	0.000175346	0.177526	0	-1.05e+06	0	-0.0211055	
1165	0.000175296	0.177702	0	-1.05e+06	0	-0.0203739	
1166	0.000175239	0.177877	0	-1.05e+06	0	-0.0196837	
1167	0.000175173	0.178052	0	-1.05e+06	0	-0.0190346	
1168	0.000175088	0.178227	0	-1.05e+06	0	-0.0184262	
1169	0.000174999	0.178402	0	-1.05e+06	0	-0.0178579	
1170	0.000174907	0.178577	0	-1.05e+06	0	-0.0173293	
1171	0.000174813	0.178752	0	-1.05e+06	0	-0.0168397	
1172	0.000174717	0.178927	0	-1.05e+06	0	-0.0163886	
1173	0.000174618	0.179102	0	-1.05e+06	0	-0.0159754	
1174	0.000174518	0.179276	0	-1.05e+06	0	-0.0155993	
1175	0.000174416	0.179451	0	-1.05e+06	0	-0.0152599	
1176	0.000174313	0.179625	0	-1.05e+06	0	-0.0149564	
1177	0.000174208	0.1798	0	-1.05e+06	0	-0.0146881	
1178	0.000174101	0.179974	0	-1.05e+06	0	-0.0144545	
1179	0.000173994	0.180148	0	-1.05e+06	0	-0.0142548	
1180	0.000173884	0.180322	0	-1.05e+06	0	-0.0140884	
1181	0.00017377	0.180496	0	-1.05e+06	0	-0.0139545	
1182	0.00017365	0.18067	0	-1.05e+06	0	-0.0138527	
1183	0.00017353	0.180843	0	-1.05e+06	0	-0.0137822	
1184	0.000173407	0.181017	0	-1.05e+06	0	-0.0137423	
1185	0.000173284	0.18119	0	-1.05e+06	0	-0.0137326	
1186	0.000173159	0.181364	0	-1.05e+06	0	-0.0137523	
1187	0.000173032	0.181537	0	-1.05e+06	0	-0.013801	
1188	0.000172904	0.18171	0	-1.05e+06	0	-0.0138781	
1189	0.000172775	0.181883	0	-1.05e+06	0	-0.0139829	
1190	0.000172644	0.182055	0	-1.05e+06	0	-0.0141152	
1191	0.000172511	0.182228	0	-1.05e+06	0	-0.0142742	
1192	0.000172377	0.182401	0	-1.05e+06	0	-0.0144597	
1193	0.000172234	0.182573	0	-1.05e+06	0	-0.0146711	
1194	0.000172084	0.182745	0	-1.05e+06	0	-0.014908	
1195	0.000171933	0.182917	0	-1.05e+06	0	-0.0151701	
1196	0.000171781	0.183089	0	-1.05e+06	0	-0.0154568	
1197	0.000171627	0.183261	0	-1.05e+06	0	-0.0157679	
1198	0.000171472	0.183433	0	-1.05e+06	0	-0.016103	
1199	0.000171317	0.183604	0	-1.05e+06	0	-0.0164618	
1200	0.00017116	0.183775	0	-1.05e+06	0	-0.016844	
1201	0.000171003	0.183947	0	-1.05e+06	0	-0.0172492	
1202	0.000170845	0.184118	0	-1.05e+06	0	-0.0176771	
1203	0.00017068	0.184288	0	-1.05e+06	0	-0.0181275	
1204	0.000170507	0.184459	0	-1.05e+06	0	-0.0186001	
1205	0.000170333	0.18463	0	-1.05e+06	0	-0.0190945	
1206	0.000170157	0.1848	0	-1.05e+06	0	-0.0196105	
1207	0.00016998	0.18497	0	-1.05e+06	0	-0.0201477	
1208	0.000169801	0.18514	0	-1.05e+06	0	-0.020706	
1209	0.000169622	0.18531	0	-1.05e+06	0	-0.021285	
1210	0.000169441	0.185479	0	-1.05e+06	0	-0.0218845	
1211	0.00016926	0.185649	0	-1.05e+06	0	-0.0225042	
1212	0.000169077	0.185818	0	-1.05e+06	0	-0.0231437	
1213	0.000168888	0.185987	0	-1.05e+06	0	-0.0238028	
1214	0.000168689	0.186156	0	-1.05e+06	0	-0.0244811	
1215	0.000168489	0.186325	0	-1.05e+06	0	-0.0251783	
1216	0.000168287	0.186493	0	-1.05e+06	0	-0.0258941	
1217	0.000168085	0.186662	0	-1.05e+06	0	-0.0266283	
1218	0.000167881	0.18683	0	-1.05e+06	0	-0.0273804	
1219	0.000167676	0.186998	0	-1.05e+06	0	-0.0281501	
1220	0.00016747	0.187165	0	-1.05e+06	0	-0.0289372	
1221	0.000167263	0.187333	0	-1.05e+06	0	-0.0297412	
1222	0.000167051	0.1875	0	-1.05e+06	0	-0.0305619	
1223	0.000166833	0.187667	0	-1.05e+06	0	-0.0313988	
1224	0.000166613	0.187834	0	-1.05e+06	0	-0.0322516	
1225	0.000166391	0.188	0	-1.05e+06	0	-0.0331199	
1226	0.000166167	0.188167	0	-1.05e+06	0	-0.0340035	
1227	0.000165941	0.188333	0	-1.05e+06	0	-0.0349019	
1228	0.000165713	0.188499	0	-1.05e+06	0	-0.0358148	
1229	0.000165482	0.188665	0	-1.05e+06	0	-0.0367419	
1230	0.00016525	0.18883	0	-1.05e+06	0	-0.0376827	
1231	0.000165015	0.188995	0	-1.05e+06	0	-0.0386371	
1232	0.000164778	0.18916	0	-1.05e+06	0	-0.0396045	
1233	0.000164532	0.189325	0	-1.05e+06	0	-0.0405848	
1234	0.000164277	0.18949	0	-1.05e+06	0	-0.0415774	
1235	0.000164022	0.189654	0	-1.05e+06	0	-0.0425821	
1236	0.000163766	0.189818	0	-1.05e+06	0	-0.0435986	
1237	0.000163509	0.189982	0	-1.05e+06	0	-0.0446267	
1238	0.000163252	0.190145	0	-1.05e+06	0	-0.045666	
1239	0.000162995	0.190309	0	-1.05e+06	0	-0.0467163	
1240	0.000162739	0.190472	0	-1.05e+06	0	-0.0477774	
1241	0.000162484	0.190634	0	-1.05e+06	0	-0.048849	
1242	0.000162229	0.190797	0	-1.05e+06	0	-0.0499311	
1243	0.000161976	0.190959	0	-1.05e+06	0	-0.0510233	
1244	0.000161725	0.191121	0	-1.05e+06	0	-0.0521256	
1245	0.000161476	0.191283	0	-1.05e+06	0	-0.0532378	
1246	0.000161229	0.191444	0	-1.05e+06	0	-0.0543598	
1247	0.000160984	0.191605	0	-1.05e+06	0	-0.0554916	
1248	0.000160742	0.191766	0	-1.05e+06	0	-0.0566331	
1249	0.000160503	0.191927	0	-1.05e+06	0	-0.0577842	
1250	0.000160267	0.192088	0	-1.05e+06	0	-0.058945	
1251	0.000160034	0.192248	0	-1.05e+06	0	-0.0601155	
1252	0.000159804	0.192408	0	-1.05e+06	0	-0.0612956	
1253	0.000159578	0.192568	0	-1.05e+06	0	-0.0624856	
1254	0.000159355	0.192727	0	-1.05e+06	0	-0.0636853	
1255	0.000159126	0.192887	0	-1.05e+06	0	-0.064895	
1256	0.000158896	0.193046	0	-1.05e+06	0	-0.0661147	
1257	0.000158667	0.193205	0	-1.05e+06	0	-0.0673445	
1258	0.000158431	0.193363	0	-1.05e+06	0	-0.0685845	
1259	0.000158199	0.193522	0	-1.05e+06	0	-0.0698349	
1260	0.000157972	0.19368	0	-1.05e+06	0	-0.0710959	
1261	0.000157748	0.193838	0	-1.05e+06	0	-0.0723678	
1262	0.00015753	0.193996	0	-1.05e+06	0	-0.0736508	
1263	0.000157316	0.194153	0	-1.05e+06	0	-0.0749451	
1264	0.000157107	0.194311	0	-1.05e+06	0	-0.0762511	
1265	0.000156903	0.194468	0	-1.05e+06	0	-0.0775691	
1266	0.000156704	0.194625	0	-1.05e+06	0	-0.0788993	
1267	0.00015651	0.194781	0	-1.05e+06	0	-0.0802421	
1268	0.000156322	0.194938	0	-1.05e+06	0	-0.0815978	
1269	0.000156139	0.195094	0	-1.05e+06	0	-0.0829669	
1270	0.000155961	0.19525	0	-1.05e+06	0	-0.0843495	
1271	0.000155789	0.195406	0	-1.05e+06	0	-0.0857462	
1272	0.000155622	0.195562	0	-1.05e+06	0	-0.0871572	
1273	0.000155461	0.195718	0	-1.05e+06	0	-0.088583	
1274	0.000155305	0.195873	0	-1.05e+06	0	-0.090024	
1275	0.000155154	0.196028	0	-1.05e+06	0	-0.0914804	
1276	0.000155009	0.196184	0	-1.05e+06	0	-0.0929528	
1277	0.000154869	0.196339	0	-1.05e+06	0	-0.0944415	
1278	0.000154733	0.196493	0	-1.05e+06	0	-0.0959468	
1279	0.000154603	0.196648	0	-1.05e+06	0	-0.0974693	
1280	0.000154478	0.196803	0	-1.05e+06	0	-0.0990092	
1281	0.000154358	0.196957	0	-1.05e+06	0	-0.100567	
1282	0.000154243	0.197112	0	-1.05e+06	0	-0.102143	
1283	0.000154132	0.197266	0	-1.05e+06	0	-0.103738	
1284	0.000154026	0.19742	0	-1.05e+06	0	-0.105352	
1285	0.000153925	0.197574	0	-1.05e+06	0	-0.106985	
1286	0.000153828	0.197728	0	-1.05e+06	0	-0.108638	
1287	0.000153735	0.197882	0	-1.05e+06	0	-0.110311	
1288	0.000153648	0.198035	0	-1.05e+06	0	-0.112005	
1289	0.000153564	0.198189	0	-1.05e+06	0	-0.11372	
1290	0.000153485	0.198343	0	-1.05e+06	0	-0.115456	
1291	0.000153411	0.198496	0	-1.05e+06	0	-0.117214	
1292	0.000153341	0.19865	0	-1.05e+06	0	-0.118993	
1293	0.000153275	0.198803	0	-1.05e+06	0	-0.120796	
1294	0.000153213	0.198956	0	-1.05e+06	0	-0.122621	
1295	0.000153156	0.199109	0	-1.05e+06	0	-0.12447	
1296	0.000153103	0.199263	0	-1.05e+06	0	-0.126342	
1297	0.000153055	0.199416	0	-1.05e+06	0	-0.128238	
1298	0.000153011	0.199569	0	-1.05e+06	0	-0.130158	
1299	0.000152972	0.199722	0	-1.05e+06	0	-0.132103	
1300	0.000152937	0.199875	0	-1.05e+06	0	-0.134073	
1301	0.000152907	0.200028	0	-1.05e+06	0	-0.136068	
1302	0.000152882	0.200181	0	-1.05e+06	0	-0.13809	
1303	0.000152861	0.200333	0	-1.05e+06	0	-0.140137	
1304	0.000152844	0.200486	0	-1.05e+06	0	-0.14221	
1305	0.000152833	0.200639	0	-1.05e+06	0	-0.144311	
1306	0.000152826	0.200792	0	-1.05e+06	0	-0.146438	
1307	0.000152824	0.200945	0	-1.05e+06	0	-0.148593	
1308	0.000152826	0.201098	0	-1.05e+06	0	-0.150776	
1309	0.000152833	0.20125	0	-1.05e+06	0	-0.152987	
1310	0.000152846	0.201403	0	-1.05e+06	0	-0.155227	
1311	0.000152862	0.201556	0	-1.05e+06	0	-0.157495	
1312	0.000152884	0.201709	0	-1.05e+06	0	-0.159792	
1313	0.00015291	0.201862	0	-1.05e+06	0	-0.162119	
1314	0.000152942	0.202015	0	-1.05e+06	0	-0.164475	
1315	0.000152977	0.202168	0	-1.05e+06	0	-0.166861	
1316	0.000153018	0.202321	0	-1.05e+06	0	-0.169278	
1317	0.000153063	0.202474	0	-1.05e+06	0	-0.171725	
1318	0.000153112	0.202627	0	-1.05e+06	0	-0.174204	
1319	0.000153166	0.20278	0	-1.05e+06	0	-0.176713	
1320	0.000153225	0.202933	0	-1.05e+06	0	-0.179254	
1321	0.000153287	0.203086	0	-1.05e+06	0	-0.181827	
1322	0.000153354	0.20324	0	-1.05e+06	0	-0.184431	
1323	0.000153425	0.203393	0	-1.05e+06	0	-0.187068	
1324	0.000153501	0.203546	0	-1.05e+06	0	-0.189738	
1325	0.00015358	0.2037	0	-1.05e+06	0	-0.19244	
1326	0.000153663	0.203853	0	-1.05e+06	0	-0.195176	
1327	0.00015375	0.204007	0	-1.05e+06	0	-0.197944	
1328	0.00015384	0.204161	0	-1.05e+06	0	-0.200747	
1329	0.000153934	0.204315	0	-1.05e+06	0	-0.203583	
1330	0.000154032	0.204469	0	-1.05e+06	0	-0.206453	
1331	0.000154133	0.204623	0	-1.05e+06	0	-0.209358	
1332	0.000154224	0.204777	0	-1.05e+06	0	-0.212297	
1333	0.000154313	0.204931	0	-1.05e+06	0	-0.215271	
1334	0.000154404	0.205085	0	-1.05e+06	0	-0.218279	
1335	0.000154499	0.20524	0	-1.05e+06	0	-0.221322	
1336	0.000154597	0.205394	0	-1.05e+06	0	-0.2244	
1337	0.000154699	0.205549	0	-1.05e+06	0	-0.227514	
1338	0.000154803	0.205704	0	-1.05e+06	0	-0.230663	
1339	0.000154911	0.205858	0	-1.05e+06	0	-0.233848	
1340	0.000155022	0.206013	0	-1.05e+06	0	-0.23707	
1341	0.000155135	0.206168	0	-1.05e+06	0	-0.240327	
1342	0.000155251	0.206323	0	-1.05e+06	0	-0.243621	
1343	0.00015537	0.206479	0	-1.05e+06	0	-0.246952	
1344	0.000155492	0.206634	0	-1.05e+06	0	-0.250319	
1345	0.000155616	0.206789	0	-1.05e+06	0	-0.253724	
1346	0.000155743	0.206945	0	-1.05e+06	0	-0.257166	
1347	0.000155872	0.207101	0	-1.05e+06	0	-0.260646	
1348	0.000156003	0.207257	0	-1.05e+06	0	-0.264163	
1349	0.000156136	0.207413	0	-1.05e+06	0	-0.267717	
1350	0.000156271	0.207569	0	-1.05e+06	0	-0.27131	
1351	0.000156407	0.207725	0	-1.05e+06	0	-0.274941	
1352	0.000156546	0.207882	0	-1.05e+06	0	-0.27861	
1353	0.000156685	0.208038	0	-1.05e+06	0	-0.282317	
1354	0.000156826	0.208195	0	-1.05e+06	0	-0.286063	
1355	0.000156969	0.208352	0	-1.05e+06	0	-0.289847	
1356	0.000157112	0.208509	0	-1.05e+06	0	-0.293669	
1357	0.000157256	0.208666	0	-1.05e+06	0	-0.29753	
1358	0.0001574	0.208823	0	-1.05e+06	0	-0.30143	
1359	0.000157545	0.20898	0	-1.05e+06	0	-0.305368	
1360	0.000157691	0.209138	0	-1.05e+06	0	-0.309344	
1361	0.000157837	0.209296	0	-1.05e+06	0	-0.313359	
1362	0.000157983	0.209453	0	-1.05e+06	0	-0.317412	
1363	0.00015813	0.209611	0	-1.05e+06	0	-0.321503	
1364	0.000158276	0.20977	0	-1.05e+06	0	-0.325633	
1365	0.000158424	0.209928	0	-1.05e+06	0	-0.3298	
1366	0.000158571	0.210086	0	-1.05e+06	0	-0.334005	
1367	0.000158719	0.210245	0	-1.05e+06	0	-0.338249	
1368	0.000158868	0.210404	0	-1.05e+06	0	-0.342529	
1369	0.000159017	0.210562	0	-1.05e+06	0	-0.346847	
1370	0.000159168	0.210721	0	-1.05e+06	0	-0.351203	
1371	0.00015932	0.210881	0	-1.05e+06	0	-0.355595	
1372	0.000159473	0.21104	0	-1.05e+06	0	-0.360025	
1373	0.000159628	0.211199	0	-1.05e+06	0	-0.36449	
1374	0.000159786	0.211359	0	-1.05e+06	0	-0.368993	
1375	0.000159946	0.211519	0	-1.05e+06	0	-0.373532	
1376	0.00016011	0.211679	0	-1.05e+06	0	-0.378107	
1377	0.000160276	0.211839	0	-1.05e+06	0	-0.382717	
1378	0.000160447	0.211999	0	-1.05e+06	0	-0.387364	
1379	0.000160621	0.21216	0	-1.05e+06	0	-0.392046	
1380	0.0001608	0.21232	0	-1.05e+06	0	-0.396763	
1381	0.000160983	0.212481	0	-1.05e+06	0	-0.401516	
1382	0.000161171	0.212642	0	-1.05e+06	0	-0.406303	
1383	0.000161364	0.212803	0	-1.05e+06	0	-0.411125	
1384	0.000161562	0.212964	0	-1.05e+06	0	-0.415982	
1385	0.000161765	0.213126	0	-1.05e+06	0	-0.420874	
1386	0.000161974	0.213288	0	-1.05e+06	0	-0.425799	
1387	0.000162103	0.21345	0	-1.05e+06	0	-0.430756	
1388	0.000162196	0.213612	0	-1.05e+06	0	-0.435743	
1389	0.000162288	0.213774	0	-1.05e+06	0	-0.44076	
1390	0.000162378	0.213936	0	-1.05e+06	0	-0.445805	
1391	0.000162467	0.214099	0	-1.05e+06	0	-0.450879	
1392	0.000162536	0.214261	0	-1.05e+06	0	-0.455981	
1393	0.000162572	0.214424	0	-1.05e+06	0	-0.461109	
1394	0.000162608	0.214586	0	-1.05e+06	0	-0.466262	
1395	0.000162643	0.214749	0	-1.05e+06	0	-0.471441	
1396	0.000162677	0.214912	0	-1.05e+06	0	-0.476644	
1397	0.000162703	0.215074	0	-1.05e+06	0	-0.481872	
1398	0.000162701	0.215237	0	-1.05e+06	0	-0.487122	
1399	0.000162699	0.2154	0	-1.05e+06	0	-0.492394	
1400	0.000162677	0.215562	0	-1.05e+06	0	-0.497687	
1401	0.000162648	0.215725	0	-1.05e+06	0	-0.503001	
1402	0.000162617	0.215888	0	-1.05e+06	0	-0.508336	
1403	0.000162587	0.21605	0	-1.05e+06	0	-0.513689	
1404	0.000162555	0.216213	0	-1.05e+06	0	-0.519062	
1405	0.000162523	0.216375	0	-1.05e+06	0	-0.524453	
1406	0.00016249	0.216538	0	-1.05e+06	0	-0.529863	
1407	0.000162457	0.2167	0	-1.05e+06	0	-0.535291	
1408	0.000162424	0.216863	0	-1.05e+06	0	-0.540736	
1409	0.00016239	0.217025	0	-1.05e+06	0	-0.546198	
1410	0.000162355	0.217188	0	-1.05e+06	0	-0.551677	
1411	0.000162321	0.21735	0	-1.05e+06	0	-0.557172	
1412	0.000162286	0.217512	0	-1.05e+06	0	-0.562683	
1413	0.000162252	0.217675	0	-1.05e+06	0	-0.56821	
1414	0.000162217	0.217837	0	-1.05e+06	0	-0.573751	
1415	0.000162154	0.217999	0	-1.05e+06	0	-0.579307	
1416	0.000162083	0.218161	0	-1.05e+06	0	-0.584875	
1417	0.000162013	0.218323	0	-1.05e+06	0	-0.590456	
1418	0.000161943	0.218485	0	-1.05e+06	0	-0.59605	
1419	0.000161873	0.218647	0	-1.05e+06	0	-0.601655	
1420	0.000161803	0.218809	0	-1.05e+06	0	-0.607273	
1421	0.000161734	0.218971	0	-1.05e+06	0	-0.612901	
1422	0.000161666	0.219133	0	-1.05e+06	0	-0.61854	
1423	0.000161594	0.219294	0	-1.05e+06	0	-0.62419	
1424	0.000161518	0.219456	0	-1.05e+06	0	-0.629849	
1425	0.00016144	0.219618	0	-1.05e+06	0	-0.635518	
1426	0.000161363	0.219779	0	-1.05e+06	0	-0.641196	
1427	0.000161287	0.21994	0	-1.05e+06	0	-0.646882	
1428	0.000161211	0.220102	0	-1.05e+06	0	-0.652577	
1429	0.000161137	0.220263	0	-1.05e+06	0	-0.658279	
1430	0.000161061	0.220424	0	-1.05e+06	0	-0.663988	
1431	0.000160984	0.220585	0	-1.05e+06	0	-0.669704	
1432	0.000160899	0.220746	0	-1.05e+06	0	-0.675427	
1433	0.000160813	0.220907	0	-1.05e+06	0	-0.681154	
1434	0.000160729	0.221068	0	-1.05e+06	0	-0.686887	
1435	0.000160644	0.221228	0	-1.05e+06	0	-0.692625	
1436	0.000160561	0.221389	0	-1.05e+06	0	-0.698366	
1437	0.000160477	0.22155	0	-1.05e+06	0	-0.704112	
1438	0.000160394	0.22171	0	-1.05e+06	0	-0.70986	
1439	0.000160312	0.221871	0	-1.05e+06	0	-0.715611	
1440	0.000160229	0.222031	0	-1.05e+06	0	-0.721365	
1441	0.000160147	0.222191	0	-1.05e+06	0	-0.72712	
1442	0.000160066	0.222351	0	-1.05e+06	0	-0.732877	
1443	0.000159984	0.222511	0	-1.05e+06	0	-0.738634	
1444	0.000159903	0.222671	0	-1.05e+06	0	-0.744391	
1445	0.000159823	0.222831	0	-1.05e+06	0	-0.750148	
1446	0.000159721	0.222991	0	-1.05e+06	0	-0.755904	
1447	0.000159617	0.223151	0	-1.05e+06	0	-0.761658	
1448	0.000159512	0.22331	0	-1.05e+06	0	-0.767409	
1449	0.000159407	0.22347	0	-1.05e+06	0	-0.773157	
1450	0.000159302	0.223629	0	-1.05e+06	0	-0.778901	
1451	0.000159198	0.223789	0	-1.05e+06	0	-0.784642	
1452	0.000159094	0.223948	0	-1.05e+06	0	-0.790378	
1453	0.00015899	0.224107	0	-1.05e+06	0	-0.796109	
1454	0.000158887	0.224266	0	-1.05e+06	0	-0.801834	
1455	0.000158785	0.224425	0	-1.05e+06	0	-0.807554	
1456	0.000158683	0.224584	0	-1.05e+06	0	-0.813268	
1457	0.000158583	0.224742	0	-1.05e+06	0	-0.818975	
1458	0.000158483	0.224901	0	-1.05e+06	0	-0.824675	
1459	0.000158384	0.225059	0	-1.05e+06	0	-0.830368	
1460	0.000158287	0.225218	0	-1.05e+06	0	-0.836054	
1461	0.00015819	0.225376	0	-1.05e+06	0	-0.841731	
1462	0.000158094	0.225534	0	-1.05e+06	0	-0.847399	
1463	0.000157999	0.225692	0	-1.05e+06	0	-0.853059	
1464	0.000157905	0.22585	0	-1.05e+06	0	-0.85871	
1465	0.000157812	0.226008	0	-1.05e+06	0	-0.864352	
1466	0.000157719	0.226166	0	-1.05e+06	0	-0.869983	
1467	0.000157626	0.226324	0	-1.05e+06	0	-0.875604	
1468	0.000157534	0.226481	0	-1.05e+06	0	-0.881215	
1469	0.000157443	0.226639	0	-1.05e+06	0	-0.886815	
1470	0.000157351	0.226796	0	-1.05e+06	0	-0.892404	
1471	0.00015726	0.226954	0	-1.05e+06	0	-0.897981	
1472	0.000157169	0.227111	0	-1.05e+06	0	-0.903546	
1473	0.000157078	0.227268	0	-1.05e+06	0	-0.909098	
1474	0.000156987	0.227425	0	-1.05e+06	0	-0.914638	
1475	0.000156896	0.227582	0	-1.05e+06	0	-0.920165	
1476	0.000156805	0.227739	0	-1.05e+06	0	-0.925678	
1477	0.000156715	0.227896	0	-1.05e+06	0	-0.931178	
1478	0.000156624	0.228053	0	-1.05e+06	0	-0.936663	
1479	0.000156534	0.228209	0	-1.05e+06	0	-0.942134	
1480	0.000156444	0.228366	0	-1.05e+06	0	-0.94759	
1481	0.000156354	0.228522	0	-1.05e+06	0	-0.953031	
1482	0.000156265	0.228678	0	-1.05e+06	0	-0.958456	
1483	0.000156157	0.228835	0	-1.05e+06	0	-0.963864	
1484	0.000155975	0.228991	0	-1.05e+06	0	-0.969253	
1485	0.000155759	0.229147	0	-1.05e+06	0	-0.97462	
1486	0.000155518	0.229303	0	-1.05e+06	0	-0.979965	
1487	0.000155278	0.229458	0	-1.05e+06	0	-0.985287	
1488	0.000155038	0.229613	0	-1.05e+06	0	-0.990587	
1489	0.0001548	0.229768	0	-1.05e+06	0	-0.995863	
1490	0.000154564	0.229923	0	-1.05e+06	0	-1.00112	
1491	0.00015433	0.230078	0	-1.05e+06	0	-1.00634	
1492	0.000154097	0.230232	0	-1.05e+06	0	-1.01155	
1493	0.000153867	0.230386	0	-1.05e+06	0	-1.01673	
1494	0.00015364	0.23054	0	-1.05e+06	0	-1.02188	
1495	0.000153412	0.230694	0	-1.05e+06	0	-1.02702	
1496	0.000153147	0.230847	0	-1.05e+06	0	-1.03212	
1497	0.000152883	0.231	0	-1.05e+06	0	-1.0372	
1498	0.000152619	0.231153	0	-1.05e+06	0	-1.04225	
1499	0.000152314	0.231306	0	-1.05e+06	0	-1.04727	
1500	0.000151996	0.231458	0	-1.05e+06	0	-1.05227	
