Step	dt	Time	fbody_x	fbody_y	fbody_z	dy_tip	
0	1e-16	0	0	0	0	-3.41733e-07	
1	1e-16	0	0	-1.05e+06	0	-3.41733e-07	
2	0.00018619	1e-16	0	-1.05e+06	0	-3.50084e-05	
3	0.000186133	0.00018619	0	-1.05e+06	0	-0.00010431	
4	0.000186028	0.000372323	0	-1.05e+06	0	-0.000208179	
5	0.00018588	0.000558351	0	-1.05e+06	0	-0.000346516	
6	0.000185693	0.000744231	0	-1.05e+06	0	-0.000519196	
7	0.000185468	0.000929923	0	-1.05e+06	0	-0.000726066	
8	0.00018521	0.00111539	0	-1.05e+06	0	-0.000966951	
9	0.00018492	0.0013006	0	-1.05e+06	0	-0.00124165	
10	0.0001846	0.00148552	0	-1.05e+06	0	-0.00154996	
11	0.000184252	0.00167012	0	-1.05e+06	0	-0.00189163	
12	0.00018388	0.00185437	0	-1.05e+06	0	-0.00226642	
13	0.000183484	0.00203825	0	-1.05e+06	0	-0.00267408	
14	0.000183069	0.00222174	0	-1.05e+06	0	-0.00311432	
15	0.000182635	0.00240481	0	-1.05e+06	0	-0.00358688	
16	0.000182185	0.00258744	0	-1.05e+06	0	-0.00409146	
17	0.000181722	0.00276963	0	-1.05e+06	0	-0.00462779	
18	0.000181247	0.00295135	0	-1.05e+06	0	-0.00519556	
19	0.000180763	0.0031326	0	-1.05e+06	0	-0.0057945	
20	0.000180271	0.00331336	0	-1.05e+06	0	-0.0064243	
21	0.000179774	0.00349363	0	-1.05e+06	0	-0.00708468	
22	0.000179272	0.0036734	0	-1.05e+06	0	-0.00777536	
23	0.000178767	0.00385268	0	-1.05e+06	0	-0.00849605	
24	0.000178261	0.00403144	0	-1.05e+06	0	-0.00924647	
25	0.000177754	0.0042097	0	-1.05e+06	0	-0.0100264	
26	0.000177248	0.00438746	0	-1.05e+06	0	-0.0108354	
27	0.000176744	0.00456471	0	-1.05e+06	0	-0.0116735	
28	0.000176241	0.00474145	0	-1.05e+06	0	-0.0125402	
29	0.000175742	0.00491769	0	-1.05e+06	0	-0.0134353	
30	0.000175247	0.00509343	0	-1.05e+06	0	-0.0143586	
31	0.000174755	0.00526868	0	-1.05e+06	0	-0.0153099	
32	0.000174267	0.00544343	0	-1.05e+06	0	-0.0162889	
33	0.000173784	0.0056177	0	-1.05e+06	0	-0.0172953	
34	0.000173306	0.00579149	0	-1.05e+06	0	-0.0183291	
35	0.000172832	0.00596479	0	-1.05e+06	0	-0.0193898	
36	0.000172364	0.00613762	0	-1.05e+06	0	-0.0204775	
37	0.0001719	0.00630999	0	-1.05e+06	0	-0.0215917	
38	0.000171441	0.00648189	0	-1.05e+06	0	-0.0227324	
39	0.000170987	0.00665333	0	-1.05e+06	0	-0.0238992	
40	0.000170537	0.00682432	0	-1.05e+06	0	-0.0250921	
41	0.000170092	0.00699485	0	-1.05e+06	0	-0.0263108	
42	0.000169652	0.00716495	0	-1.05e+06	0	-0.0275551	
43	0.000169215	0.0073346	0	-1.05e+06	0	-0.0288249	
44	0.000168782	0.00750381	0	-1.05e+06	0	-0.0301199	
45	0.000168354	0.00767259	0	-1.05e+06	0	-0.0314399	
46	0.000167929	0.00784095	0	-1.05e+06	0	-0.0327849	
47	0.000167507	0.00800888	0	-1.05e+06	0	-0.0341545	
48	0.000167089	0.00817638	0	-1.05e+06	0	-0.0355486	
49	0.000166674	0.00834347	0	-1.05e+06	0	-0.036967	
50	0.000166262	0.00851015	0	-1.05e+06	0	-0.0384095	
51	0.000165852	0.00867641	0	-1.05e+06	0	-0.039876	
52	0.000165446	0.00884226	0	-1.05e+06	0	-0.0413663	
53	0.000165042	0.00900771	0	-1.05e+06	0	-0.0428802	
54	0.00016464	0.00917275	0	-1.05e+06	0	-0.0444175	
55	0.000164241	0.00933739	0	-1.05e+06	0	-0.0459781	
56	0.000163844	0.00950163	0	-1.05e+06	0	-0.0475617	
57	0.00016345	0.00966547	0	-1.05e+06	0	-0.0491683	
58	0.000163058	0.00982892	0	-1.05e+06	0	-0.0507975	
59	0.000162668	0.00999198	0	-1.05e+06	0	-0.0524494	
60	0.00016228	0.0101546	0	-1.05e+06	0	-0.0541236	
61	0.000161894	0.0103169	0	-1.05e+06	0	-0.05582	
62	0.00016151	0.0104788	0	-1.05e+06	0	-0.0575386	
63	0.000161129	0.0106403	0	-1.05e+06	0	-0.059279	
64	0.00016075	0.0108015	0	-1.05e+06	0	-0.0610412	
65	0.000160373	0.0109622	0	-1.05e+06	0	-0.0628249	
66	0.000159999	0.0111226	0	-1.05e+06	0	-0.0646301	
67	0.000159627	0.0112826	0	-1.05e+06	0	-0.0664566	
68	0.000159258	0.0114422	0	-1.05e+06	0	-0.0683043	
69	0.000158891	0.0116015	0	-1.05e+06	0	-0.0701729	
70	0.000158527	0.0117604	0	-1.05e+06	0	-0.0720623	
71	0.000158166	0.0119189	0	-1.05e+06	0	-0.0739725	
72	0.000157808	0.0120771	0	-1.05e+06	0	-0.0759033	
73	0.000157454	0.0122349	0	-1.05e+06	0	-0.0778545	
74	0.000157102	0.0123923	0	-1.05e+06	0	-0.079826	
75	0.000156754	0.0125494	0	-1.05e+06	0	-0.0818178	
76	0.00015641	0.0127062	0	-1.05e+06	0	-0.0838296	
77	0.00015607	0.0128626	0	-1.05e+06	0	-0.0858615	
78	0.000155733	0.0130187	0	-1.05e+06	0	-0.0879131	
79	0.000155401	0.0131744	0	-1.05e+06	0	-0.0899846	
80	0.000155073	0.0133298	0	-1.05e+06	0	-0.0920757	
81	0.00015475	0.0134849	0	-1.05e+06	0	-0.0941865	
82	0.000154431	0.0136396	0	-1.05e+06	0	-0.0963167	
83	0.000154118	0.013794	0	-1.05e+06	0	-0.0984664	
84	0.00015381	0.0139482	0	-1.05e+06	0	-0.100635	
85	0.000153507	0.014102	0	-1.05e+06	0	-0.102824	
86	0.00015321	0.0142555	0	-1.05e+06	0	-0.105031	
87	0.000152918	0.0144087	0	-1.05e+06	0	-0.107258	
88	0.000152633	0.0145616	0	-1.05e+06	0	-0.109504	
89	0.000152354	0.0147142	0	-1.05e+06	0	-0.111769	
90	0.000152082	0.0148666	0	-1.05e+06	0	-0.114053	
91	0.000151816	0.0150187	0	-1.05e+06	0	-0.116356	
92	0.000151557	0.0151705	0	-1.05e+06	0	-0.118678	
93	0.000151306	0.015322	0	-1.05e+06	0	-0.121019	
94	0.000151062	0.0154734	0	-1.05e+06	0	-0.12338	
95	0.000150826	0.0156244	0	-1.05e+06	0	-0.125759	
96	0.000150597	0.0157752	0	-1.05e+06	0	-0.128157	
97	0.000150377	0.0159258	0	-1.05e+06	0	-0.130575	
98	0.000150165	0.0160762	0	-1.05e+06	0	-0.133011	
99	0.000149962	0.0162264	0	-1.05e+06	0	-0.135467	
100	0.000149768	0.0163763	0	-1.05e+06	0	-0.137942	
101	0.000149582	0.0165261	0	-1.05e+06	0	-0.140436	
102	0.000149406	0.0166757	0	-1.05e+06	0	-0.14295	
103	0.000149239	0.0168251	0	-1.05e+06	0	-0.145483	
104	0.000149082	0.0169743	0	-1.05e+06	0	-0.148036	
105	0.000148935	0.0171234	0	-1.05e+06	0	-0.150608	
106	0.000148797	0.0172724	0	-1.05e+06	0	-0.153201	
107	0.00014867	0.0174212	0	-1.05e+06	0	-0.155812	
108	0.000148553	0.0175698	0	-1.05e+06	0	-0.158444	
109	0.000148447	0.0177184	0	-1.05e+06	0	-0.161097	
110	0.000148351	0.0178668	0	-1.05e+06	0	-0.163769	
111	0.000148266	0.0180152	0	-1.05e+06	0	-0.166462	
112	0.000148192	0.0181634	0	-1.05e+06	0	-0.169175	
113	0.000148129	0.0183116	0	-1.05e+06	0	-0.171909	
114	0.000148077	0.0184598	0	-1.05e+06	0	-0.174664	
115	0.000148036	0.0186078	0	-1.05e+06	0	-0.17744	
116	0.000148007	0.0187559	0	-1.05e+06	0	-0.180238	
117	0.000147988	0.0189039	0	-1.05e+06	0	-0.183057	
118	0.000147981	0.0190519	0	-1.05e+06	0	-0.185897	
119	0.000147985	0.0191999	0	-1.05e+06	0	-0.18876	
120	0.000148001	0.0193478	0	-1.05e+06	0	-0.191644	
121	0.000148027	0.0194958	0	-1.05e+06	0	-0.194551	
122	0.000148065	0.0196439	0	-1.05e+06	0	-0.197481	
123	0.000148113	0.0197919	0	-1.05e+06	0	-0.200433	
124	0.000148173	0.01994	0	-1.05e+06	0	-0.203408	
125	0.000148243	0.0200882	0	-1.05e+06	0	-0.206407	
126	0.000148323	0.0202365	0	-1.05e+06	0	-0.209429	
127	0.000148414	0.0203848	0	-1.05e+06	0	-0.212474	
128	0.000148515	0.0205332	0	-1.05e+06	0	-0.215544	
129	0.000148625	0.0206817	0	-1.05e+06	0	-0.218637	
130	0.000148745	0.0208303	0	-1.05e+06	0	-0.221755	
131	0.000148874	0.0209791	0	-1.05e+06	0	-0.224898	
132	0.000149012	0.021128	0	-1.05e+06	0	-0.228065	
133	0.000149158	0.021277	0	-1.05e+06	0	-0.231257	
134	0.000149311	0.0214261	0	-1.05e+06	0	-0.234475	
135	0.000149472	0.0215754	0	-1.05e+06	0	-0.237718	
136	0.000149639	0.0217249	0	-1.05e+06	0	-0.240986	
137	0.000149813	0.0218745	0	-1.05e+06	0	-0.24428	
138	0.000149991	0.0220244	0	-1.05e+06	0	-0.2476	
139	0.000150175	0.0221744	0	-1.05e+06	0	-0.250946	
140	0.000150363	0.0223245	0	-1.05e+06	0	-0.254318	
141	0.000150554	0.0224749	0	-1.05e+06	0	-0.257716	
142	0.000150749	0.0226254	0	-1.05e+06	0	-0.26114	
143	0.000150945	0.0227762	0	-1.05e+06	0	-0.264591	
144	0.000151027	0.0229271	0	-1.05e+06	0	-0.268065	
145	0.000151074	0.0230782	0	-1.05e+06	0	-0.271562	
146	0.000151128	0.0232292	0	-1.05e+06	0	-0.275082	
147	0.000151191	0.0233804	0	-1.05e+06	0	-0.278625	
148	0.000151175	0.0235316	0	-1.05e+06	0	-0.282189	
149	0.000151159	0.0236827	0	-1.05e+06	0	-0.285775	
150	0.00015115	0.0238339	0	-1.05e+06	0	-0.289381	
151	0.000151149	0.023985	0	-1.05e+06	0	-0.293008	
152	0.000151155	0.0241362	0	-1.05e+06	0	-0.296656	
153	0.000151169	0.0242873	0	-1.05e+06	0	-0.300326	
154	0.000151191	0.0244385	0	-1.05e+06	0	-0.304016	
155	0.000151221	0.0245897	0	-1.05e+06	0	-0.307729	
156	0.000151258	0.0247409	0	-1.05e+06	0	-0.311462	
157	0.000151304	0.0248922	0	-1.05e+06	0	-0.315217	
158	0.000151357	0.0250435	0	-1.05e+06	0	-0.318993	
159	0.000151418	0.0251948	0	-1.05e+06	0	-0.32279	
160	0.000151487	0.0253463	0	-1.05e+06	0	-0.32661	
161	0.000151562	0.0254978	0	-1.05e+06	0	-0.33045	
162	0.000151644	0.0256493	0	-1.05e+06	0	-0.334312	
163	0.000151732	0.025801	0	-1.05e+06	0	-0.338195	
164	0.000151826	0.0259527	0	-1.05e+06	0	-0.3421	
165	0.000151926	0.0261045	0	-1.05e+06	0	-0.346026	
166	0.00015203	0.0262564	0	-1.05e+06	0	-0.349974	
167	0.000152139	0.0264085	0	-1.05e+06	0	-0.353942	
168	0.000152251	0.0265606	0	-1.05e+06	0	-0.357932	
169	0.000152366	0.0267129	0	-1.05e+06	0	-0.361942	
170	0.000152483	0.0268652	0	-1.05e+06	0	-0.365973	
171	0.000152587	0.0270177	0	-1.05e+06	0	-0.370024	
172	0.000152625	0.0271703	0	-1.05e+06	0	-0.374093	
173	0.000152669	0.0273229	0	-1.05e+06	0	-0.378181	
174	0.000152719	0.0274756	0	-1.05e+06	0	-0.382285	
175	0.000152774	0.0276283	0	-1.05e+06	0	-0.386408	
176	0.000152834	0.0277811	0	-1.05e+06	0	-0.390548	
177	0.000152876	0.0279339	0	-1.05e+06	0	-0.394705	
178	0.000152911	0.0280868	0	-1.05e+06	0	-0.398878	
179	0.000152954	0.0282397	0	-1.05e+06	0	-0.403066	
180	0.000153006	0.0283927	0	-1.05e+06	0	-0.407271	
181	0.000153065	0.0285457	0	-1.05e+06	0	-0.411492	
182	0.000153131	0.0286987	0	-1.05e+06	0	-0.415728	
183	0.000153203	0.0288519	0	-1.05e+06	0	-0.41998	
184	0.000153279	0.0290051	0	-1.05e+06	0	-0.424247	
185	0.00015336	0.0291583	0	-1.05e+06	0	-0.42853	
186	0.000153443	0.0293117	0	-1.05e+06	0	-0.432827	
187	0.000153528	0.0294651	0	-1.05e+06	0	-0.437139	
188	0.000153614	0.0296187	0	-1.05e+06	0	-0.441465	
189	0.0001537	0.0297723	0	-1.05e+06	0	-0.445805	
190	0.000153785	0.029926	0	-1.05e+06	0	-0.450158	
191	0.000153868	0.0300798	0	-1.05e+06	0	-0.454525	
192	0.000153948	0.0302336	0	-1.05e+06	0	-0.458904	
193	0.000154026	0.0303876	0	-1.05e+06	0	-0.463296	
194	0.000154098	0.0305416	0	-1.05e+06	0	-0.467699	
195	0.000154167	0.0306957	0	-1.05e+06	0	-0.472114	
196	0.00015423	0.0308499	0	-1.05e+06	0	-0.47654	
197	0.00015426	0.0310041	0	-1.05e+06	0	-0.480975	
198	0.000154231	0.0311584	0	-1.05e+06	0	-0.485418	
199	0.000154204	0.0313126	0	-1.05e+06	0	-0.489868	
200	0.000154181	0.0314668	0	-1.05e+06	0	-0.494326	
201	0.000154163	0.031621	0	-1.05e+06	0	-0.49879	
202	0.00015415	0.0317752	0	-1.05e+06	0	-0.503261	
203	0.000154142	0.0319293	0	-1.05e+06	0	-0.507739	
204	0.000154139	0.0320834	0	-1.05e+06	0	-0.512224	
205	0.000154144	0.0322376	0	-1.05e+06	0	-0.516715	
206	0.000154155	0.0323917	0	-1.05e+06	0	-0.521212	
207	0.000154173	0.0325459	0	-1.05e+06	0	-0.525715	
208	0.000154198	0.0327001	0	-1.05e+06	0	-0.530225	
209	0.00015423	0.0328542	0	-1.05e+06	0	-0.534742	
210	0.00015427	0.0330085	0	-1.05e+06	0	-0.539264	
211	0.000154316	0.0331627	0	-1.05e+06	0	-0.543793	
212	0.00015437	0.0333171	0	-1.05e+06	0	-0.548328	
213	0.00015443	0.0334714	0	-1.05e+06	0	-0.552869	
214	0.000154497	0.0336259	0	-1.05e+06	0	-0.557416	
215	0.000154569	0.0337804	0	-1.05e+06	0	-0.56197	
216	0.000154569	0.0339349	0	-1.05e+06	0	-0.566528	
217	0.000154571	0.0340895	0	-1.05e+06	0	-0.571089	
218	0.000154575	0.0342441	0	-1.05e+06	0	-0.575655	
219	0.00015458	0.0343986	0	-1.05e+06	0	-0.580224	
220	0.000154587	0.0345532	0	-1.05e+06	0	-0.584796	
221	0.000154596	0.0347078	0	-1.05e+06	0	-0.589372	
222	0.000154606	0.0348624	0	-1.05e+06	0	-0.593952	
223	0.000154618	0.035017	0	-1.05e+06	0	-0.598534	
224	0.000154631	0.0351716	0	-1.05e+06	0	-0.603121	
225	0.000154645	0.0353263	0	-1.05e+06	0	-0.60771	
226	0.000154659	0.0354809	0	-1.05e+06	0	-0.612303	
227	0.000154673	0.0356356	0	-1.05e+06	0	-0.616899	
228	0.000154686	0.0357902	0	-1.05e+06	0	-0.621498	
229	0.000154698	0.0359449	0	-1.05e+06	0	-0.626099	
230	0.000154708	0.0360996	0	-1.05e+06	0	-0.630704	
231	0.000154716	0.0362543	0	-1.05e+06	0	-0.635312	
232	0.000154716	0.0364091	0	-1.05e+06	0	-0.639922	
233	0.000154685	0.0365638	0	-1.05e+06	0	-0.644533	
234	0.000154652	0.0367185	0	-1.05e+06	0	-0.649146	
235	0.000154582	0.0368731	0	-1.05e+06	0	-0.653759	
236	0.0001545	0.0370277	0	-1.05e+06	0	-0.658373	
237	0.000154417	0.0371822	0	-1.05e+06	0	-0.662986	
238	0.000154332	0.0373366	0	-1.05e+06	0	-0.667599	
239	0.000154247	0.0374909	0	-1.05e+06	0	-0.672212	
240	0.000154161	0.0376452	0	-1.05e+06	0	-0.676825	
241	0.000154075	0.0377993	0	-1.05e+06	0	-0.681437	
242	0.00015399	0.0379534	0	-1.05e+06	0	-0.68605	
243	0.000153905	0.0381074	0	-1.05e+06	0	-0.690662	
244	0.000153822	0.0382613	0	-1.05e+06	0	-0.695274	
245	0.00015374	0.0384151	0	-1.05e+06	0	-0.699886	
246	0.00015363	0.0385689	0	-1.05e+06	0	-0.704498	
247	0.000153514	0.0387225	0	-1.05e+06	0	-0.709108	
248	0.000153402	0.038876	0	-1.05e+06	0	-0.713718	
249	0.000153294	0.0390294	0	-1.05e+06	0	-0.718326	
250	0.000153192	0.0391827	0	-1.05e+06	0	-0.722934	
251	0.000153095	0.0393359	0	-1.05e+06	0	-0.727542	
252	0.000153003	0.039489	0	-1.05e+06	0	-0.73215	
253	0.000152916	0.039642	0	-1.05e+06	0	-0.736757	
254	0.000152833	0.0397949	0	-1.05e+06	0	-0.741365	
255	0.000152755	0.0399478	0	-1.05e+06	0	-0.745973	
256	0.000152681	0.0401005	0	-1.05e+06	0	-0.750581	
257	0.00015261	0.0402532	0	-1.05e+06	0	-0.755189	
258	0.000152543	0.0404058	0	-1.05e+06	0	-0.759798	
259	0.000152478	0.0405583	0	-1.05e+06	0	-0.764408	
260	0.000152381	0.0407108	0	-1.05e+06	0	-0.769017	
261	0.000152259	0.0408632	0	-1.05e+06	0	-0.773625	
262	0.000152137	0.0410155	0	-1.05e+06	0	-0.778232	
263	0.000152014	0.0411676	0	-1.05e+06	0	-0.782838	
264	0.000151892	0.0413196	0	-1.05e+06	0	-0.787443	
265	0.000151756	0.0414715	0	-1.05e+06	0	-0.792046	
266	0.000151608	0.0416233	0	-1.05e+06	0	-0.796646	
267	0.00015146	0.0417749	0	-1.05e+06	0	-0.801245	
268	0.000151312	0.0419263	0	-1.05e+06	0	-0.805842	
269	0.000151165	0.0420776	0	-1.05e+06	0	-0.810436	
270	0.000151019	0.0422288	0	-1.05e+06	0	-0.815029	
271	0.000150874	0.0423798	0	-1.05e+06	0	-0.819619	
272	0.00015073	0.0425307	0	-1.05e+06	0	-0.824207	
273	0.000150588	0.0426814	0	-1.05e+06	0	-0.828792	
274	0.000150447	0.042832	0	-1.05e+06	0	-0.833375	
275	0.000150308	0.0429825	0	-1.05e+06	0	-0.837956	
276	0.000150172	0.0431328	0	-1.05e+06	0	-0.842535	
277	0.000150038	0.0432829	0	-1.05e+06	0	-0.847112	
278	0.000149906	0.043433	0	-1.05e+06	0	-0.851686	
279	0.000149777	0.0435829	0	-1.05e+06	0	-0.856257	
280	0.000149651	0.0437327	0	-1.05e+06	0	-0.860827	
281	0.000149528	0.0438823	0	-1.05e+06	0	-0.865394	
282	0.000149409	0.0440318	0	-1.05e+06	0	-0.869958	
283	0.000149293	0.0441812	0	-1.05e+06	0	-0.874521	
284	0.000149181	0.0443305	0	-1.05e+06	0	-0.879081	
285	0.000149074	0.0444797	0	-1.05e+06	0	-0.883638	
286	0.00014897	0.0446288	0	-1.05e+06	0	-0.888194	
287	0.000148871	0.0447778	0	-1.05e+06	0	-0.892747	
288	0.000148776	0.0449266	0	-1.05e+06	0	-0.897297	
289	0.000148686	0.0450754	0	-1.05e+06	0	-0.901845	
290	0.000148601	0.0452241	0	-1.05e+06	0	-0.906391	
291	0.000148509	0.0453727	0	-1.05e+06	0	-0.910935	
292	0.000148339	0.0455212	0	-1.05e+06	0	-0.915473	
293	0.000148174	0.0456695	0	-1.05e+06	0	-0.920006	
294	0.000148014	0.0458177	0	-1.05e+06	0	-0.924534	
295	0.000147861	0.0459657	0	-1.05e+06	0	-0.929056	
296	0.000147713	0.0461136	0	-1.05e+06	0	-0.933574	
297	0.00014757	0.0462613	0	-1.05e+06	0	-0.938086	
298	0.000147434	0.0464089	0	-1.05e+06	0	-0.942594	
299	0.000147304	0.0465563	0	-1.05e+06	0	-0.947096	
300	0.000147179	0.0467036	0	-1.05e+06	0	-0.951593	
301	0.000147024	0.0468508	0	-1.05e+06	0	-0.956084	
302	0.000146785	0.0469978	0	-1.05e+06	0	-0.960567	
303	0.000146551	0.0471446	0	-1.05e+06	0	-0.96504	
304	0.000146322	0.0472912	0	-1.05e+06	0	-0.969505	
305	0.000146069	0.0474375	0	-1.05e+06	0	-0.97396	
306	0.000145787	0.0475835	0	-1.05e+06	0	-0.978404	
307	0.000145508	0.0477293	0	-1.05e+06	0	-0.982838	
308	0.000145234	0.0478748	0	-1.05e+06	0	-0.98726	
309	0.000144964	0.0480201	0	-1.05e+06	0	-0.991672	
310	0.000144699	0.048165	0	-1.05e+06	0	-0.996073	
311	0.000144439	0.0483097	0	-1.05e+06	0	-1.00046	
312	0.000144184	0.0484542	0	-1.05e+06	0	-1.00484	
313	0.000143935	0.0485984	0	-1.05e+06	0	-1.00921	
314	0.000143691	0.0487423	0	-1.05e+06	0	-1.01357	
315	0.000143452	0.048886	0	-1.05e+06	0	-1.01792	
316	0.00014322	0.0490294	0	-1.05e+06	0	-1.02225	
317	0.000142993	0.0491727	0	-1.05e+06	0	-1.02658	
318	0.000142772	0.0493157	0	-1.05e+06	0	-1.03089	
319	0.000142557	0.0494584	0	-1.05e+06	0	-1.0352	
320	0.000142348	0.049601	0	-1.05e+06	0	-1.03949	
321	0.000142146	0.0497433	0	-1.05e+06	0	-1.04377	
322	0.000141949	0.0498855	0	-1.05e+06	0	-1.04805	
323	0.000141759	0.0500274	0	-1.05e+06	0	-1.05231	
324	0.000141575	0.0501692	0	-1.05e+06	0	-1.05656	
325	0.000141397	0.0503108	0	-1.05e+06	0	-1.0608	
326	0.000141225	0.0504522	0	-1.05e+06	0	-1.06504	
327	0.000141059	0.0505934	0	-1.05e+06	0	-1.06926	
328	0.0001409	0.0507344	0	-1.05e+06	0	-1.07347	
329	0.000140746	0.0508753	0	-1.05e+06	0	-1.07767	
330	0.000140594	0.0510161	0	-1.05e+06	0	-1.08186	
331	0.000140445	0.0511567	0	-1.05e+06	0	-1.08605	
332	0.000140302	0.0512971	0	-1.05e+06	0	-1.09022	
333	0.000140163	0.0514374	0	-1.05e+06	0	-1.09438	
334	0.000140018	0.0515776	0	-1.05e+06	0	-1.09853	
335	0.00013988	0.0517176	0	-1.05e+06	0	-1.10267	
336	0.000139749	0.0518575	0	-1.05e+06	0	-1.10681	
337	0.000139625	0.0519972	0	-1.05e+06	0	-1.11093	
338	0.000139508	0.0521369	0	-1.05e+06	0	-1.11504	
339	0.000139398	0.0522764	0	-1.05e+06	0	-1.11914	
340	0.000139294	0.0524158	0	-1.05e+06	0	-1.12324	
341	0.000139196	0.0525551	0	-1.05e+06	0	-1.12732	
342	0.000139104	0.0526943	0	-1.05e+06	0	-1.1314	
343	0.000139017	0.0528334	0	-1.05e+06	0	-1.13546	
344	0.000138937	0.0529724	0	-1.05e+06	0	-1.13952	
345	0.000138861	0.0531113	0	-1.05e+06	0	-1.14356	
346	0.000138789	0.0532502	0	-1.05e+06	0	-1.1476	
347	0.000138722	0.053389	0	-1.05e+06	0	-1.15163	
348	0.00013866	0.0535277	0	-1.05e+06	0	-1.15565	
349	0.000138601	0.0536663	0	-1.05e+06	0	-1.15966	
350	0.000138545	0.0538049	0	-1.05e+06	0	-1.16366	
351	0.000138493	0.0539435	0	-1.05e+06	0	-1.16766	
352	0.000138443	0.054082	0	-1.05e+06	0	-1.17164	
353	0.000138396	0.0542204	0	-1.05e+06	0	-1.17562	
354	0.000138351	0.0543588	0	-1.05e+06	0	-1.17958	
355	0.000138307	0.0544972	0	-1.05e+06	0	-1.18354	
356	0.000138266	0.0546355	0	-1.05e+06	0	-1.18749	
357	0.000138226	0.0547737	0	-1.05e+06	0	-1.19143	
358	0.000138187	0.054912	0	-1.05e+06	0	-1.19536	
359	0.000138149	0.0550502	0	-1.05e+06	0	-1.19928	
360	0.000138111	0.0551883	0	-1.05e+06	0	-1.20319	
361	0.000138074	0.0553264	0	-1.05e+06	0	-1.2071	
362	0.000138013	0.0554645	0	-1.05e+06	0	-1.21099	
363	0.000137951	0.0556025	0	-1.05e+06	0	-1.21487	
364	0.000137892	0.0557405	0	-1.05e+06	0	-1.21875	
365	0.000137837	0.0558783	0	-1.05e+06	0	-1.22261	
366	0.000137785	0.0560162	0	-1.05e+06	0	-1.22646	
367	0.000137736	0.056154	0	-1.05e+06	0	-1.23031	
368	0.00013769	0.0562917	0	-1.05e+06	0	-1.23414	
369	0.000137647	0.0564294	0	-1.05e+06	0	-1.23797	
370	0.000137607	0.056567	0	-1.05e+06	0	-1.24179	
371	0.000137569	0.0567046	0	-1.05e+06	0	-1.24559	
372	0.000137533	0.0568422	0	-1.05e+06	0	-1.24939	
373	0.0001375	0.0569798	0	-1.05e+06	0	-1.25317	
374	0.000137469	0.0571173	0	-1.05e+06	0	-1.25695	
375	0.00013744	0.0572547	0	-1.05e+06	0	-1.26072	
376	0.000137413	0.0573922	0	-1.05e+06	0	-1.26448	
377	0.000137388	0.0575296	0	-1.05e+06	0	-1.26823	
378	0.000137364	0.057667	0	-1.05e+06	0	-1.27197	
379	0.000137341	0.0578043	0	-1.05e+06	0	-1.2757	
380	0.00013732	0.0579417	0	-1.05e+06	0	-1.27942	
381	0.000137301	0.058079	0	-1.05e+06	0	-1.28313	
382	0.000137274	0.0582163	0	-1.05e+06	0	-1.28683	
383	0.000137237	0.0583536	0	-1.05e+06	0	-1.29052	
384	0.000137201	0.0584908	0	-1.05e+06	0	-1.2942	
385	0.000137166	0.058628	0	-1.05e+06	0	-1.29787	
386	0.000137132	0.0587652	0	-1.05e+06	0	-1.30153	
387	0.0001371	0.0589023	0	-1.05e+06	0	-1.30518	
388	0.00013707	0.0590394	0	-1.05e+06	0	-1.30882	
389	0.000137042	0.0591765	0	-1.05e+06	0	-1.31245	
390	0.000137015	0.0593135	0	-1.05e+06	0	-1.31607	
391	0.000136991	0.0594505	0	-1.05e+06	0	-1.31968	
392	0.000136969	0.0595875	0	-1.05e+06	0	-1.32328	
393	0.00013695	0.0597245	0	-1.05e+06	0	-1.32687	
394	0.000136934	0.0598614	0	-1.05e+06	0	-1.33045	
395	0.00013692	0.0599984	0	-1.05e+06	0	-1.33402	
396	0.00013691	0.0601353	0	-1.05e+06	0	-1.33758	
397	0.000136902	0.0602722	0	-1.05e+06	0	-1.34113	
398	0.000136898	0.0604091	0	-1.05e+06	0	-1.34467	
399	0.000136897	0.060546	0	-1.05e+06	0	-1.3482	
400	0.0001369	0.0606829	0	-1.05e+06	0	-1.35172	
401	0.000136907	0.0608198	0	-1.05e+06	0	-1.35523	
402	0.000136917	0.0609567	0	-1.05e+06	0	-1.35873	
403	0.00013693	0.0610936	0	-1.05e+06	0	-1.36222	
404	0.000136948	0.0612305	0	-1.05e+06	0	-1.3657	
405	0.000136969	0.0613675	0	-1.05e+06	0	-1.36917	
406	0.000136993	0.0615045	0	-1.05e+06	0	-1.37263	
407	0.000137022	0.0616415	0	-1.05e+06	0	-1.37608	
408	0.000137054	0.0617785	0	-1.05e+06	0	-1.37952	
409	0.000137083	0.0619155	0	-1.05e+06	0	-1.38295	
410	0.00013711	0.0620526	0	-1.05e+06	0	-1.38637	
411	0.000137138	0.0621897	0	-1.05e+06	0	-1.38978	
412	0.000137169	0.0623269	0	-1.05e+06	0	-1.39318	
413	0.000137201	0.062464	0	-1.05e+06	0	-1.39657	
414	0.000137234	0.0626012	0	-1.05e+06	0	-1.39995	
415	0.000137269	0.0627385	0	-1.05e+06	0	-1.40331	
416	0.000137294	0.0628757	0	-1.05e+06	0	-1.40667	
417	0.00013731	0.063013	0	-1.05e+06	0	-1.41002	
418	0.000137328	0.0631503	0	-1.05e+06	0	-1.41335	
419	0.000137346	0.0632877	0	-1.05e+06	0	-1.41668	
420	0.000137364	0.063425	0	-1.05e+06	0	-1.41999	
421	0.000137384	0.0635624	0	-1.05e+06	0	-1.42329	
422	0.000137404	0.0636998	0	-1.05e+06	0	-1.42658	
423	0.000137425	0.0638372	0	-1.05e+06	0	-1.42986	
424	0.000137445	0.0639746	0	-1.05e+06	0	-1.43312	
425	0.000137464	0.064112	0	-1.05e+06	0	-1.43638	
426	0.000137486	0.0642495	0	-1.05e+06	0	-1.43962	
427	0.000137501	0.064387	0	-1.05e+06	0	-1.44285	
428	0.000137518	0.0645245	0	-1.05e+06	0	-1.44607	
429	0.000137541	0.064662	0	-1.05e+06	0	-1.44927	
430	0.000137571	0.0647995	0	-1.05e+06	0	-1.45247	
431	0.000137608	0.0649371	0	-1.05e+06	0	-1.45565	
432	0.000137652	0.0650747	0	-1.05e+06	0	-1.45882	
433	0.0001377	0.0652124	0	-1.05e+06	0	-1.46197	
434	0.000137737	0.0653501	0	-1.05e+06	0	-1.46512	
435	0.000137777	0.0654878	0	-1.05e+06	0	-1.46825	
436	0.000137819	0.0656256	0	-1.05e+06	0	-1.47137	
437	0.000137863	0.0657634	0	-1.05e+06	0	-1.47447	
438	0.000137911	0.0659013	0	-1.05e+06	0	-1.47757	
439	0.000137961	0.0660392	0	-1.05e+06	0	-1.48065	
440	0.000138014	0.0661771	0	-1.05e+06	0	-1.48371	
441	0.00013807	0.0663152	0	-1.05e+06	0	-1.48677	
442	0.000138129	0.0664532	0	-1.05e+06	0	-1.48981	
443	0.000138191	0.0665914	0	-1.05e+06	0	-1.49284	
444	0.000138256	0.0667295	0	-1.05e+06	0	-1.49585	
445	0.000138325	0.0668678	0	-1.05e+06	0	-1.49886	
446	0.000138396	0.0670061	0	-1.05e+06	0	-1.50184	
447	0.000138469	0.0671445	0	-1.05e+06	0	-1.50482	
448	0.000138546	0.067283	0	-1.05e+06	0	-1.50778	
449	0.000138625	0.0674215	0	-1.05e+06	0	-1.51073	
450	0.000138706	0.0675602	0	-1.05e+06	0	-1.51367	
451	0.000138789	0.0676989	0	-1.05e+06	0	-1.51659	
452	0.000138874	0.0678377	0	-1.05e+06	0	-1.5195	
453	0.00013896	0.0679765	0	-1.05e+06	0	-1.52239	
454	0.000139028	0.0681155	0	-1.05e+06	0	-1.52527	
455	0.000139084	0.0682545	0	-1.05e+06	0	-1.52814	
456	0.000139146	0.0683936	0	-1.05e+06	0	-1.53099	
457	0.000139215	0.0685328	0	-1.05e+06	0	-1.53383	
458	0.000139289	0.068672	0	-1.05e+06	0	-1.53665	
459	0.000139322	0.0688113	0	-1.05e+06	0	-1.53946	
460	0.000139302	0.0689506	0	-1.05e+06	0	-1.54225	
461	0.000139285	0.0690899	0	-1.05e+06	0	-1.54503	
462	0.000139272	0.0692292	0	-1.05e+06	0	-1.54778	
463	0.000139262	0.0693684	0	-1.05e+06	0	-1.55053	
464	0.000139256	0.0695077	0	-1.05e+06	0	-1.55325	
465	0.000139256	0.069647	0	-1.05e+06	0	-1.55596	
466	0.00013926	0.0697862	0	-1.05e+06	0	-1.55865	
467	0.000139269	0.0699255	0	-1.05e+06	0	-1.56133	
468	0.000139284	0.0700647	0	-1.05e+06	0	-1.56399	
469	0.000139304	0.070204	0	-1.05e+06	0	-1.56663	
470	0.000139329	0.0703433	0	-1.05e+06	0	-1.56926	
471	0.000139359	0.0704827	0	-1.05e+06	0	-1.57188	
472	0.000139395	0.070622	0	-1.05e+06	0	-1.57447	
473	0.000139434	0.0707614	0	-1.05e+06	0	-1.57705	
474	0.000139478	0.0709008	0	-1.05e+06	0	-1.57962	
475	0.000139526	0.0710403	0	-1.05e+06	0	-1.58217	
476	0.000139576	0.0711799	0	-1.05e+06	0	-1.5847	
477	0.000139549	0.0713194	0	-1.05e+06	0	-1.58722	
478	0.000139518	0.071459	0	-1.05e+06	0	-1.58971	
479	0.000139491	0.0715985	0	-1.05e+06	0	-1.5922	
480	0.000139469	0.071738	0	-1.05e+06	0	-1.59466	
481	0.000139452	0.0718775	0	-1.05e+06	0	-1.59711	
482	0.00013944	0.0720169	0	-1.05e+06	0	-1.59954	
483	0.000139434	0.0721563	0	-1.05e+06	0	-1.60195	
484	0.000139434	0.0722958	0	-1.05e+06	0	-1.60435	
485	0.00013944	0.0724352	0	-1.05e+06	0	-1.60673	
486	0.000139452	0.0725747	0	-1.05e+06	0	-1.6091	
487	0.00013947	0.0727141	0	-1.05e+06	0	-1.61144	
488	0.000139494	0.0728536	0	-1.05e+06	0	-1.61378	
489	0.000139524	0.0729931	0	-1.05e+06	0	-1.61609	
490	0.000139559	0.0731326	0	-1.05e+06	0	-1.61839	
491	0.000139598	0.0732722	0	-1.05e+06	0	-1.62068	
492	0.000139641	0.0734117	0	-1.05e+06	0	-1.62294	
493	0.000139688	0.0735514	0	-1.05e+06	0	-1.6252	
494	0.000139738	0.0736911	0	-1.05e+06	0	-1.62743	
495	0.000139789	0.0738308	0	-1.05e+06	0	-1.62965	
496	0.000139841	0.0739706	0	-1.05e+06	0	-1.63186	
497	0.000139893	0.0741104	0	-1.05e+06	0	-1.63405	
498	0.000139869	0.0742503	0	-1.05e+06	0	-1.63622	
499	0.000139846	0.0743902	0	-1.05e+06	0	-1.63838	
500	0.000139824	0.0745301	0	-1.05e+06	0	-1.64052	
501	0.000139803	0.0746699	0	-1.05e+06	0	-1.64264	
502	0.000139783	0.0748097	0	-1.05e+06	0	-1.64475	
503	0.000139766	0.0749495	0	-1.05e+06	0	-1.64684	
504	0.000139751	0.0750892	0	-1.05e+06	0	-1.64891	
505	0.000139739	0.075229	0	-1.05e+06	0	-1.65097	
506	0.00013973	0.0753687	0	-1.05e+06	0	-1.65301	
507	0.000139724	0.0755085	0	-1.05e+06	0	-1.65504	
508	0.000139663	0.0756482	0	-1.05e+06	0	-1.65705	
509	0.000139536	0.0757878	0	-1.05e+06	0	-1.65904	
510	0.000139418	0.0759274	0	-1.05e+06	0	-1.66101	
511	0.000139308	0.0760668	0	-1.05e+06	0	-1.66297	
512	0.000139207	0.0762061	0	-1.05e+06	0	-1.66491	
513	0.000139115	0.0763453	0	-1.05e+06	0	-1.66683	
514	0.000139033	0.0764844	0	-1.05e+06	0	-1.66874	
515	0.00013896	0.0766235	0	-1.05e+06	0	-1.67063	
516	0.000138896	0.0767624	0	-1.05e+06	0	-1.6725	
517	0.000138842	0.0769013	0	-1.05e+06	0	-1.67436	
518	0.000138797	0.0770402	0	-1.05e+06	0	-1.6762	
519	0.00013876	0.077179	0	-1.05e+06	0	-1.67802	
520	0.000138731	0.0773177	0	-1.05e+06	0	-1.67983	
521	0.00013871	0.0774564	0	-1.05e+06	0	-1.68163	
522	0.000138695	0.0775952	0	-1.05e+06	0	-1.68341	
523	0.000138686	0.0777338	0	-1.05e+06	0	-1.68517	
524	0.000138681	0.0778725	0	-1.05e+06	0	-1.68692	
525	0.000138681	0.0780112	0	-1.05e+06	0	-1.68865	
526	0.000138684	0.0781499	0	-1.05e+06	0	-1.69037	
527	0.000138689	0.0782886	0	-1.05e+06	0	-1.69208	
528	0.000138687	0.0784273	0	-1.05e+06	0	-1.69376	
529	0.000138647	0.078566	0	-1.05e+06	0	-1.69544	
530	0.000138591	0.0787046	0	-1.05e+06	0	-1.69709	
531	0.000138515	0.0788432	0	-1.05e+06	0	-1.69874	
532	0.000138432	0.0789817	0	-1.05e+06	0	-1.70036	
533	0.000138357	0.0791201	0	-1.05e+06	0	-1.70197	
534	0.000138289	0.0792585	0	-1.05e+06	0	-1.70357	
535	0.00013823	0.0793968	0	-1.05e+06	0	-1.70515	
536	0.000138178	0.079535	0	-1.05e+06	0	-1.70671	
537	0.000138125	0.0796732	0	-1.05e+06	0	-1.70826	
538	0.000138076	0.0798113	0	-1.05e+06	0	-1.70979	
539	0.000138032	0.0799494	0	-1.05e+06	0	-1.71131	
540	0.000137994	0.0800874	0	-1.05e+06	0	-1.71281	
541	0.00013796	0.0802254	0	-1.05e+06	0	-1.7143	
542	0.000137932	0.0803634	0	-1.05e+06	0	-1.71577	
543	0.000137908	0.0805013	0	-1.05e+06	0	-1.71723	
544	0.000137876	0.0806392	0	-1.05e+06	0	-1.71867	
545	0.00013782	0.0807771	0	-1.05e+06	0	-1.7201	
546	0.000137767	0.0809149	0	-1.05e+06	0	-1.72151	
547	0.000137716	0.0810527	0	-1.05e+06	0	-1.72291	
548	0.000137669	0.0811904	0	-1.05e+06	0	-1.7243	
549	0.000137624	0.0813281	0	-1.05e+06	0	-1.72566	
550	0.000137584	0.0814657	0	-1.05e+06	0	-1.72702	
551	0.000137548	0.0816033	0	-1.05e+06	0	-1.72835	
552	0.000137516	0.0817408	0	-1.05e+06	0	-1.72968	
553	0.000137488	0.0818783	0	-1.05e+06	0	-1.73098	
554	0.000137465	0.0820158	0	-1.05e+06	0	-1.73228	
555	0.000137447	0.0821533	0	-1.05e+06	0	-1.73356	
556	0.000137434	0.0822907	0	-1.05e+06	0	-1.73482	
557	0.000137425	0.0824282	0	-1.05e+06	0	-1.73607	
558	0.000137422	0.0825656	0	-1.05e+06	0	-1.7373	
559	0.000137424	0.082703	0	-1.05e+06	0	-1.73852	
560	0.00013743	0.0828404	0	-1.05e+06	0	-1.73973	
561	0.000137441	0.0829779	0	-1.05e+06	0	-1.74092	
562	0.000137457	0.0831153	0	-1.05e+06	0	-1.74209	
563	0.000137475	0.0832528	0	-1.05e+06	0	-1.74325	
564	0.000137499	0.0833902	0	-1.05e+06	0	-1.7444	
565	0.000137528	0.0835277	0	-1.05e+06	0	-1.74553	
566	0.000137559	0.0836653	0	-1.05e+06	0	-1.74665	
567	0.000137593	0.0838028	0	-1.05e+06	0	-1.74775	
568	0.000137629	0.0839404	0	-1.05e+06	0	-1.74884	
569	0.000137668	0.0840781	0	-1.05e+06	0	-1.74992	
570	0.000137709	0.0842157	0	-1.05e+06	0	-1.75098	
571	0.00013775	0.0843534	0	-1.05e+06	0	-1.75202	
572	0.000137793	0.0844912	0	-1.05e+06	0	-1.75305	
573	0.000137836	0.084629	0	-1.05e+06	0	-1.75407	
574	0.000137851	0.0847668	0	-1.05e+06	0	-1.75507	
575	0.000137783	0.0849047	0	-1.05e+06	0	-1.75605	
576	0.000137717	0.0850424	0	-1.05e+06	0	-1.75702	
577	0.000137655	0.0851802	0	-1.05e+06	0	-1.75798	
578	0.000137597	0.0853178	0	-1.05e+06	0	-1.75891	
579	0.000137544	0.0854554	0	-1.05e+06	0	-1.75984	
580	0.000137497	0.085593	0	-1.05e+06	0	-1.76075	
581	0.000137458	0.0857305	0	-1.05e+06	0	-1.76164	
582	0.000137426	0.0858679	0	-1.05e+06	0	-1.76251	
583	0.000137402	0.0860053	0	-1.05e+06	0	-1.76338	
584	0.000137387	0.0861427	0	-1.05e+06	0	-1.76422	
585	0.000137381	0.0862801	0	-1.05e+06	0	-1.76505	
586	0.000137385	0.0864175	0	-1.05e+06	0	-1.76587	
587	0.000137398	0.0865549	0	-1.05e+06	0	-1.76667	
588	0.00013742	0.0866923	0	-1.05e+06	0	-1.76746	
589	0.000137452	0.0868297	0	-1.05e+06	0	-1.76823	
590	0.000137493	0.0869672	0	-1.05e+06	0	-1.76898	
591	0.000137542	0.0871047	0	-1.05e+06	0	-1.76973	
592	0.0001376	0.0872422	0	-1.05e+06	0	-1.77045	
593	0.000137664	0.0873798	0	-1.05e+06	0	-1.77116	
594	0.000137736	0.0875175	0	-1.05e+06	0	-1.77186	
595	0.000137813	0.0876552	0	-1.05e+06	0	-1.77254	
596	0.000137896	0.087793	0	-1.05e+06	0	-1.7732	
597	0.000137982	0.0879309	0	-1.05e+06	0	-1.77385	
598	0.000138033	0.0880689	0	-1.05e+06	0	-1.77449	
599	0.000138037	0.0882069	0	-1.05e+06	0	-1.77511	
600	0.000138041	0.088345	0	-1.05e+06	0	-1.77571	
601	0.000138045	0.088483	0	-1.05e+06	0	-1.7763	
602	0.000138033	0.088621	0	-1.05e+06	0	-1.77687	
603	0.000138011	0.0887591	0	-1.05e+06	0	-1.77743	
604	0.000137961	0.0888971	0	-1.05e+06	0	-1.77797	
605	0.000137908	0.0890351	0	-1.05e+06	0	-1.7785	
606	0.000137859	0.089173	0	-1.05e+06	0	-1.77901	
607	0.000137814	0.0893108	0	-1.05e+06	0	-1.7795	
608	0.000137775	0.0894486	0	-1.05e+06	0	-1.77998	
609	0.000137741	0.0895864	0	-1.05e+06	0	-1.78044	
610	0.000137713	0.0897241	0	-1.05e+06	0	-1.78089	
611	0.000137692	0.0898619	0	-1.05e+06	0	-1.78132	
612	0.000137678	0.0899996	0	-1.05e+06	0	-1.78173	
613	0.000137671	0.0901372	0	-1.05e+06	0	-1.78213	
614	0.000137672	0.0902749	0	-1.05e+06	0	-1.78251	
615	0.000137681	0.0904126	0	-1.05e+06	0	-1.78288	
616	0.000137697	0.0905503	0	-1.05e+06	0	-1.78323	
617	0.000137721	0.090688	0	-1.05e+06	0	-1.78357	
618	0.000137752	0.0908257	0	-1.05e+06	0	-1.78389	
619	0.00013779	0.0909634	0	-1.05e+06	0	-1.78419	
620	0.000137835	0.0911012	0	-1.05e+06	0	-1.78448	
621	0.000137886	0.091239	0	-1.05e+06	0	-1.78475	
622	0.000137943	0.0913769	0	-1.05e+06	0	-1.78501	
623	0.000138005	0.0915149	0	-1.05e+06	0	-1.78525	
624	0.000138055	0.0916529	0	-1.05e+06	0	-1.78547	
625	0.000138098	0.0917909	0	-1.05e+06	0	-1.78568	
626	0.000138144	0.091929	0	-1.05e+06	0	-1.78587	
627	0.000138192	0.0920672	0	-1.05e+06	0	-1.78605	
628	0.000138241	0.0922054	0	-1.05e+06	0	-1.78621	
629	0.000138291	0.0923436	0	-1.05e+06	0	-1.78635	
630	0.000138342	0.0924819	0	-1.05e+06	0	-1.78648	
631	0.000138392	0.0926202	0	-1.05e+06	0	-1.78659	
632	0.000138438	0.0927586	0	-1.05e+06	0	-1.78669	
633	0.000138438	0.0928971	0	-1.05e+06	0	-1.78677	
634	0.000138442	0.0930355	0	-1.05e+06	0	-1.78683	
635	0.000138452	0.093174	0	-1.05e+06	0	-1.78687	
636	0.000138468	0.0933124	0	-1.05e+06	0	-1.7869	
637	0.000138489	0.0934509	0	-1.05e+06	0	-1.78691	
638	0.000138515	0.0935894	0	-1.05e+06	0	-1.78691	
639	0.000138547	0.0937279	0	-1.05e+06	0	-1.78689	
640	0.000138583	0.0938664	0	-1.05e+06	0	-1.78685	
641	0.000138625	0.094005	0	-1.05e+06	0	-1.7868	
642	0.00013867	0.0941436	0	-1.05e+06	0	-1.78673	
643	0.00013872	0.0942823	0	-1.05e+06	0	-1.78664	
644	0.000138772	0.094421	0	-1.05e+06	0	-1.78653	
645	0.000138826	0.0945598	0	-1.05e+06	0	-1.78641	
646	0.000138862	0.0946986	0	-1.05e+06	0	-1.78627	
647	0.000138868	0.0948375	0	-1.05e+06	0	-1.78612	
648	0.000138872	0.0949764	0	-1.05e+06	0	-1.78594	
649	0.000138872	0.0951152	0	-1.05e+06	0	-1.78575	
650	0.000138867	0.0952541	0	-1.05e+06	0	-1.78554	
651	0.000138864	0.095393	0	-1.05e+06	0	-1.78532	
652	0.000138861	0.0955318	0	-1.05e+06	0	-1.78508	
653	0.000138859	0.0956707	0	-1.05e+06	0	-1.78482	
654	0.000138856	0.0958095	0	-1.05e+06	0	-1.78454	
655	0.000138849	0.0959484	0	-1.05e+06	0	-1.78425	
656	0.000138843	0.0960873	0	-1.05e+06	0	-1.78394	
657	0.000138837	0.0962261	0	-1.05e+06	0	-1.78361	
658	0.000138823	0.0963649	0	-1.05e+06	0	-1.78326	
659	0.000138803	0.0965038	0	-1.05e+06	0	-1.7829	
660	0.000138784	0.0966426	0	-1.05e+06	0	-1.78252	
661	0.000138768	0.0967813	0	-1.05e+06	0	-1.78212	
662	0.000138754	0.0969201	0	-1.05e+06	0	-1.7817	
663	0.000138743	0.0970589	0	-1.05e+06	0	-1.78127	
664	0.000138733	0.0971976	0	-1.05e+06	0	-1.78082	
665	0.000138725	0.0973363	0	-1.05e+06	0	-1.78035	
666	0.000138718	0.0974751	0	-1.05e+06	0	-1.77986	
667	0.000138709	0.0976138	0	-1.05e+06	0	-1.77936	
668	0.000138685	0.0977525	0	-1.05e+06	0	-1.77883	
669	0.000138662	0.0978912	0	-1.05e+06	0	-1.77829	
670	0.00013864	0.0980298	0	-1.05e+06	0	-1.77773	
671	0.000138619	0.0981685	0	-1.05e+06	0	-1.77716	
672	0.000138598	0.0983071	0	-1.05e+06	0	-1.77657	
673	0.000138578	0.0984457	0	-1.05e+06	0	-1.77595	
674	0.000138557	0.0985843	0	-1.05e+06	0	-1.77532	
675	0.000138535	0.0987228	0	-1.05e+06	0	-1.77468	
676	0.000138508	0.0988614	0	-1.05e+06	0	-1.77401	
677	0.00013847	0.0989999	0	-1.05e+06	0	-1.77333	
678	0.00013843	0.0991383	0	-1.05e+06	0	-1.77263	
679	0.000138388	0.0992768	0	-1.05e+06	0	-1.77191	
680	0.000138344	0.0994152	0	-1.05e+06	0	-1.77117	
681	0.000138282	0.0995535	0	-1.05e+06	0	-1.77042	
682	0.000138219	0.0996918	0	-1.05e+06	0	-1.76965	
683	0.000138156	0.09983	0	-1.05e+06	0	-1.76886	
684	0.000138093	0.0999682	0	-1.05e+06	0	-1.76805	
685	0.000138029	0.100106	0	-1.05e+06	0	-1.76723	
686	0.000137966	0.100244	0	-1.05e+06	0	-1.76638	
687	0.000137903	0.100382	0	-1.05e+06	0	-1.76552	
688	0.000137839	0.10052	0	-1.05e+06	0	-1.76464	
689	0.000137774	0.100658	0	-1.05e+06	0	-1.76375	
690	0.000137709	0.100796	0	-1.05e+06	0	-1.76283	
691	0.000137644	0.100933	0	-1.05e+06	0	-1.7619	
692	0.000137577	0.101071	0	-1.05e+06	0	-1.76095	
693	0.000137509	0.101209	0	-1.05e+06	0	-1.75999	
694	0.00013744	0.101346	0	-1.05e+06	0	-1.759	
695	0.000137369	0.101484	0	-1.05e+06	0	-1.758	
696	0.000137297	0.101621	0	-1.05e+06	0	-1.75698	
697	0.000137217	0.101758	0	-1.05e+06	0	-1.75595	
698	0.000137129	0.101896	0	-1.05e+06	0	-1.75489	
699	0.000137039	0.102033	0	-1.05e+06	0	-1.75382	
700	0.000136947	0.10217	0	-1.05e+06	0	-1.75273	
701	0.000136854	0.102307	0	-1.05e+06	0	-1.75163	
702	0.00013676	0.102443	0	-1.05e+06	0	-1.75051	
703	0.000136664	0.10258	0	-1.05e+06	0	-1.74937	
704	0.000136568	0.102717	0	-1.05e+06	0	-1.74821	
705	0.000136471	0.102853	0	-1.05e+06	0	-1.74703	
706	0.000136373	0.10299	0	-1.05e+06	0	-1.74584	
707	0.000136275	0.103126	0	-1.05e+06	0	-1.74464	
708	0.000136177	0.103263	0	-1.05e+06	0	-1.74341	
709	0.000136079	0.103399	0	-1.05e+06	0	-1.74217	
710	0.000135981	0.103535	0	-1.05e+06	0	-1.74091	
711	0.000135884	0.103671	0	-1.05e+06	0	-1.73964	
712	0.000135787	0.103807	0	-1.05e+06	0	-1.73834	
713	0.000135692	0.103943	0	-1.05e+06	0	-1.73704	
714	0.000135597	0.104078	0	-1.05e+06	0	-1.73571	
715	0.000135504	0.104214	0	-1.05e+06	0	-1.73437	
716	0.000135413	0.104349	0	-1.05e+06	0	-1.73301	
717	0.000135323	0.104485	0	-1.05e+06	0	-1.73164	
718	0.000135222	0.10462	0	-1.05e+06	0	-1.73024	
719	0.000135123	0.104755	0	-1.05e+06	0	-1.72884	
720	0.000135026	0.10489	0	-1.05e+06	0	-1.72741	
721	0.000134931	0.105025	0	-1.05e+06	0	-1.72597	
722	0.000134839	0.10516	0	-1.05e+06	0	-1.72451	
723	0.000134749	0.105295	0	-1.05e+06	0	-1.72304	
724	0.000134662	0.10543	0	-1.05e+06	0	-1.72155	
725	0.000134577	0.105565	0	-1.05e+06	0	-1.72005	
726	0.000134496	0.105699	0	-1.05e+06	0	-1.71852	
727	0.000134418	0.105834	0	-1.05e+06	0	-1.71699	
728	0.000134343	0.105968	0	-1.05e+06	0	-1.71543	
729	0.000134271	0.106102	0	-1.05e+06	0	-1.71386	
730	0.000134203	0.106237	0	-1.05e+06	0	-1.71228	
731	0.000134138	0.106371	0	-1.05e+06	0	-1.71067	
732	0.000134078	0.106505	0	-1.05e+06	0	-1.70905	
733	0.00013402	0.106639	0	-1.05e+06	0	-1.70742	
734	0.000133967	0.106773	0	-1.05e+06	0	-1.70577	
735	0.000133917	0.106907	0	-1.05e+06	0	-1.7041	
736	0.000133872	0.107041	0	-1.05e+06	0	-1.70242	
737	0.00013383	0.107175	0	-1.05e+06	0	-1.70072	
738	0.000133792	0.107309	0	-1.05e+06	0	-1.699	
739	0.000133758	0.107443	0	-1.05e+06	0	-1.69727	
740	0.000133728	0.107576	0	-1.05e+06	0	-1.69552	
741	0.000133685	0.10771	0	-1.05e+06	0	-1.69376	
742	0.000133646	0.107844	0	-1.05e+06	0	-1.69197	
743	0.00013361	0.107977	0	-1.05e+06	0	-1.69018	
744	0.000133578	0.108111	0	-1.05e+06	0	-1.68837	
745	0.000133549	0.108245	0	-1.05e+06	0	-1.68654	
746	0.000133524	0.108378	0	-1.05e+06	0	-1.68469	
747	0.000133503	0.108512	0	-1.05e+06	0	-1.68283	
748	0.000133485	0.108645	0	-1.05e+06	0	-1.68096	
749	0.00013347	0.108779	0	-1.05e+06	0	-1.67906	
750	0.000133458	0.108912	0	-1.05e+06	0	-1.67715	
751	0.000133449	0.109046	0	-1.05e+06	0	-1.67523	
752	0.000133444	0.109179	0	-1.05e+06	0	-1.67329	
753	0.000133441	0.109312	0	-1.05e+06	0	-1.67133	
754	0.000133441	0.109446	0	-1.05e+06	0	-1.66936	
755	0.000133444	0.109579	0	-1.05e+06	0	-1.66737	
756	0.000133449	0.109713	0	-1.05e+06	0	-1.66536	
757	0.000133457	0.109846	0	-1.05e+06	0	-1.66334	
758	0.000133467	0.10998	0	-1.05e+06	0	-1.6613	
759	0.00013348	0.110113	0	-1.05e+06	0	-1.65925	
760	0.000133494	0.110247	0	-1.05e+06	0	-1.65718	
761	0.000133511	0.11038	0	-1.05e+06	0	-1.65509	
762	0.000133521	0.110514	0	-1.05e+06	0	-1.65299	
763	0.000133533	0.110647	0	-1.05e+06	0	-1.65087	
764	0.000133547	0.110781	0	-1.05e+06	0	-1.64874	
765	0.000133563	0.110914	0	-1.05e+06	0	-1.64659	
766	0.000133582	0.111048	0	-1.05e+06	0	-1.64443	
767	0.000133602	0.111181	0	-1.05e+06	0	-1.64224	
768	0.000133624	0.111315	0	-1.05e+06	0	-1.64005	
769	0.000133649	0.111449	0	-1.05e+06	0	-1.63783	
770	0.000133674	0.111582	0	-1.05e+06	0	-1.6356	
771	0.000133702	0.111716	0	-1.05e+06	0	-1.63336	
772	0.000133731	0.11185	0	-1.05e+06	0	-1.6311	
773	0.000133762	0.111983	0	-1.05e+06	0	-1.62882	
774	0.000133793	0.112117	0	-1.05e+06	0	-1.62653	
775	0.000133827	0.112251	0	-1.05e+06	0	-1.62422	
776	0.000133861	0.112385	0	-1.05e+06	0	-1.62189	
777	0.000133897	0.112519	0	-1.05e+06	0	-1.61955	
778	0.000133933	0.112652	0	-1.05e+06	0	-1.61719	
779	0.000133971	0.112786	0	-1.05e+06	0	-1.61482	
780	0.000134009	0.11292	0	-1.05e+06	0	-1.61243	
781	0.000134048	0.113054	0	-1.05e+06	0	-1.61003	
782	0.000134088	0.113188	0	-1.05e+06	0	-1.60761	
783	0.000134128	0.113323	0	-1.05e+06	0	-1.60517	
784	0.000134169	0.113457	0	-1.05e+06	0	-1.60272	
785	0.00013421	0.113591	0	-1.05e+06	0	-1.60025	
786	0.000134252	0.113725	0	-1.05e+06	0	-1.59777	
787	0.000134294	0.113859	0	-1.05e+06	0	-1.59527	
788	0.000134335	0.113994	0	-1.05e+06	0	-1.59275	
789	0.000134378	0.114128	0	-1.05e+06	0	-1.59022	
790	0.00013442	0.114262	0	-1.05e+06	0	-1.58768	
791	0.000134462	0.114397	0	-1.05e+06	0	-1.58512	
792	0.000134502	0.114531	0	-1.05e+06	0	-1.58254	
793	0.000134542	0.114666	0	-1.05e+06	0	-1.57995	
794	0.000134583	0.1148	0	-1.05e+06	0	-1.57734	
795	0.000134626	0.114935	0	-1.05e+06	0	-1.57472	
796	0.000134671	0.115069	0	-1.05e+06	0	-1.57208	
797	0.000134715	0.115204	0	-1.05e+06	0	-1.56942	
798	0.000134757	0.115339	0	-1.05e+06	0	-1.56675	
799	0.0001348	0.115474	0	-1.05e+06	0	-1.56407	
800	0.000134842	0.115608	0	-1.05e+06	0	-1.56137	
801	0.000134885	0.115743	0	-1.05e+06	0	-1.55866	
802	0.000134927	0.115878	0	-1.05e+06	0	-1.55593	
803	0.000134971	0.116013	0	-1.05e+06	0	-1.55318	
804	0.000135014	0.116148	0	-1.05e+06	0	-1.55042	
805	0.000135058	0.116283	0	-1.05e+06	0	-1.54765	
806	0.000135103	0.116418	0	-1.05e+06	0	-1.54486	
807	0.000135148	0.116553	0	-1.05e+06	0	-1.54205	
808	0.000135195	0.116688	0	-1.05e+06	0	-1.53923	
809	0.000135242	0.116823	0	-1.05e+06	0	-1.5364	
810	0.000135291	0.116959	0	-1.05e+06	0	-1.53355	
811	0.00013534	0.117094	0	-1.05e+06	0	-1.53068	
812	0.000135391	0.117229	0	-1.05e+06	0	-1.5278	
813	0.000135444	0.117365	0	-1.05e+06	0	-1.52491	
814	0.000135498	0.1175	0	-1.05e+06	0	-1.522	
815	0.000135554	0.117636	0	-1.05e+06	0	-1.51908	
816	0.000135612	0.117771	0	-1.05e+06	0	-1.51614	
817	0.000135672	0.117907	0	-1.05e+06	0	-1.51318	
818	0.000135734	0.118043	0	-1.05e+06	0	-1.51022	
819	0.000135798	0.118178	0	-1.05e+06	0	-1.50723	
820	0.000135865	0.118314	0	-1.05e+06	0	-1.50424	
821	0.000135934	0.11845	0	-1.05e+06	0	-1.50122	
822	0.000136006	0.118586	0	-1.05e+06	0	-1.4982	
823	0.00013608	0.118722	0	-1.05e+06	0	-1.49515	
824	0.000136157	0.118858	0	-1.05e+06	0	-1.4921	
825	0.000136236	0.118994	0	-1.05e+06	0	-1.48903	
826	0.000136319	0.11913	0	-1.05e+06	0	-1.48594	
827	0.000136404	0.119267	0	-1.05e+06	0	-1.48284	
828	0.000136492	0.119403	0	-1.05e+06	0	-1.47972	
829	0.000136582	0.11954	0	-1.05e+06	0	-1.47659	
830	0.000136675	0.119676	0	-1.05e+06	0	-1.47344	
831	0.000136771	0.119813	0	-1.05e+06	0	-1.47028	
832	0.00013687	0.11995	0	-1.05e+06	0	-1.46711	
833	0.000136971	0.120086	0	-1.05e+06	0	-1.46392	
834	0.000137075	0.120223	0	-1.05e+06	0	-1.46071	
835	0.000137181	0.120361	0	-1.05e+06	0	-1.45749	
836	0.000137289	0.120498	0	-1.05e+06	0	-1.45425	
837	0.0001374	0.120635	0	-1.05e+06	0	-1.451	
838	0.000137513	0.120772	0	-1.05e+06	0	-1.44773	
839	0.000137627	0.12091	0	-1.05e+06	0	-1.44445	
840	0.000137743	0.121048	0	-1.05e+06	0	-1.44115	
841	0.000137861	0.121185	0	-1.05e+06	0	-1.43784	
842	0.000137981	0.121323	0	-1.05e+06	0	-1.43451	
843	0.000138093	0.121461	0	-1.05e+06	0	-1.43117	
844	0.000138202	0.121599	0	-1.05e+06	0	-1.42782	
845	0.000138314	0.121737	0	-1.05e+06	0	-1.42444	
846	0.000138427	0.121876	0	-1.05e+06	0	-1.42106	
847	0.000138541	0.122014	0	-1.05e+06	0	-1.41766	
848	0.000138656	0.122153	0	-1.05e+06	0	-1.41424	
849	0.000138772	0.122291	0	-1.05e+06	0	-1.41081	
850	0.000138889	0.12243	0	-1.05e+06	0	-1.40737	
851	0.000139007	0.122569	0	-1.05e+06	0	-1.40391	
852	0.000139125	0.122708	0	-1.05e+06	0	-1.40043	
853	0.000139244	0.122847	0	-1.05e+06	0	-1.39694	
854	0.000139363	0.122986	0	-1.05e+06	0	-1.39344	
855	0.000139482	0.123126	0	-1.05e+06	0	-1.38992	
856	0.000139601	0.123265	0	-1.05e+06	0	-1.38639	
857	0.000139719	0.123405	0	-1.05e+06	0	-1.38284	
858	0.000139833	0.123545	0	-1.05e+06	0	-1.37928	
859	0.000139938	0.123684	0	-1.05e+06	0	-1.3757	
860	0.000140043	0.123824	0	-1.05e+06	0	-1.37211	
861	0.000140148	0.123964	0	-1.05e+06	0	-1.36851	
862	0.000140253	0.124104	0	-1.05e+06	0	-1.36489	
863	0.000140358	0.124245	0	-1.05e+06	0	-1.36126	
864	0.000140463	0.124385	0	-1.05e+06	0	-1.35762	
865	0.000140569	0.124526	0	-1.05e+06	0	-1.35396	
866	0.000140674	0.124666	0	-1.05e+06	0	-1.35029	
867	0.00014078	0.124807	0	-1.05e+06	0	-1.3466	
868	0.000140881	0.124948	0	-1.05e+06	0	-1.34291	
869	0.000140981	0.125088	0	-1.05e+06	0	-1.3392	
870	0.000141082	0.125229	0	-1.05e+06	0	-1.33547	
871	0.000141184	0.125371	0	-1.05e+06	0	-1.33173	
872	0.000141287	0.125512	0	-1.05e+06	0	-1.32798	
873	0.00014139	0.125653	0	-1.05e+06	0	-1.32422	
874	0.000141495	0.125794	0	-1.05e+06	0	-1.32044	
875	0.0001416	0.125936	0	-1.05e+06	0	-1.31665	
876	0.000141705	0.126077	0	-1.05e+06	0	-1.31285	
877	0.00014181	0.126219	0	-1.05e+06	0	-1.30904	
878	0.000141915	0.126361	0	-1.05e+06	0	-1.30521	
879	0.000142019	0.126503	0	-1.05e+06	0	-1.30137	
880	0.000142122	0.126645	0	-1.05e+06	0	-1.29752	
881	0.000142224	0.126787	0	-1.05e+06	0	-1.29365	
882	0.000142325	0.126929	0	-1.05e+06	0	-1.28978	
883	0.000142424	0.127072	0	-1.05e+06	0	-1.28589	
884	0.000142522	0.127214	0	-1.05e+06	0	-1.28199	
885	0.000142617	0.127357	0	-1.05e+06	0	-1.27807	
886	0.000142709	0.127499	0	-1.05e+06	0	-1.27415	
887	0.000142786	0.127642	0	-1.05e+06	0	-1.27021	
888	0.000142835	0.127785	0	-1.05e+06	0	-1.26627	
889	0.000142885	0.127928	0	-1.05e+06	0	-1.26231	
890	0.000142934	0.12807	0	-1.05e+06	0	-1.25835	
891	0.000142963	0.128213	0	-1.05e+06	0	-1.25437	
892	0.000142992	0.128356	0	-1.05e+06	0	-1.25039	
893	0.000143022	0.128499	0	-1.05e+06	0	-1.24639	
894	0.000143054	0.128642	0	-1.05e+06	0	-1.24239	
895	0.000143086	0.128785	0	-1.05e+06	0	-1.23838	
896	0.00014312	0.128928	0	-1.05e+06	0	-1.23436	
897	0.000143154	0.129072	0	-1.05e+06	0	-1.23033	
898	0.00014319	0.129215	0	-1.05e+06	0	-1.22629	
899	0.000143226	0.129358	0	-1.05e+06	0	-1.22224	
900	0.000143263	0.129501	0	-1.05e+06	0	-1.21818	
901	0.0001433	0.129644	0	-1.05e+06	0	-1.21412	
902	0.000143338	0.129788	0	-1.05e+06	0	-1.21004	
903	0.000143376	0.129931	0	-1.05e+06	0	-1.20596	
904	0.000143414	0.130074	0	-1.05e+06	0	-1.20187	
905	0.000143452	0.130218	0	-1.05e+06	0	-1.19777	
906	0.000143489	0.130361	0	-1.05e+06	0	-1.19366	
907	0.000143526	0.130505	0	-1.05e+06	0	-1.18955	
908	0.000143561	0.130648	0	-1.05e+06	0	-1.18543	
909	0.000143596	0.130792	0	-1.05e+06	0	-1.18129	
910	0.000143628	0.130935	0	-1.05e+06	0	-1.17716	
911	0.00014366	0.131079	0	-1.05e+06	0	-1.17301	
912	0.000143689	0.131223	0	-1.05e+06	0	-1.16886	
913	0.000143716	0.131366	0	-1.05e+06	0	-1.1647	
914	0.000143734	0.13151	0	-1.05e+06	0	-1.16053	
915	0.000143744	0.131654	0	-1.05e+06	0	-1.15636	
916	0.000143748	0.131798	0	-1.05e+06	0	-1.15218	
917	0.000143743	0.131941	0	-1.05e+06	0	-1.14799	
918	0.000143736	0.132085	0	-1.05e+06	0	-1.1438	
919	0.000143727	0.132229	0	-1.05e+06	0	-1.1396	
920	0.000143716	0.132373	0	-1.05e+06	0	-1.1354	
921	0.000143703	0.132516	0	-1.05e+06	0	-1.1312	
922	0.000143688	0.13266	0	-1.05e+06	0	-1.12698	
923	0.000143672	0.132804	0	-1.05e+06	0	-1.12277	
924	0.000143654	0.132947	0	-1.05e+06	0	-1.11855	
925	0.000143635	0.133091	0	-1.05e+06	0	-1.11432	
926	0.000143615	0.133235	0	-1.05e+06	0	-1.11009	
927	0.000143593	0.133378	0	-1.05e+06	0	-1.10586	
928	0.00014357	0.133522	0	-1.05e+06	0	-1.10162	
929	0.000143547	0.133665	0	-1.05e+06	0	-1.09737	
930	0.000143517	0.133809	0	-1.05e+06	0	-1.09313	
931	0.000143462	0.133952	0	-1.05e+06	0	-1.08888	
932	0.000143408	0.134096	0	-1.05e+06	0	-1.08463	
933	0.000143354	0.134239	0	-1.05e+06	0	-1.08037	
934	0.000143299	0.134383	0	-1.05e+06	0	-1.07611	
935	0.000143245	0.134526	0	-1.05e+06	0	-1.07185	
936	0.000143191	0.134669	0	-1.05e+06	0	-1.06759	
937	0.000143137	0.134812	0	-1.05e+06	0	-1.06333	
938	0.000143083	0.134956	0	-1.05e+06	0	-1.05906	
939	0.000143029	0.135099	0	-1.05e+06	0	-1.05479	
940	0.000142975	0.135242	0	-1.05e+06	0	-1.05052	
941	0.000142921	0.135385	0	-1.05e+06	0	-1.04625	
942	0.000142866	0.135528	0	-1.05e+06	0	-1.04197	
943	0.000142811	0.13567	0	-1.05e+06	0	-1.0377	
944	0.000142756	0.135813	0	-1.05e+06	0	-1.03342	
945	0.0001427	0.135956	0	-1.05e+06	0	-1.02914	
946	0.000142644	0.136099	0	-1.05e+06	0	-1.02486	
947	0.000142569	0.136241	0	-1.05e+06	0	-1.02057	
948	0.000142493	0.136384	0	-1.05e+06	0	-1.01629	
949	0.000142417	0.136526	0	-1.05e+06	0	-1.01201	
950	0.000142342	0.136669	0	-1.05e+06	0	-1.00772	
951	0.000142268	0.136811	0	-1.05e+06	0	-1.00344	
952	0.000142194	0.136953	0	-1.05e+06	0	-0.999154	
953	0.000142122	0.137096	0	-1.05e+06	0	-0.994869	
954	0.000142051	0.137238	0	-1.05e+06	0	-0.990583	
955	0.000141981	0.13738	0	-1.05e+06	0	-0.986297	
956	0.000141912	0.137522	0	-1.05e+06	0	-0.98201	
957	0.000141845	0.137664	0	-1.05e+06	0	-0.977723	
958	0.000141779	0.137806	0	-1.05e+06	0	-0.973436	
959	0.000141714	0.137947	0	-1.05e+06	0	-0.969149	
960	0.000141652	0.138089	0	-1.05e+06	0	-0.964862	
961	0.00014159	0.138231	0	-1.05e+06	0	-0.960574	
962	0.000141531	0.138372	0	-1.05e+06	0	-0.956287	
963	0.000141472	0.138514	0	-1.05e+06	0	-0.951999	
964	0.000141416	0.138655	0	-1.05e+06	0	-0.947711	
965	0.000141361	0.138797	0	-1.05e+06	0	-0.943424	
966	0.000141307	0.138938	0	-1.05e+06	0	-0.939136	
967	0.000141255	0.139079	0	-1.05e+06	0	-0.934849	
968	0.000141204	0.139221	0	-1.05e+06	0	-0.930561	
969	0.000141154	0.139362	0	-1.05e+06	0	-0.926274	
970	0.000141106	0.139503	0	-1.05e+06	0	-0.921987	
971	0.000141058	0.139644	0	-1.05e+06	0	-0.9177	
972	0.000141012	0.139785	0	-1.05e+06	0	-0.913413	
973	0.000140964	0.139926	0	-1.05e+06	0	-0.909127	
974	0.000140906	0.140067	0	-1.05e+06	0	-0.904842	
975	0.00014085	0.140208	0	-1.05e+06	0	-0.900557	
976	0.000140795	0.140349	0	-1.05e+06	0	-0.896273	
977	0.000140742	0.14049	0	-1.05e+06	0	-0.891991	
978	0.000140691	0.14063	0	-1.05e+06	0	-0.887709	
979	0.000140642	0.140771	0	-1.05e+06	0	-0.883428	
980	0.000140594	0.140912	0	-1.05e+06	0	-0.879148	
981	0.000140549	0.141052	0	-1.05e+06	0	-0.874869	
982	0.000140505	0.141193	0	-1.05e+06	0	-0.870592	
983	0.000140464	0.141333	0	-1.05e+06	0	-0.866315	
984	0.000140424	0.141474	0	-1.05e+06	0	-0.86204	
985	0.000140387	0.141614	0	-1.05e+06	0	-0.857765	
986	0.000140352	0.141755	0	-1.05e+06	0	-0.853492	
987	0.000140319	0.141895	0	-1.05e+06	0	-0.84922	
988	0.000140289	0.142035	0	-1.05e+06	0	-0.844949	
989	0.00014026	0.142176	0	-1.05e+06	0	-0.840679	
990	0.000140234	0.142316	0	-1.05e+06	0	-0.836411	
991	0.00014021	0.142456	0	-1.05e+06	0	-0.832144	
992	0.000140188	0.142596	0	-1.05e+06	0	-0.827878	
993	0.000140168	0.142737	0	-1.05e+06	0	-0.823614	
994	0.000140151	0.142877	0	-1.05e+06	0	-0.819351	
995	0.000140135	0.143017	0	-1.05e+06	0	-0.815089	
996	0.000140122	0.143157	0	-1.05e+06	0	-0.810829	
997	0.00014011	0.143297	0	-1.05e+06	0	-0.806571	
998	0.000140101	0.143437	0	-1.05e+06	0	-0.802314	
999	0.000140093	0.143577	0	-1.05e+06	0	-0.798058	
1000	0.000140088	0.143717	0	-1.05e+06	0	-0.793804	
1001	0.000140084	0.143858	0	-1.05e+06	0	-0.789552	
1002	0.00014008	0.143998	0	-1.05e+06	0	-0.785302	
1003	0.000140075	0.144138	0	-1.05e+06	0	-0.781053	
1004	0.000140073	0.144278	0	-1.05e+06	0	-0.776807	
1005	0.000140075	0.144418	0	-1.05e+06	0	-0.772562	
1006	0.00014008	0.144558	0	-1.05e+06	0	-0.768319	
1007	0.000140088	0.144698	0	-1.05e+06	0	-0.764078	
1008	0.0001401	0.144838	0	-1.05e+06	0	-0.75984	
1009	0.000140115	0.144978	0	-1.05e+06	0	-0.755603	
1010	0.000140133	0.145118	0	-1.05e+06	0	-0.751368	
1011	0.000140148	0.145258	0	-1.05e+06	0	-0.747136	
1012	0.000140164	0.145399	0	-1.05e+06	0	-0.742905	
1013	0.000140181	0.145539	0	-1.05e+06	0	-0.738678	
1014	0.0001402	0.145679	0	-1.05e+06	0	-0.734452	
1015	0.000140221	0.145819	0	-1.05e+06	0	-0.730229	
1016	0.000140244	0.145959	0	-1.05e+06	0	-0.726009	
1017	0.000140268	0.1461	0	-1.05e+06	0	-0.721791	
1018	0.000140294	0.14624	0	-1.05e+06	0	-0.717576	
1019	0.000140322	0.14638	0	-1.05e+06	0	-0.713364	
1020	0.000140351	0.14652	0	-1.05e+06	0	-0.709155	
1021	0.000140382	0.146661	0	-1.05e+06	0	-0.704949	
1022	0.000140414	0.146801	0	-1.05e+06	0	-0.700746	
1023	0.000140448	0.146942	0	-1.05e+06	0	-0.696546	
1024	0.000140483	0.147082	0	-1.05e+06	0	-0.692349	
1025	0.00014052	0.147223	0	-1.05e+06	0	-0.688156	
1026	0.000140559	0.147363	0	-1.05e+06	0	-0.683966	
1027	0.000140599	0.147504	0	-1.05e+06	0	-0.679779	
1028	0.00014064	0.147644	0	-1.05e+06	0	-0.675597	
1029	0.000140683	0.147785	0	-1.05e+06	0	-0.671417	
1030	0.000140727	0.147926	0	-1.05e+06	0	-0.667242	
1031	0.000140772	0.148066	0	-1.05e+06	0	-0.663071	
1032	0.000140819	0.148207	0	-1.05e+06	0	-0.658904	
1033	0.000140867	0.148348	0	-1.05e+06	0	-0.65474	
1034	0.000140915	0.148489	0	-1.05e+06	0	-0.650582	
1035	0.000140965	0.14863	0	-1.05e+06	0	-0.646427	
1036	0.000141016	0.148771	0	-1.05e+06	0	-0.642277	
1037	0.000141067	0.148912	0	-1.05e+06	0	-0.638132	
1038	0.00014112	0.149053	0	-1.05e+06	0	-0.633991	
1039	0.000141173	0.149194	0	-1.05e+06	0	-0.629855	
1040	0.000141226	0.149335	0	-1.05e+06	0	-0.625724	
1041	0.00014128	0.149476	0	-1.05e+06	0	-0.621599	
1042	0.000141335	0.149617	0	-1.05e+06	0	-0.617478	
1043	0.00014139	0.149759	0	-1.05e+06	0	-0.613363	
1044	0.000141445	0.1499	0	-1.05e+06	0	-0.609254	
1045	0.0001415	0.150042	0	-1.05e+06	0	-0.60515	
1046	0.000141556	0.150183	0	-1.05e+06	0	-0.601052	
1047	0.000141611	0.150325	0	-1.05e+06	0	-0.59696	
1048	0.000141667	0.150466	0	-1.05e+06	0	-0.592875	
1049	0.000141722	0.150608	0	-1.05e+06	0	-0.588795	
1050	0.000141777	0.15075	0	-1.05e+06	0	-0.584722	
1051	0.000141832	0.150891	0	-1.05e+06	0	-0.580655	
1052	0.000141887	0.151033	0	-1.05e+06	0	-0.576595	
1053	0.000141942	0.151175	0	-1.05e+06	0	-0.572542	
1054	0.000141996	0.151317	0	-1.05e+06	0	-0.568497	
1055	0.00014205	0.151459	0	-1.05e+06	0	-0.564458	
1056	0.000142104	0.151601	0	-1.05e+06	0	-0.560426	
1057	0.000142158	0.151743	0	-1.05e+06	0	-0.556402	
1058	0.000142211	0.151885	0	-1.05e+06	0	-0.552386	
1059	0.000142264	0.152028	0	-1.05e+06	0	-0.548377	
1060	0.000142317	0.15217	0	-1.05e+06	0	-0.544376	
1061	0.00014237	0.152312	0	-1.05e+06	0	-0.540383	
1062	0.000142423	0.152455	0	-1.05e+06	0	-0.536398	
1063	0.000142476	0.152597	0	-1.05e+06	0	-0.532422	
1064	0.000142529	0.15274	0	-1.05e+06	0	-0.528454	
1065	0.000142582	0.152882	0	-1.05e+06	0	-0.524494	
1066	0.000142635	0.153025	0	-1.05e+06	0	-0.520543	
1067	0.000142683	0.153167	0	-1.05e+06	0	-0.516601	
1068	0.000142727	0.15331	0	-1.05e+06	0	-0.512669	
1069	0.000142771	0.153453	0	-1.05e+06	0	-0.508745	
1070	0.000142815	0.153595	0	-1.05e+06	0	-0.504831	
1071	0.00014286	0.153738	0	-1.05e+06	0	-0.500926	
1072	0.000142906	0.153881	0	-1.05e+06	0	-0.497031	
1073	0.000142952	0.154024	0	-1.05e+06	0	-0.493145	
1074	0.000142994	0.154167	0	-1.05e+06	0	-0.48927	
1075	0.000143037	0.15431	0	-1.05e+06	0	-0.485404	
1076	0.00014308	0.154453	0	-1.05e+06	0	-0.481548	
1077	0.000143126	0.154596	0	-1.05e+06	0	-0.477703	
1078	0.000143173	0.154739	0	-1.05e+06	0	-0.473868	
1079	0.000143222	0.154882	0	-1.05e+06	0	-0.470043	
1080	0.000143273	0.155026	0	-1.05e+06	0	-0.466228	
1081	0.000143327	0.155169	0	-1.05e+06	0	-0.462424	
1082	0.000143383	0.155312	0	-1.05e+06	0	-0.45863	
1083	0.000143442	0.155456	0	-1.05e+06	0	-0.454846	
1084	0.000143503	0.155599	0	-1.05e+06	0	-0.451073	
1085	0.000143568	0.155743	0	-1.05e+06	0	-0.447311	
1086	0.000143636	0.155886	0	-1.05e+06	0	-0.443558	
1087	0.000143707	0.15603	0	-1.05e+06	0	-0.439817	
1088	0.000143781	0.156173	0	-1.05e+06	0	-0.436086	
1089	0.000143859	0.156317	0	-1.05e+06	0	-0.432365	
1090	0.000143939	0.156461	0	-1.05e+06	0	-0.428656	
1091	0.000144024	0.156605	0	-1.05e+06	0	-0.424956	
1092	0.000144111	0.156749	0	-1.05e+06	0	-0.421268	
1093	0.000144202	0.156893	0	-1.05e+06	0	-0.41759	
1094	0.000144295	0.157037	0	-1.05e+06	0	-0.413922	
1095	0.000144392	0.157182	0	-1.05e+06	0	-0.410266	
1096	0.000144492	0.157326	0	-1.05e+06	0	-0.40662	
1097	0.000144594	0.157471	0	-1.05e+06	0	-0.402985	
1098	0.000144699	0.157615	0	-1.05e+06	0	-0.399361	
1099	0.000144807	0.15776	0	-1.05e+06	0	-0.395747	
1100	0.000144917	0.157905	0	-1.05e+06	0	-0.392144	
1101	0.000145029	0.15805	0	-1.05e+06	0	-0.388553	
1102	0.000145143	0.158195	0	-1.05e+06	0	-0.384972	
1103	0.000145258	0.15834	0	-1.05e+06	0	-0.381403	
1104	0.000145375	0.158485	0	-1.05e+06	0	-0.377844	
1105	0.000145493	0.15863	0	-1.05e+06	0	-0.374297	
1106	0.000145612	0.158776	0	-1.05e+06	0	-0.370761	
1107	0.000145731	0.158921	0	-1.05e+06	0	-0.367236	
1108	0.000145848	0.159067	0	-1.05e+06	0	-0.363723	
1109	0.000145962	0.159213	0	-1.05e+06	0	-0.360222	
1110	0.000146076	0.159359	0	-1.05e+06	0	-0.356733	
1111	0.000146189	0.159505	0	-1.05e+06	0	-0.353255	
1112	0.000146303	0.159651	0	-1.05e+06	0	-0.349789	
1113	0.000146417	0.159798	0	-1.05e+06	0	-0.346336	
1114	0.00014653	0.159944	0	-1.05e+06	0	-0.342895	
1115	0.000146643	0.160091	0	-1.05e+06	0	-0.339466	
1116	0.000146756	0.160237	0	-1.05e+06	0	-0.33605	
1117	0.000146865	0.160384	0	-1.05e+06	0	-0.332646	
1118	0.000146973	0.160531	0	-1.05e+06	0	-0.329255	
1119	0.000147084	0.160678	0	-1.05e+06	0	-0.325877	
1120	0.000147196	0.160825	0	-1.05e+06	0	-0.322511	
1121	0.000147309	0.160972	0	-1.05e+06	0	-0.319159	
1122	0.00014742	0.161119	0	-1.05e+06	0	-0.315819	
1123	0.000147529	0.161267	0	-1.05e+06	0	-0.312493	
1124	0.000147634	0.161414	0	-1.05e+06	0	-0.30918	
1125	0.000147739	0.161562	0	-1.05e+06	0	-0.305881	
1126	0.000147845	0.16171	0	-1.05e+06	0	-0.302595	
1127	0.000147952	0.161858	0	-1.05e+06	0	-0.299323	
1128	0.000148059	0.162005	0	-1.05e+06	0	-0.296064	
1129	0.000148168	0.162154	0	-1.05e+06	0	-0.29282	
1130	0.000148277	0.162302	0	-1.05e+06	0	-0.289589	
1131	0.000148388	0.16245	0	-1.05e+06	0	-0.286372	
1132	0.000148501	0.162598	0	-1.05e+06	0	-0.283169	
1133	0.000148615	0.162747	0	-1.05e+06	0	-0.27998	
1134	0.000148732	0.162895	0	-1.05e+06	0	-0.276805	
1135	0.00014885	0.163044	0	-1.05e+06	0	-0.273644	
1136	0.000148966	0.163193	0	-1.05e+06	0	-0.270497	
1137	0.000149077	0.163342	0	-1.05e+06	0	-0.267365	
1138	0.000149191	0.163491	0	-1.05e+06	0	-0.264247	
1139	0.000149308	0.16364	0	-1.05e+06	0	-0.261144	
1140	0.000149427	0.16379	0	-1.05e+06	0	-0.258055	
1141	0.000149549	0.163939	0	-1.05e+06	0	-0.254981	
1142	0.000149675	0.164089	0	-1.05e+06	0	-0.251922	
1143	0.000149804	0.164238	0	-1.05e+06	0	-0.248877	
1144	0.000149938	0.164388	0	-1.05e+06	0	-0.245846	
1145	0.000150075	0.164538	0	-1.05e+06	0	-0.242831	
1146	0.000150217	0.164688	0	-1.05e+06	0	-0.239829	
1147	0.000150363	0.164838	0	-1.05e+06	0	-0.236843	
1148	0.000150514	0.164989	0	-1.05e+06	0	-0.23387	
1149	0.00015067	0.165139	0	-1.05e+06	0	-0.230913	
1150	0.000150832	0.16529	0	-1.05e+06	0	-0.22797	
1151	0.000150998	0.165441	0	-1.05e+06	0	-0.225041	
1152	0.000151169	0.165592	0	-1.05e+06	0	-0.222127	
1153	0.000151346	0.165743	0	-1.05e+06	0	-0.219228	
1154	0.000151528	0.165894	0	-1.05e+06	0	-0.216343	
1155	0.000151716	0.166046	0	-1.05e+06	0	-0.213472	
1156	0.000151909	0.166197	0	-1.05e+06	0	-0.210616	
1157	0.000152107	0.166349	0	-1.05e+06	0	-0.207774	
1158	0.000152311	0.166501	0	-1.05e+06	0	-0.204947	
1159	0.00015252	0.166654	0	-1.05e+06	0	-0.202134	
1160	0.000152734	0.166806	0	-1.05e+06	0	-0.199336	
1161	0.000152952	0.166959	0	-1.05e+06	0	-0.196552	
1162	0.000153176	0.167112	0	-1.05e+06	0	-0.193782	
1163	0.000153404	0.167265	0	-1.05e+06	0	-0.191027	
1164	0.000153637	0.167419	0	-1.05e+06	0	-0.188286	
1165	0.000153874	0.167572	0	-1.05e+06	0	-0.185559	
1166	0.000154115	0.167726	0	-1.05e+06	0	-0.182847	
1167	0.00015436	0.16788	0	-1.05e+06	0	-0.18015	
1168	0.000154608	0.168035	0	-1.05e+06	0	-0.177467	
1169	0.00015486	0.168189	0	-1.05e+06	0	-0.174798	
1170	0.000155115	0.168344	0	-1.05e+06	0	-0.172145	
1171	0.000155373	0.168499	0	-1.05e+06	0	-0.169505	
1172	0.000155633	0.168654	0	-1.05e+06	0	-0.166881	
1173	0.000155895	0.16881	0	-1.05e+06	0	-0.164271	
1174	0.00015616	0.168966	0	-1.05e+06	0	-0.161676	
1175	0.000156426	0.169122	0	-1.05e+06	0	-0.159096	
1176	0.000156693	0.169279	0	-1.05e+06	0	-0.15653	
1177	0.000156962	0.169435	0	-1.05e+06	0	-0.15398	
1178	0.000157232	0.169592	0	-1.05e+06	0	-0.151445	
1179	0.000157503	0.169749	0	-1.05e+06	0	-0.148925	
1180	0.000157774	0.169907	0	-1.05e+06	0	-0.146421	
1181	0.000158045	0.170065	0	-1.05e+06	0	-0.143932	
1182	0.000158317	0.170223	0	-1.05e+06	0	-0.141458	
1183	0.000158586	0.170381	0	-1.05e+06	0	-0.139	
1184	0.000158856	0.17054	0	-1.05e+06	0	-0.136558	
1185	0.000159126	0.170699	0	-1.05e+06	0	-0.134131	
1186	0.000159397	0.170858	0	-1.05e+06	0	-0.131721	
1187	0.000159668	0.171017	0	-1.05e+06	0	-0.129326	
1188	0.00015994	0.171177	0	-1.05e+06	0	-0.126948	
1189	0.000160211	0.171337	0	-1.05e+06	0	-0.124586	
1190	0.000160479	0.171497	0	-1.05e+06	0	-0.122241	
1191	0.000160747	0.171657	0	-1.05e+06	0	-0.119912	
1192	0.000161013	0.171818	0	-1.05e+06	0	-0.1176	
1193	0.000161279	0.171979	0	-1.05e+06	0	-0.115305	
1194	0.000161544	0.17214	0	-1.05e+06	0	-0.113026	
1195	0.000161808	0.172302	0	-1.05e+06	0	-0.110765	
1196	0.000162071	0.172464	0	-1.05e+06	0	-0.108521	
1197	0.000162334	0.172626	0	-1.05e+06	0	-0.106295	
1198	0.000162595	0.172788	0	-1.05e+06	0	-0.104086	
1199	0.000162856	0.172951	0	-1.05e+06	0	-0.101894	
1200	0.000163115	0.173114	0	-1.05e+06	0	-0.0997207	
1201	0.000163374	0.173277	0	-1.05e+06	0	-0.0975652	
1202	0.000163632	0.17344	0	-1.05e+06	0	-0.0954277	
1203	0.000163889	0.173604	0	-1.05e+06	0	-0.0933085	
1204	0.000164145	0.173768	0	-1.05e+06	0	-0.0912078	
1205	0.0001644	0.173932	0	-1.05e+06	0	-0.0891255	
1206	0.000164654	0.174096	0	-1.05e+06	0	-0.087062	
1207	0.000164907	0.174261	0	-1.05e+06	0	-0.0850173	
1208	0.000165158	0.174426	0	-1.05e+06	0	-0.0829917	
1209	0.000165408	0.174591	0	-1.05e+06	0	-0.0809852	
1210	0.000165653	0.174756	0	-1.05e+06	0	-0.0789981	
1211	0.000165896	0.174922	0	-1.05e+06	0	-0.0770306	
1212	0.000166137	0.175088	0	-1.05e+06	0	-0.0750828	
1213	0.000166375	0.175254	0	-1.05e+06	0	-0.0731549	
1214	0.000166568	0.17542	0	-1.05e+06	0	-0.0712475	
1215	0.000166749	0.175587	0	-1.05e+06	0	-0.0693609	
1216	0.000166926	0.175754	0	-1.05e+06	0	-0.0674954	
1217	0.000167099	0.175921	0	-1.05e+06	0	-0.065651	
1218	0.000167268	0.176088	0	-1.05e+06	0	-0.0638279	
1219	0.000167433	0.176255	0	-1.05e+06	0	-0.0620264	
1220	0.000167595	0.176422	0	-1.05e+06	0	-0.0602465	
1221	0.000167751	0.17659	0	-1.05e+06	0	-0.0584885	
1222	0.000167903	0.176758	0	-1.05e+06	0	-0.0567526	
1223	0.000168051	0.176926	0	-1.05e+06	0	-0.0550388	
1224	0.000168193	0.177094	0	-1.05e+06	0	-0.0533475	
1225	0.00016833	0.177262	0	-1.05e+06	0	-0.0516787	
1226	0.000168462	0.17743	0	-1.05e+06	0	-0.0500327	
1227	0.000168576	0.177599	0	-1.05e+06	0	-0.0484098	
1228	0.000168684	0.177767	0	-1.05e+06	0	-0.0468102	
1229	0.00016879	0.177936	0	-1.05e+06	0	-0.045234	
1230	0.000168892	0.178105	0	-1.05e+06	0	-0.0436814	
1231	0.00016899	0.178274	0	-1.05e+06	0	-0.0421526	
1232	0.000169085	0.178443	0	-1.05e+06	0	-0.0406477	
1233	0.000169176	0.178612	0	-1.05e+06	0	-0.0391669	
1234	0.000169263	0.178781	0	-1.05e+06	0	-0.0377105	
1235	0.000169345	0.17895	0	-1.05e+06	0	-0.0362785	
1236	0.000169424	0.179119	0	-1.05e+06	0	-0.0348712	
1237	0.000169499	0.179289	0	-1.05e+06	0	-0.0334888	
1238	0.000169569	0.179458	0	-1.05e+06	0	-0.0321314	
1239	0.000169635	0.179628	0	-1.05e+06	0	-0.0307993	
1240	0.000169697	0.179798	0	-1.05e+06	0	-0.0294926	
1241	0.000169754	0.179967	0	-1.05e+06	0	-0.0282116	
1242	0.000169806	0.180137	0	-1.05e+06	0	-0.0269565	
1243	0.00016985	0.180307	0	-1.05e+06	0	-0.0257275	
1244	0.000169883	0.180477	0	-1.05e+06	0	-0.0245248	
1245	0.000169911	0.180647	0	-1.05e+06	0	-0.0233487	
1246	0.000169933	0.180817	0	-1.05e+06	0	-0.0221994	
1247	0.000169949	0.180986	0	-1.05e+06	0	-0.0210772	
1248	0.00016996	0.181156	0	-1.05e+06	0	-0.0199822	
1249	0.000169965	0.181326	0	-1.05e+06	0	-0.0189147	
1250	0.000169966	0.181496	0	-1.05e+06	0	-0.0178749	
1251	0.000169962	0.181666	0	-1.05e+06	0	-0.0168631	
1252	0.000169952	0.181836	0	-1.05e+06	0	-0.0158795	
1253	0.000169938	0.182006	0	-1.05e+06	0	-0.0149244	
1254	0.000169919	0.182176	0	-1.05e+06	0	-0.0139979	
1255	0.000169895	0.182346	0	-1.05e+06	0	-0.0131004	
1256	0.000169866	0.182516	0	-1.05e+06	0	-0.0122321	
1257	0.000169832	0.182686	0	-1.05e+06	0	-0.0113933	
1258	0.000169793	0.182856	0	-1.05e+06	0	-0.0105842	
1259	0.000169749	0.183025	0	-1.05e+06	0	-0.00980509	
1260	0.0001697	0.183195	0	-1.05e+06	0	-0.00905625	
1261	0.000169646	0.183365	0	-1.05e+06	0	-0.00833794	
1262	0.000169587	0.183535	0	-1.05e+06	0	-0.00765044	
1263	0.000169523	0.183704	0	-1.05e+06	0	-0.00699403	
1264	0.000169453	0.183874	0	-1.05e+06	0	-0.00636899	
1265	0.000169379	0.184043	0	-1.05e+06	0	-0.00577561	
1266	0.000169299	0.184212	0	-1.05e+06	0	-0.00521416	
1267	0.000169214	0.184382	0	-1.05e+06	0	-0.00468492	
1268	0.000169123	0.184551	0	-1.05e+06	0	-0.00418819	
1269	0.000169025	0.18472	0	-1.05e+06	0	-0.00372424	
1270	0.000168888	0.184889	0	-1.05e+06	0	-0.00329345	
1271	0.000168746	0.185058	0	-1.05e+06	0	-0.00289605	
1272	0.0001686	0.185227	0	-1.05e+06	0	-0.00253232	
1273	0.000168449	0.185395	0	-1.05e+06	0	-0.0022025	
1274	0.000168293	0.185564	0	-1.05e+06	0	-0.00190685	
1275	0.000168133	0.185732	0	-1.05e+06	0	-0.0016456	
1276	0.000167969	0.1859	0	-1.05e+06	0	-0.00141899	
1277	0.000167801	0.186068	0	-1.05e+06	0	-0.00122726	
1278	0.00016763	0.186236	0	-1.05e+06	0	-0.00107064	
1279	0.000167443	0.186404	0	-1.05e+06	0	-0.000949353	
1280	0.000167247	0.186571	0	-1.05e+06	0	-0.000863613	
1281	0.000167048	0.186738	0	-1.05e+06	0	-0.000813617	
1282	0.000166848	0.186905	0	-1.05e+06	0	-0.000799554	
1283	0.000166645	0.187072	0	-1.05e+06	0	-0.000821607	
1284	0.000166441	0.187239	0	-1.05e+06	0	-0.000879948	
1285	0.000166235	0.187405	0	-1.05e+06	0	-0.000974746	
1286	0.000166028	0.187572	0	-1.05e+06	0	-0.00110615	
1287	0.00016582	0.187738	0	-1.05e+06	0	-0.00127432	
1288	0.000165611	0.187903	0	-1.05e+06	0	-0.00147939	
1289	0.000165402	0.188069	0	-1.05e+06	0	-0.00172148	
1290	0.000165192	0.188234	0	-1.05e+06	0	-0.00200072	
1291	0.000164982	0.1884	0	-1.05e+06	0	-0.00231721	
1292	0.000164772	0.188565	0	-1.05e+06	0	-0.00267104	
1293	0.000164561	0.188729	0	-1.05e+06	0	-0.0030623	
1294	0.000164351	0.188894	0	-1.05e+06	0	-0.00349105	
1295	0.00016414	0.189058	0	-1.05e+06	0	-0.00395737	
1296	0.00016393	0.189222	0	-1.05e+06	0	-0.00446129	
1297	0.000163719	0.189386	0	-1.05e+06	0	-0.00500285	
1298	0.000163509	0.18955	0	-1.05e+06	0	-0.00558206	
1299	0.000163299	0.189714	0	-1.05e+06	0	-0.00619893	
1300	0.000163089	0.189877	0	-1.05e+06	0	-0.00685345	
1301	0.00016288	0.19004	0	-1.05e+06	0	-0.0075456	
1302	0.00016266	0.190203	0	-1.05e+06	0	-0.00827529	
1303	0.000162433	0.190366	0	-1.05e+06	0	-0.00904242	
1304	0.000162208	0.190528	0	-1.05e+06	0	-0.00984692	
1305	0.000161983	0.19069	0	-1.05e+06	0	-0.0106887	
1306	0.000161759	0.190852	0	-1.05e+06	0	-0.0115676	
1307	0.000161537	0.191014	0	-1.05e+06	0	-0.0124836	
1308	0.000161315	0.191175	0	-1.05e+06	0	-0.0134365	
1309	0.000161094	0.191337	0	-1.05e+06	0	-0.0144262	
1310	0.000160873	0.191498	0	-1.05e+06	0	-0.0154525	
1311	0.000160654	0.191659	0	-1.05e+06	0	-0.0165152	
1312	0.000160435	0.191819	0	-1.05e+06	0	-0.0176141	
1313	0.000160216	0.19198	0	-1.05e+06	0	-0.018749	
1314	0.000159998	0.19214	0	-1.05e+06	0	-0.0199198	
1315	0.000159781	0.1923	0	-1.05e+06	0	-0.0211261	
1316	0.000159563	0.19246	0	-1.05e+06	0	-0.0223677	
1317	0.000159346	0.192619	0	-1.05e+06	0	-0.0236444	
1318	0.00015913	0.192779	0	-1.05e+06	0	-0.0249559	
1319	0.000158913	0.192938	0	-1.05e+06	0	-0.0263019	
1320	0.000158697	0.193097	0	-1.05e+06	0	-0.0276821	
1321	0.00015848	0.193255	0	-1.05e+06	0	-0.0290962	
1322	0.000158264	0.193414	0	-1.05e+06	0	-0.0305438	
1323	0.000158048	0.193572	0	-1.05e+06	0	-0.0320248	
1324	0.000157832	0.19373	0	-1.05e+06	0	-0.0335386	
1325	0.000157616	0.193888	0	-1.05e+06	0	-0.0350851	
1326	0.000157401	0.194046	0	-1.05e+06	0	-0.0366638	
1327	0.000157185	0.194203	0	-1.05e+06	0	-0.0382743	
1328	0.00015697	0.19436	0	-1.05e+06	0	-0.0399163	
1329	0.000156754	0.194517	0	-1.05e+06	0	-0.0415895	
1330	0.000156539	0.194674	0	-1.05e+06	0	-0.0432935	
1331	0.000156325	0.194831	0	-1.05e+06	0	-0.0450278	
1332	0.000156111	0.194987	0	-1.05e+06	0	-0.0467922	
1333	0.000155897	0.195143	0	-1.05e+06	0	-0.0485862	
1334	0.000155684	0.195299	0	-1.05e+06	0	-0.0504094	
1335	0.000155472	0.195455	0	-1.05e+06	0	-0.0522615	
1336	0.000155261	0.19561	0	-1.05e+06	0	-0.054142	
1337	0.00015505	0.195765	0	-1.05e+06	0	-0.0560506	
1338	0.000154841	0.19592	0	-1.05e+06	0	-0.057987	
1339	0.000154633	0.196075	0	-1.05e+06	0	-0.0599506	
1340	0.000154426	0.19623	0	-1.05e+06	0	-0.0619412	
1341	0.00015422	0.196384	0	-1.05e+06	0	-0.0639584	
1342	0.000154017	0.196538	0	-1.05e+06	0	-0.0660018	
1343	0.000153814	0.196692	0	-1.05e+06	0	-0.068071	
1344	0.000153614	0.196846	0	-1.05e+06	0	-0.0701656	
1345	0.000153416	0.197	0	-1.05e+06	0	-0.0722853	
1346	0.00015322	0.197153	0	-1.05e+06	0	-0.0744298	
1347	0.000153026	0.197307	0	-1.05e+06	0	-0.0765986	
1348	0.000152834	0.19746	0	-1.05e+06	0	-0.0787915	
1349	0.000152645	0.197612	0	-1.05e+06	0	-0.0810081	
1350	0.000152446	0.197765	0	-1.05e+06	0	-0.0832478	
1351	0.000152246	0.197917	0	-1.05e+06	0	-0.0855103	
1352	0.000152047	0.19807	0	-1.05e+06	0	-0.0877952	
1353	0.000151852	0.198222	0	-1.05e+06	0	-0.0901022	
1354	0.000151659	0.198374	0	-1.05e+06	0	-0.0924309	
1355	0.000151469	0.198525	0	-1.05e+06	0	-0.0947811	
1356	0.000151282	0.198677	0	-1.05e+06	0	-0.0971524	
1357	0.000151097	0.198828	0	-1.05e+06	0	-0.0995446	
1358	0.000150917	0.198979	0	-1.05e+06	0	-0.101957	
1359	0.000150739	0.19913	0	-1.05e+06	0	-0.10439	
1360	0.000150565	0.199281	0	-1.05e+06	0	-0.106843	
1361	0.000150395	0.199431	0	-1.05e+06	0	-0.109315	
1362	0.000150228	0.199582	0	-1.05e+06	0	-0.111807	
1363	0.000150066	0.199732	0	-1.05e+06	0	-0.114318	
1364	0.000149907	0.199882	0	-1.05e+06	0	-0.116848	
1365	0.000149753	0.200032	0	-1.05e+06	0	-0.119396	
1366	0.000149603	0.200182	0	-1.05e+06	0	-0.121963	
1367	0.000149457	0.200331	0	-1.05e+06	0	-0.124548	
1368	0.000149315	0.200481	0	-1.05e+06	0	-0.127151	
1369	0.000149178	0.20063	0	-1.05e+06	0	-0.129771	
1370	0.000149046	0.200779	0	-1.05e+06	0	-0.132409	
1371	0.000148919	0.200928	0	-1.05e+06	0	-0.135064	
1372	0.000148796	0.201077	0	-1.05e+06	0	-0.137737	
1373	0.000148678	0.201226	0	-1.05e+06	0	-0.140426	
1374	0.000148566	0.201375	0	-1.05e+06	0	-0.143132	
1375	0.000148458	0.201523	0	-1.05e+06	0	-0.145854	
1376	0.000148356	0.201672	0	-1.05e+06	0	-0.148593	
1377	0.000148258	0.20182	0	-1.05e+06	0	-0.151348	
1378	0.000148166	0.201968	0	-1.05e+06	0	-0.154119	
1379	0.00014808	0.202116	0	-1.05e+06	0	-0.156906	
1380	0.000147999	0.202265	0	-1.05e+06	0	-0.159709	
1381	0.000147923	0.202413	0	-1.05e+06	0	-0.162527	
1382	0.000147852	0.202561	0	-1.05e+06	0	-0.165361	
1383	0.000147787	0.202708	0	-1.05e+06	0	-0.16821	
1384	0.000147728	0.202856	0	-1.05e+06	0	-0.171075	
1385	0.000147674	0.203004	0	-1.05e+06	0	-0.173955	
1386	0.000147626	0.203152	0	-1.05e+06	0	-0.17685	
1387	0.000147584	0.203299	0	-1.05e+06	0	-0.17976	
1388	0.000147547	0.203447	0	-1.05e+06	0	-0.182685	
1389	0.000147515	0.203594	0	-1.05e+06	0	-0.185625	
1390	0.000147489	0.203742	0	-1.05e+06	0	-0.188579	
1391	0.000147469	0.203889	0	-1.05e+06	0	-0.191549	
1392	0.000147455	0.204037	0	-1.05e+06	0	-0.194533	
1393	0.000147446	0.204184	0	-1.05e+06	0	-0.197532	
1394	0.000147442	0.204332	0	-1.05e+06	0	-0.200545	
1395	0.000147445	0.204479	0	-1.05e+06	0	-0.203573	
1396	0.000147452	0.204627	0	-1.05e+06	0	-0.206616	
1397	0.000147465	0.204774	0	-1.05e+06	0	-0.209673	
1398	0.000147484	0.204921	0	-1.05e+06	0	-0.212745	
1399	0.000147508	0.205069	0	-1.05e+06	0	-0.215831	
1400	0.000147537	0.205216	0	-1.05e+06	0	-0.218932	
1401	0.000147572	0.205364	0	-1.05e+06	0	-0.222047	
1402	0.000147611	0.205512	0	-1.05e+06	0	-0.225177	
1403	0.000147656	0.205659	0	-1.05e+06	0	-0.228322	
1404	0.000147706	0.205807	0	-1.05e+06	0	-0.231481	
1405	0.000147761	0.205955	0	-1.05e+06	0	-0.234654	
1406	0.000147817	0.206102	0	-1.05e+06	0	-0.237842	
1407	0.00014787	0.20625	0	-1.05e+06	0	-0.241045	
1408	0.000147927	0.206398	0	-1.05e+06	0	-0.244262	
1409	0.00014799	0.206546	0	-1.05e+06	0	-0.247493	
1410	0.000148056	0.206694	0	-1.05e+06	0	-0.250739	
1411	0.000148123	0.206842	0	-1.05e+06	0	-0.253999	
1412	0.000148182	0.20699	0	-1.05e+06	0	-0.257273	
1413	0.000148247	0.207138	0	-1.05e+06	0	-0.260561	
1414	0.000148316	0.207287	0	-1.05e+06	0	-0.263864	
1415	0.000148389	0.207435	0	-1.05e+06	0	-0.267181	
1416	0.000148468	0.207583	0	-1.05e+06	0	-0.270512	
1417	0.00014855	0.207732	0	-1.05e+06	0	-0.273858	
1418	0.000148638	0.20788	0	-1.05e+06	0	-0.277218	
1419	0.00014873	0.208029	0	-1.05e+06	0	-0.280592	
1420	0.000148827	0.208178	0	-1.05e+06	0	-0.283981	
1421	0.000148928	0.208326	0	-1.05e+06	0	-0.287384	
1422	0.000149033	0.208475	0	-1.05e+06	0	-0.290802	
1423	0.000149143	0.208624	0	-1.05e+06	0	-0.294235	
1424	0.000149256	0.208774	0	-1.05e+06	0	-0.297682	
1425	0.000149374	0.208923	0	-1.05e+06	0	-0.301144	
1426	0.000149496	0.209072	0	-1.05e+06	0	-0.304621	
1427	0.000149622	0.209222	0	-1.05e+06	0	-0.308113	
1428	0.000149752	0.209371	0	-1.05e+06	0	-0.311619	
1429	0.000149885	0.209521	0	-1.05e+06	0	-0.315141	
1430	0.000150022	0.209671	0	-1.05e+06	0	-0.318678	
1431	0.00015016	0.209821	0	-1.05e+06	0	-0.322229	
1432	0.000150261	0.209971	0	-1.05e+06	0	-0.325795	
1433	0.000150366	0.210121	0	-1.05e+06	0	-0.329374	
1434	0.000150474	0.210272	0	-1.05e+06	0	-0.332968	
1435	0.000150585	0.210422	0	-1.05e+06	0	-0.336576	
1436	0.0001507	0.210573	0	-1.05e+06	0	-0.340198	
1437	0.000150817	0.210723	0	-1.05e+06	0	-0.343834	
1438	0.000150939	0.210874	0	-1.05e+06	0	-0.347484	
1439	0.000151063	0.211025	0	-1.05e+06	0	-0.351149	
1440	0.00015119	0.211176	0	-1.05e+06	0	-0.354828	
1441	0.000151321	0.211328	0	-1.05e+06	0	-0.358521	
1442	0.000151455	0.211479	0	-1.05e+06	0	-0.362228	
1443	0.000151592	0.21163	0	-1.05e+06	0	-0.36595	
1444	0.000151733	0.211782	0	-1.05e+06	0	-0.369686	
1445	0.000151876	0.211934	0	-1.05e+06	0	-0.373437	
1446	0.000152022	0.212085	0	-1.05e+06	0	-0.377202	
1447	0.000152171	0.212238	0	-1.05e+06	0	-0.380982	
1448	0.000152323	0.21239	0	-1.05e+06	0	-0.384776	
1449	0.000152478	0.212542	0	-1.05e+06	0	-0.388585	
1450	0.000152635	0.212694	0	-1.05e+06	0	-0.392408	
1451	0.000152795	0.212847	0	-1.05e+06	0	-0.396245	
1452	0.000152957	0.213	0	-1.05e+06	0	-0.400098	
1453	0.000153122	0.213153	0	-1.05e+06	0	-0.403964	
1454	0.000153288	0.213306	0	-1.05e+06	0	-0.407846	
1455	0.000153457	0.213459	0	-1.05e+06	0	-0.411742	
1456	0.000153628	0.213613	0	-1.05e+06	0	-0.415653	
1457	0.0001538	0.213766	0	-1.05e+06	0	-0.419578	
1458	0.000153974	0.21392	0	-1.05e+06	0	-0.423518	
1459	0.000154149	0.214074	0	-1.05e+06	0	-0.427472	
1460	0.000154311	0.214228	0	-1.05e+06	0	-0.431441	
1461	0.000154459	0.214383	0	-1.05e+06	0	-0.435423	
1462	0.000154607	0.214537	0	-1.05e+06	0	-0.43942	
1463	0.000154755	0.214692	0	-1.05e+06	0	-0.44343	
1464	0.000154903	0.214846	0	-1.05e+06	0	-0.447453	
1465	0.000155051	0.215001	0	-1.05e+06	0	-0.451491	
1466	0.000155185	0.215156	0	-1.05e+06	0	-0.455541	
1467	0.000155319	0.215312	0	-1.05e+06	0	-0.459605	
1468	0.000155446	0.215467	0	-1.05e+06	0	-0.463681	
1469	0.000155565	0.215622	0	-1.05e+06	0	-0.46777	
1470	0.000155684	0.215778	0	-1.05e+06	0	-0.471872	
1471	0.000155803	0.215934	0	-1.05e+06	0	-0.475986	
1472	0.000155923	0.216089	0	-1.05e+06	0	-0.480113	
1473	0.000156042	0.216245	0	-1.05e+06	0	-0.484252	
1474	0.000156161	0.216401	0	-1.05e+06	0	-0.488403	
1475	0.000156248	0.216557	0	-1.05e+06	0	-0.492566	
1476	0.000156324	0.216714	0	-1.05e+06	0	-0.49674	
1477	0.000156399	0.21687	0	-1.05e+06	0	-0.500924	
1478	0.000156475	0.217026	0	-1.05e+06	0	-0.50512	
1479	0.00015655	0.217183	0	-1.05e+06	0	-0.509326	
1480	0.000156624	0.217339	0	-1.05e+06	0	-0.513542	
1481	0.000156698	0.217496	0	-1.05e+06	0	-0.51777	
1482	0.000156771	0.217653	0	-1.05e+06	0	-0.522007	
1483	0.000156842	0.21781	0	-1.05e+06	0	-0.526255	
1484	0.000156912	0.217966	0	-1.05e+06	0	-0.530512	
1485	0.000156914	0.218123	0	-1.05e+06	0	-0.534778	
1486	0.00015691	0.21828	0	-1.05e+06	0	-0.539052	
1487	0.000156904	0.218437	0	-1.05e+06	0	-0.543333	
1488	0.000156897	0.218594	0	-1.05e+06	0	-0.547622	
1489	0.000156889	0.218751	0	-1.05e+06	0	-0.551918	
1490	0.00015688	0.218908	0	-1.05e+06	0	-0.556221	
1491	0.000156869	0.219065	0	-1.05e+06	0	-0.560531	
1492	0.000156858	0.219222	0	-1.05e+06	0	-0.564848	
1493	0.000156845	0.219378	0	-1.05e+06	0	-0.569172	
1494	0.000156831	0.219535	0	-1.05e+06	0	-0.573502	
1495	0.000156816	0.219692	0	-1.05e+06	0	-0.577838	
1496	0.0001568	0.219849	0	-1.05e+06	0	-0.582181	
1497	0.000156782	0.220006	0	-1.05e+06	0	-0.586529	
1498	0.000156763	0.220163	0	-1.05e+06	0	-0.590883	
1499	0.000156743	0.220319	0	-1.05e+06	0	-0.595243	
1500	0.000156721	0.220476	0	-1.05e+06	0	-0.599607	
