Step	dt	Time	fbody_x	fbody_y	fbody_z	dy_tip	
0	1e-16	0	0	0	0	2.38419e-08	
1	1e-16	0	0	-1.05e+06	0	2.38419e-08	
2	0.000279285	1e-16	0	-1.05e+06	0	-7.79762e-05	
3	0.000279157	0.000279285	0	-1.05e+06	0	-0.000233869	
4	0.000278921	0.000558442	0	-1.05e+06	0	-0.000467426	
5	0.000278588	0.000837362	0	-1.05e+06	0	-0.000778317	
6	0.000278169	0.00111595	0	-1.05e+06	0	-0.00116612	
7	0.000277668	0.00139412	0	-1.05e+06	0	-0.00163032	
8	0.000277092	0.00167179	0	-1.05e+06	0	-0.00217034	
9	0.000276447	0.00194888	0	-1.05e+06	0	-0.00278552	
10	0.000275738	0.00222533	0	-1.05e+06	0	-0.00347516	
11	0.000274971	0.00250107	0	-1.05e+06	0	-0.00423849	
12	0.000274152	0.00277604	0	-1.05e+06	0	-0.00507471	
13	0.000273286	0.00305019	0	-1.05e+06	0	-0.00598297	
14	0.000272379	0.00332347	0	-1.05e+06	0	-0.0069624	
15	0.000271436	0.00359585	0	-1.05e+06	0	-0.00801212	
16	0.000270463	0.00386729	0	-1.05e+06	0	-0.00913123	
17	0.000269464	0.00413775	0	-1.05e+06	0	-0.0103188	
18	0.000268445	0.00440722	0	-1.05e+06	0	-0.011574	
19	0.00026741	0.00467566	0	-1.05e+06	0	-0.0128958	
20	0.000266362	0.00494307	0	-1.05e+06	0	-0.0142834	
21	0.000265306	0.00520943	0	-1.05e+06	0	-0.0157359	
22	0.000264245	0.00547474	0	-1.05e+06	0	-0.0172524	
23	0.000263181	0.00573898	0	-1.05e+06	0	-0.018832	
24	0.000262118	0.00600216	0	-1.05e+06	0	-0.020474	
25	0.000261057	0.00626428	0	-1.05e+06	0	-0.0221775	
26	0.000260001	0.00652534	0	-1.05e+06	0	-0.0239417	
27	0.000258951	0.00678534	0	-1.05e+06	0	-0.0257658	
28	0.000257909	0.00704429	0	-1.05e+06	0	-0.0276491	
29	0.000256877	0.0073022	0	-1.05e+06	0	-0.0295909	
30	0.000255854	0.00755908	0	-1.05e+06	0	-0.0315904	
31	0.000254842	0.00781493	0	-1.05e+06	0	-0.0336469	
32	0.000253842	0.00806977	0	-1.05e+06	0	-0.0357598	
33	0.000252854	0.00832362	0	-1.05e+06	0	-0.0379283	
34	0.000251878	0.00857647	0	-1.05e+06	0	-0.040152	
35	0.000250915	0.00882835	0	-1.05e+06	0	-0.0424301	
36	0.000249965	0.00907926	0	-1.05e+06	0	-0.0447621	
37	0.000249029	0.00932923	0	-1.05e+06	0	-0.0471474	
38	0.000248105	0.00957826	0	-1.05e+06	0	-0.0495854	
39	0.000247195	0.00982636	0	-1.05e+06	0	-0.0520755	
40	0.000246298	0.0100736	0	-1.05e+06	0	-0.0546172	
41	0.000245414	0.0103199	0	-1.05e+06	0	-0.0572101	
42	0.000244544	0.0105653	0	-1.05e+06	0	-0.0598536	
43	0.000243688	0.0108098	0	-1.05e+06	0	-0.0625472	
44	0.000242844	0.0110535	0	-1.05e+06	0	-0.0652904	
45	0.000242015	0.0112963	0	-1.05e+06	0	-0.0680829	
46	0.000241199	0.0115384	0	-1.05e+06	0	-0.0709241	
47	0.000240396	0.0117796	0	-1.05e+06	0	-0.0738136	
48	0.000239608	0.01202	0	-1.05e+06	0	-0.076751	
49	0.000238833	0.0122596	0	-1.05e+06	0	-0.079736	
50	0.000238073	0.0124984	0	-1.05e+06	0	-0.0827682	
51	0.000237328	0.0127365	0	-1.05e+06	0	-0.0858472	
52	0.000236597	0.0129738	0	-1.05e+06	0	-0.0889727	
53	0.000235882	0.0132104	0	-1.05e+06	0	-0.0921444	
54	0.000235182	0.0134463	0	-1.05e+06	0	-0.0953619	
55	0.000234499	0.0136815	0	-1.05e+06	0	-0.098625	
56	0.000233832	0.013916	0	-1.05e+06	0	-0.101934	
57	0.000233181	0.0141498	0	-1.05e+06	0	-0.105287	
58	0.000232548	0.014383	0	-1.05e+06	0	-0.108686	
59	0.000231934	0.0146155	0	-1.05e+06	0	-0.112129	
60	0.000231337	0.0148475	0	-1.05e+06	0	-0.115617	
61	0.00023076	0.0150788	0	-1.05e+06	0	-0.11915	
62	0.000230203	0.0153096	0	-1.05e+06	0	-0.122726	
63	0.000229666	0.0155398	0	-1.05e+06	0	-0.126347	
64	0.00022915	0.0157694	0	-1.05e+06	0	-0.130013	
65	0.000228655	0.0159986	0	-1.05e+06	0	-0.133722	
66	0.000228183	0.0162272	0	-1.05e+06	0	-0.137476	
67	0.000227734	0.0164554	0	-1.05e+06	0	-0.141275	
68	0.000227309	0.0166831	0	-1.05e+06	0	-0.145117	
69	0.000226908	0.0169105	0	-1.05e+06	0	-0.149004	
70	0.000226532	0.0171374	0	-1.05e+06	0	-0.152936	
71	0.000226181	0.0173639	0	-1.05e+06	0	-0.156912	
72	0.000225857	0.0175901	0	-1.05e+06	0	-0.160933	
73	0.000225559	0.0178159	0	-1.05e+06	0	-0.165	
74	0.000225289	0.0180415	0	-1.05e+06	0	-0.169112	
75	0.000225047	0.0182668	0	-1.05e+06	0	-0.17327	
76	0.000224833	0.0184918	0	-1.05e+06	0	-0.177473	
77	0.000224649	0.0187167	0	-1.05e+06	0	-0.181723	
78	0.000224494	0.0189413	0	-1.05e+06	0	-0.18602	
79	0.000224369	0.0191658	0	-1.05e+06	0	-0.190364	
80	0.000224274	0.0193902	0	-1.05e+06	0	-0.194755	
81	0.00022421	0.0196144	0	-1.05e+06	0	-0.199195	
82	0.000224177	0.0198387	0	-1.05e+06	0	-0.203683	
83	0.000224175	0.0200628	0	-1.05e+06	0	-0.208219	
84	0.000224205	0.020287	0	-1.05e+06	0	-0.212805	
85	0.000224266	0.0205112	0	-1.05e+06	0	-0.217442	
86	0.000224358	0.0207355	0	-1.05e+06	0	-0.222128	
87	0.000224482	0.0209598	0	-1.05e+06	0	-0.226866	
88	0.000224636	0.0211843	0	-1.05e+06	0	-0.231655	
89	0.000224822	0.021409	0	-1.05e+06	0	-0.236496	
90	0.000225038	0.0216338	0	-1.05e+06	0	-0.24139	
91	0.000225284	0.0218588	0	-1.05e+06	0	-0.246337	
92	0.000225559	0.0220841	0	-1.05e+06	0	-0.251338	
93	0.000225862	0.0223097	0	-1.05e+06	0	-0.256393	
94	0.000226193	0.0225355	0	-1.05e+06	0	-0.261502	
95	0.00022655	0.0227617	0	-1.05e+06	0	-0.266667	
96	0.000226933	0.0229883	0	-1.05e+06	0	-0.271888	
97	0.000227339	0.0232152	0	-1.05e+06	0	-0.277165	
98	0.000227767	0.0234425	0	-1.05e+06	0	-0.282498	
99	0.000228216	0.0236703	0	-1.05e+06	0	-0.287888	
100	0.000228683	0.0238985	0	-1.05e+06	0	-0.293335	
101	0.000228852	0.0241272	0	-1.05e+06	0	-0.298832	
102	0.000228595	0.024356	0	-1.05e+06	0	-0.304367	
103	0.00022835	0.0245846	0	-1.05e+06	0	-0.309941	
104	0.000228121	0.024813	0	-1.05e+06	0	-0.315553	
105	0.000227911	0.0250411	0	-1.05e+06	0	-0.321203	
106	0.000227721	0.025269	0	-1.05e+06	0	-0.32689	
107	0.000227556	0.0254967	0	-1.05e+06	0	-0.332615	
108	0.000227417	0.0257243	0	-1.05e+06	0	-0.338377	
109	0.000227306	0.0259517	0	-1.05e+06	0	-0.344177	
110	0.000227227	0.026179	0	-1.05e+06	0	-0.350014	
111	0.000227181	0.0264063	0	-1.05e+06	0	-0.355889	
112	0.000227169	0.0266334	0	-1.05e+06	0	-0.361802	
113	0.000227194	0.0268606	0	-1.05e+06	0	-0.367753	
114	0.000227257	0.0270878	0	-1.05e+06	0	-0.373742	
115	0.000227358	0.0273151	0	-1.05e+06	0	-0.37977	
116	0.000227498	0.0275424	0	-1.05e+06	0	-0.385837	
117	0.000227678	0.0277699	0	-1.05e+06	0	-0.391942	
118	0.000227898	0.0279976	0	-1.05e+06	0	-0.398088	
119	0.000228156	0.0282255	0	-1.05e+06	0	-0.404273	
120	0.000228453	0.0284536	0	-1.05e+06	0	-0.410498	
121	0.000228786	0.0286821	0	-1.05e+06	0	-0.416764	
122	0.000229154	0.0289109	0	-1.05e+06	0	-0.42307	
123	0.000229555	0.02914	0	-1.05e+06	0	-0.429418	
124	0.000229987	0.0293696	0	-1.05e+06	0	-0.435806	
125	0.000230446	0.0295996	0	-1.05e+06	0	-0.442235	
126	0.000230928	0.02983	0	-1.05e+06	0	-0.448706	
127	0.00023143	0.0300609	0	-1.05e+06	0	-0.455217	
128	0.000231947	0.0302924	0	-1.05e+06	0	-0.461768	
129	0.000232475	0.0305243	0	-1.05e+06	0	-0.468359	
130	0.000232569	0.0307568	0	-1.05e+06	0	-0.474978	
131	0.000232471	0.0309894	0	-1.05e+06	0	-0.481617	
132	0.000232389	0.0312218	0	-1.05e+06	0	-0.488276	
133	0.000232324	0.0314542	0	-1.05e+06	0	-0.494955	
134	0.000232277	0.0316866	0	-1.05e+06	0	-0.501653	
135	0.000232247	0.0319188	0	-1.05e+06	0	-0.50837	
136	0.000232235	0.0321511	0	-1.05e+06	0	-0.515106	
137	0.00023224	0.0323833	0	-1.05e+06	0	-0.52186	
138	0.000232262	0.0326156	0	-1.05e+06	0	-0.528633	
139	0.000232299	0.0328478	0	-1.05e+06	0	-0.535423	
140	0.000232261	0.0330801	0	-1.05e+06	0	-0.542228	
141	0.000232237	0.0333124	0	-1.05e+06	0	-0.549048	
142	0.000232241	0.0335446	0	-1.05e+06	0	-0.555882	
143	0.000232273	0.0337769	0	-1.05e+06	0	-0.562731	
144	0.000232334	0.0340091	0	-1.05e+06	0	-0.569596	
145	0.000232424	0.0342415	0	-1.05e+06	0	-0.576476	
146	0.000232544	0.0344739	0	-1.05e+06	0	-0.583371	
147	0.000232693	0.0347064	0	-1.05e+06	0	-0.590282	
148	0.00023287	0.0349391	0	-1.05e+06	0	-0.59721	
149	0.00023292	0.035172	0	-1.05e+06	0	-0.604149	
150	0.000232858	0.0354049	0	-1.05e+06	0	-0.611097	
151	0.000232805	0.0356378	0	-1.05e+06	0	-0.618053	
152	0.000232762	0.0358706	0	-1.05e+06	0	-0.625016	
153	0.000232726	0.0361033	0	-1.05e+06	0	-0.631987	
154	0.000232695	0.0363361	0	-1.05e+06	0	-0.638965	
155	0.000232668	0.0365688	0	-1.05e+06	0	-0.64595	
156	0.000232643	0.0368014	0	-1.05e+06	0	-0.652942	
157	0.000232618	0.0370341	0	-1.05e+06	0	-0.65994	
158	0.00023259	0.0372667	0	-1.05e+06	0	-0.666944	
159	0.000232557	0.0374993	0	-1.05e+06	0	-0.673954	
160	0.000232516	0.0377318	0	-1.05e+06	0	-0.680969	
161	0.000232466	0.0379644	0	-1.05e+06	0	-0.687987	
162	0.000232404	0.0381968	0	-1.05e+06	0	-0.69501	
163	0.00023232	0.0384292	0	-1.05e+06	0	-0.702036	
164	0.000232021	0.0386615	0	-1.05e+06	0	-0.709057	
165	0.000231752	0.0388936	0	-1.05e+06	0	-0.716076	
166	0.000231515	0.0391253	0	-1.05e+06	0	-0.723092	
167	0.00023131	0.0393568	0	-1.05e+06	0	-0.730106	
168	0.000231138	0.0395881	0	-1.05e+06	0	-0.737119	
169	0.000230998	0.0398193	0	-1.05e+06	0	-0.744132	
170	0.00023089	0.0400503	0	-1.05e+06	0	-0.751146	
171	0.000230811	0.0402812	0	-1.05e+06	0	-0.758161	
172	0.000230688	0.040512	0	-1.05e+06	0	-0.765176	
173	0.000230483	0.0407427	0	-1.05e+06	0	-0.772188	
174	0.000230283	0.0409731	0	-1.05e+06	0	-0.779198	
175	0.000230028	0.0412034	0	-1.05e+06	0	-0.786203	
176	0.000229731	0.0414335	0	-1.05e+06	0	-0.793201	
177	0.000229425	0.0416632	0	-1.05e+06	0	-0.800193	
178	0.000229112	0.0418926	0	-1.05e+06	0	-0.807178	
179	0.000228795	0.0421217	0	-1.05e+06	0	-0.814156	
180	0.000228476	0.0423505	0	-1.05e+06	0	-0.821127	
181	0.000228158	0.042579	0	-1.05e+06	0	-0.828089	
182	0.000227843	0.0428072	0	-1.05e+06	0	-0.835044	
183	0.000227534	0.043035	0	-1.05e+06	0	-0.841992	
184	0.000227232	0.0432625	0	-1.05e+06	0	-0.848931	
185	0.000226939	0.0434898	0	-1.05e+06	0	-0.855863	
186	0.000226657	0.0437167	0	-1.05e+06	0	-0.862787	
187	0.000226388	0.0439434	0	-1.05e+06	0	-0.869704	
188	0.000226133	0.0441697	0	-1.05e+06	0	-0.876614	
189	0.000225892	0.0443959	0	-1.05e+06	0	-0.883517	
190	0.000225666	0.0446218	0	-1.05e+06	0	-0.890413	
191	0.000225456	0.0448474	0	-1.05e+06	0	-0.897302	
192	0.000225262	0.0450729	0	-1.05e+06	0	-0.904186	
193	0.000225082	0.0452982	0	-1.05e+06	0	-0.911063	
194	0.000224918	0.0455232	0	-1.05e+06	0	-0.917934	
195	0.000224766	0.0457482	0	-1.05e+06	0	-0.924799	
196	0.00022456	0.0459729	0	-1.05e+06	0	-0.931657	
197	0.000224271	0.0461975	0	-1.05e+06	0	-0.938504	
198	0.000223992	0.0464218	0	-1.05e+06	0	-0.94534	
199	0.000223724	0.0466457	0	-1.05e+06	0	-0.952166	
200	0.000223466	0.0468695	0	-1.05e+06	0	-0.958981	
201	0.000223061	0.0470929	0	-1.05e+06	0	-0.96578	
202	0.000222492	0.047316	0	-1.05e+06	0	-0.972559	
203	0.000221932	0.0475385	0	-1.05e+06	0	-0.979317	
204	0.000221381	0.0477604	0	-1.05e+06	0	-0.986053	
205	0.000220841	0.0479818	0	-1.05e+06	0	-0.992769	
206	0.000220311	0.0482026	0	-1.05e+06	0	-0.999464	
207	0.000219793	0.048423	0	-1.05e+06	0	-1.00614	
208	0.000219287	0.0486427	0	-1.05e+06	0	-1.01279	
209	0.000218794	0.048862	0	-1.05e+06	0	-1.01942	
210	0.000218314	0.0490808	0	-1.05e+06	0	-1.02603	
211	0.000217847	0.0492991	0	-1.05e+06	0	-1.03262	
212	0.000217393	0.049517	0	-1.05e+06	0	-1.03919	
213	0.000216953	0.0497344	0	-1.05e+06	0	-1.04574	
214	0.000216528	0.0499513	0	-1.05e+06	0	-1.05226	
215	0.000216115	0.0501679	0	-1.05e+06	0	-1.05877	
216	0.000215717	0.050384	0	-1.05e+06	0	-1.06525	
217	0.000215333	0.0505997	0	-1.05e+06	0	-1.07172	
218	0.000214962	0.050815	0	-1.05e+06	0	-1.07816	
219	0.000214604	0.05103	0	-1.05e+06	0	-1.08458	
220	0.00021426	0.0512446	0	-1.05e+06	0	-1.09098	
221	0.000213928	0.0514589	0	-1.05e+06	0	-1.09736	
222	0.00021361	0.0516728	0	-1.05e+06	0	-1.10372	
223	0.000213129	0.0518864	0	-1.05e+06	0	-1.11005	
224	0.000212635	0.0520995	0	-1.05e+06	0	-1.11636	
225	0.000212147	0.0523122	0	-1.05e+06	0	-1.12264	
226	0.000211667	0.0525243	0	-1.05e+06	0	-1.12889	
227	0.000211197	0.052736	0	-1.05e+06	0	-1.13511	
228	0.000210738	0.0529472	0	-1.05e+06	0	-1.14131	
229	0.000210293	0.0531579	0	-1.05e+06	0	-1.14748	
230	0.000209863	0.0533682	0	-1.05e+06	0	-1.15362	
231	0.00020945	0.0535781	0	-1.05e+06	0	-1.15974	
232	0.000209055	0.0537875	0	-1.05e+06	0	-1.16582	
233	0.00020868	0.0539966	0	-1.05e+06	0	-1.17189	
234	0.000208327	0.0542052	0	-1.05e+06	0	-1.17792	
235	0.000207996	0.0544136	0	-1.05e+06	0	-1.18393	
236	0.00020769	0.0546216	0	-1.05e+06	0	-1.18992	
237	0.000207408	0.0548293	0	-1.05e+06	0	-1.19588	
238	0.000207152	0.0550367	0	-1.05e+06	0	-1.20182	
239	0.000206922	0.0552438	0	-1.05e+06	0	-1.20773	
240	0.00020672	0.0554507	0	-1.05e+06	0	-1.21362	
241	0.000206545	0.0556575	0	-1.05e+06	0	-1.21948	
242	0.000206398	0.055864	0	-1.05e+06	0	-1.22533	
243	0.000206279	0.0560704	0	-1.05e+06	0	-1.23115	
244	0.000206187	0.0562767	0	-1.05e+06	0	-1.23695	
245	0.000206123	0.0564829	0	-1.05e+06	0	-1.24273	
246	0.000206087	0.056689	0	-1.05e+06	0	-1.24848	
247	0.000206076	0.0568951	0	-1.05e+06	0	-1.25422	
248	0.000206092	0.0571012	0	-1.05e+06	0	-1.25994	
249	0.000206133	0.0573073	0	-1.05e+06	0	-1.26564	
250	0.000206198	0.0575134	0	-1.05e+06	0	-1.27132	
251	0.000206285	0.0577196	0	-1.05e+06	0	-1.27698	
252	0.000206394	0.0579259	0	-1.05e+06	0	-1.28263	
253	0.000206523	0.0581323	0	-1.05e+06	0	-1.28826	
254	0.000206671	0.0583388	0	-1.05e+06	0	-1.29387	
255	0.000206754	0.0585455	0	-1.05e+06	0	-1.29946	
256	0.000206818	0.0587522	0	-1.05e+06	0	-1.30503	
257	0.000206892	0.058959	0	-1.05e+06	0	-1.31057	
258	0.000206975	0.0591659	0	-1.05e+06	0	-1.3161	
259	0.000207065	0.0593729	0	-1.05e+06	0	-1.32161	
260	0.000207161	0.05958	0	-1.05e+06	0	-1.3271	
261	0.000207196	0.0597871	0	-1.05e+06	0	-1.33257	
262	0.000207179	0.0599943	0	-1.05e+06	0	-1.33801	
263	0.000207046	0.0602015	0	-1.05e+06	0	-1.34343	
264	0.000206931	0.0604085	0	-1.05e+06	0	-1.34882	
265	0.000206835	0.0606155	0	-1.05e+06	0	-1.35418	
266	0.000206759	0.0608223	0	-1.05e+06	0	-1.35952	
267	0.000206702	0.0610291	0	-1.05e+06	0	-1.36483	
268	0.000206665	0.0612358	0	-1.05e+06	0	-1.37012	
269	0.000206649	0.0614424	0	-1.05e+06	0	-1.37538	
270	0.000206652	0.0616491	0	-1.05e+06	0	-1.38062	
271	0.000206676	0.0618557	0	-1.05e+06	0	-1.38583	
272	0.000206719	0.0620624	0	-1.05e+06	0	-1.39102	
273	0.000206781	0.0622691	0	-1.05e+06	0	-1.39618	
274	0.000206862	0.0624759	0	-1.05e+06	0	-1.40133	
275	0.00020696	0.0626828	0	-1.05e+06	0	-1.40645	
276	0.000207076	0.0628897	0	-1.05e+06	0	-1.41154	
277	0.000207192	0.0630968	0	-1.05e+06	0	-1.41662	
278	0.000207256	0.063304	0	-1.05e+06	0	-1.42166	
279	0.000207328	0.0635113	0	-1.05e+06	0	-1.42669	
280	0.000207409	0.0637186	0	-1.05e+06	0	-1.43169	
281	0.000207497	0.063926	0	-1.05e+06	0	-1.43666	
282	0.000207592	0.0641335	0	-1.05e+06	0	-1.44161	
283	0.000207694	0.0643411	0	-1.05e+06	0	-1.44654	
284	0.000207801	0.0645488	0	-1.05e+06	0	-1.45143	
285	0.000207914	0.0647566	0	-1.05e+06	0	-1.45631	
286	0.000207988	0.0649645	0	-1.05e+06	0	-1.46115	
287	0.000208042	0.0651725	0	-1.05e+06	0	-1.46597	
288	0.000208101	0.0653805	0	-1.05e+06	0	-1.47077	
289	0.000208166	0.0655886	0	-1.05e+06	0	-1.47553	
290	0.000208237	0.0657968	0	-1.05e+06	0	-1.48027	
291	0.000208315	0.066005	0	-1.05e+06	0	-1.48498	
292	0.0002084	0.0662133	0	-1.05e+06	0	-1.48966	
293	0.000208493	0.0664217	0	-1.05e+06	0	-1.49431	
294	0.000208594	0.0666302	0	-1.05e+06	0	-1.49893	
295	0.000208702	0.0668388	0	-1.05e+06	0	-1.50353	
296	0.000208819	0.0670475	0	-1.05e+06	0	-1.50809	
297	0.000208944	0.0672564	0	-1.05e+06	0	-1.51263	
298	0.000209076	0.0674653	0	-1.05e+06	0	-1.51714	
299	0.000209216	0.0676744	0	-1.05e+06	0	-1.52162	
300	0.000209364	0.0678836	0	-1.05e+06	0	-1.52607	
301	0.000209518	0.068093	0	-1.05e+06	0	-1.53048	
302	0.000209678	0.0683025	0	-1.05e+06	0	-1.53487	
303	0.000209844	0.0685121	0	-1.05e+06	0	-1.53923	
304	0.000210014	0.068722	0	-1.05e+06	0	-1.54356	
305	0.000210188	0.068932	0	-1.05e+06	0	-1.54786	
306	0.00021036	0.0691422	0	-1.05e+06	0	-1.55213	
307	0.000210451	0.0693526	0	-1.05e+06	0	-1.55636	
308	0.00021054	0.069563	0	-1.05e+06	0	-1.56056	
309	0.000210628	0.0697735	0	-1.05e+06	0	-1.56473	
310	0.000210715	0.0699842	0	-1.05e+06	0	-1.56886	
311	0.000210803	0.0701949	0	-1.05e+06	0	-1.57296	
312	0.000210891	0.0704057	0	-1.05e+06	0	-1.57702	
313	0.00021098	0.0706166	0	-1.05e+06	0	-1.58105	
314	0.000211071	0.0708276	0	-1.05e+06	0	-1.58505	
315	0.000211141	0.0710386	0	-1.05e+06	0	-1.58901	
316	0.000211114	0.0712498	0	-1.05e+06	0	-1.59293	
317	0.000211094	0.0714609	0	-1.05e+06	0	-1.59681	
318	0.000211083	0.071672	0	-1.05e+06	0	-1.60066	
319	0.000211082	0.0718831	0	-1.05e+06	0	-1.60447	
320	0.000211094	0.0720941	0	-1.05e+06	0	-1.60824	
321	0.000211118	0.0723052	0	-1.05e+06	0	-1.61197	
322	0.000211157	0.0725164	0	-1.05e+06	0	-1.61567	
323	0.00021121	0.0727275	0	-1.05e+06	0	-1.61933	
324	0.00021128	0.0729387	0	-1.05e+06	0	-1.62295	
325	0.000211365	0.07315	0	-1.05e+06	0	-1.62654	
326	0.000211467	0.0733614	0	-1.05e+06	0	-1.63009	
327	0.000211585	0.0735728	0	-1.05e+06	0	-1.63361	
328	0.000211718	0.0737844	0	-1.05e+06	0	-1.63709	
329	0.000211867	0.0739961	0	-1.05e+06	0	-1.64053	
330	0.000212029	0.074208	0	-1.05e+06	0	-1.64394	
331	0.000212204	0.07442	0	-1.05e+06	0	-1.64731	
332	0.000212389	0.0746322	0	-1.05e+06	0	-1.65065	
333	0.000212584	0.0748446	0	-1.05e+06	0	-1.65395	
334	0.000212636	0.0750572	0	-1.05e+06	0	-1.65721	
335	0.000212676	0.0752698	0	-1.05e+06	0	-1.66044	
336	0.000212681	0.0754825	0	-1.05e+06	0	-1.66363	
337	0.000212647	0.0756952	0	-1.05e+06	0	-1.66678	
338	0.000212614	0.0759079	0	-1.05e+06	0	-1.66989	
339	0.000212582	0.0761205	0	-1.05e+06	0	-1.67296	
340	0.000212554	0.076333	0	-1.05e+06	0	-1.676	
341	0.000212528	0.0765456	0	-1.05e+06	0	-1.67899	
342	0.000212506	0.0767581	0	-1.05e+06	0	-1.68195	
343	0.000212489	0.0769706	0	-1.05e+06	0	-1.68487	
344	0.000212394	0.0771831	0	-1.05e+06	0	-1.68776	
345	0.000212024	0.0773955	0	-1.05e+06	0	-1.6906	
346	0.000211657	0.0776075	0	-1.05e+06	0	-1.6934	
347	0.000211299	0.0778192	0	-1.05e+06	0	-1.69616	
348	0.000210952	0.0780305	0	-1.05e+06	0	-1.69888	
349	0.000210619	0.0782415	0	-1.05e+06	0	-1.70156	
350	0.0002103	0.0784521	0	-1.05e+06	0	-1.70419	
351	0.000209998	0.0786624	0	-1.05e+06	0	-1.70679	
352	0.000209714	0.0788724	0	-1.05e+06	0	-1.70935	
353	0.000209447	0.0790821	0	-1.05e+06	0	-1.71188	
354	0.000209198	0.0792915	0	-1.05e+06	0	-1.71436	
355	0.000208968	0.0795007	0	-1.05e+06	0	-1.71681	
356	0.000208752	0.0797097	0	-1.05e+06	0	-1.71922	
357	0.000208498	0.0799184	0	-1.05e+06	0	-1.7216	
358	0.000208255	0.0801269	0	-1.05e+06	0	-1.72393	
359	0.000208025	0.0803352	0	-1.05e+06	0	-1.72624	
360	0.000207807	0.0805432	0	-1.05e+06	0	-1.7285	
361	0.000207602	0.080751	0	-1.05e+06	0	-1.73073	
362	0.000207411	0.0809586	0	-1.05e+06	0	-1.73293	
363	0.000207232	0.081166	0	-1.05e+06	0	-1.73509	
364	0.000207067	0.0813733	0	-1.05e+06	0	-1.73721	
365	0.000206916	0.0815803	0	-1.05e+06	0	-1.7393	
366	0.000206777	0.0817873	0	-1.05e+06	0	-1.74136	
367	0.000206652	0.081994	0	-1.05e+06	0	-1.74338	
368	0.00020654	0.0822007	0	-1.05e+06	0	-1.74537	
369	0.000206394	0.0824072	0	-1.05e+06	0	-1.74733	
370	0.000206204	0.0826136	0	-1.05e+06	0	-1.74925	
371	0.000206031	0.0828198	0	-1.05e+06	0	-1.75114	
372	0.000205877	0.0830259	0	-1.05e+06	0	-1.753	
373	0.000205743	0.0832317	0	-1.05e+06	0	-1.75482	
374	0.000205629	0.0834375	0	-1.05e+06	0	-1.75661	
375	0.000205535	0.0836431	0	-1.05e+06	0	-1.75837	
376	0.000205463	0.0838486	0	-1.05e+06	0	-1.76009	
377	0.000205412	0.0840541	0	-1.05e+06	0	-1.76179	
378	0.000205383	0.0842595	0	-1.05e+06	0	-1.76345	
379	0.000205375	0.0844649	0	-1.05e+06	0	-1.76508	
380	0.000205387	0.0846703	0	-1.05e+06	0	-1.76667	
381	0.000205421	0.0848757	0	-1.05e+06	0	-1.76824	
382	0.000205474	0.0850811	0	-1.05e+06	0	-1.76977	
383	0.000205546	0.0852866	0	-1.05e+06	0	-1.77128	
384	0.000205635	0.0854921	0	-1.05e+06	0	-1.77275	
385	0.000205742	0.0856977	0	-1.05e+06	0	-1.77419	
386	0.000205863	0.0859035	0	-1.05e+06	0	-1.7756	
387	0.000205999	0.0861093	0	-1.05e+06	0	-1.77698	
388	0.000206146	0.0863153	0	-1.05e+06	0	-1.77832	
389	0.000206305	0.0865215	0	-1.05e+06	0	-1.77964	
390	0.000206472	0.0867278	0	-1.05e+06	0	-1.78092	
391	0.000206524	0.0869343	0	-1.05e+06	0	-1.78217	
392	0.000206527	0.0871408	0	-1.05e+06	0	-1.78339	
393	0.000206538	0.0873473	0	-1.05e+06	0	-1.78458	
394	0.000206559	0.0875539	0	-1.05e+06	0	-1.78573	
395	0.000206589	0.0877604	0	-1.05e+06	0	-1.78685	
396	0.000206629	0.087967	0	-1.05e+06	0	-1.78794	
397	0.000206678	0.0881736	0	-1.05e+06	0	-1.78899	
398	0.000206738	0.0883803	0	-1.05e+06	0	-1.79001	
399	0.000206808	0.088587	0	-1.05e+06	0	-1.791	
400	0.000206888	0.0887939	0	-1.05e+06	0	-1.79195	
401	0.000206977	0.0890007	0	-1.05e+06	0	-1.79287	
402	0.000207075	0.0892077	0	-1.05e+06	0	-1.79375	
403	0.00020718	0.0894148	0	-1.05e+06	0	-1.7946	
404	0.000207226	0.089622	0	-1.05e+06	0	-1.79542	
405	0.000207218	0.0898292	0	-1.05e+06	0	-1.7962	
406	0.000207221	0.0900364	0	-1.05e+06	0	-1.79695	
407	0.000207238	0.0902436	0	-1.05e+06	0	-1.79766	
408	0.000207268	0.0904509	0	-1.05e+06	0	-1.79833	
409	0.000207311	0.0906581	0	-1.05e+06	0	-1.79897	
410	0.000207368	0.0908655	0	-1.05e+06	0	-1.79957	
411	0.000207438	0.0910728	0	-1.05e+06	0	-1.80014	
412	0.000207521	0.0912803	0	-1.05e+06	0	-1.80067	
413	0.000207618	0.0914878	0	-1.05e+06	0	-1.80116	
414	0.000207726	0.0916954	0	-1.05e+06	0	-1.80162	
415	0.000207846	0.0919031	0	-1.05e+06	0	-1.80204	
416	0.0002078	0.092111	0	-1.05e+06	0	-1.80242	
417	0.000207707	0.0923188	0	-1.05e+06	0	-1.80276	
418	0.000207623	0.0925265	0	-1.05e+06	0	-1.80307	
419	0.00020755	0.0927341	0	-1.05e+06	0	-1.80334	
420	0.000207488	0.0929417	0	-1.05e+06	0	-1.80357	
421	0.000207436	0.0931491	0	-1.05e+06	0	-1.80376	
422	0.000207397	0.0933566	0	-1.05e+06	0	-1.80391	
423	0.000207369	0.093564	0	-1.05e+06	0	-1.80403	
424	0.000207353	0.0937713	0	-1.05e+06	0	-1.8041	
425	0.00020735	0.0939787	0	-1.05e+06	0	-1.80414	
426	0.000207358	0.094186	0	-1.05e+06	0	-1.80413	
427	0.000207377	0.0943934	0	-1.05e+06	0	-1.80409	
428	0.000207408	0.0946008	0	-1.05e+06	0	-1.80401	
429	0.00020745	0.0948082	0	-1.05e+06	0	-1.80388	
430	0.000207501	0.0950156	0	-1.05e+06	0	-1.80372	
431	0.000207562	0.0952231	0	-1.05e+06	0	-1.80352	
432	0.000207625	0.0954307	0	-1.05e+06	0	-1.80328	
433	0.000207532	0.0956383	0	-1.05e+06	0	-1.80299	
434	0.000207442	0.0958459	0	-1.05e+06	0	-1.80267	
435	0.000207357	0.0960533	0	-1.05e+06	0	-1.80231	
436	0.000207278	0.0962607	0	-1.05e+06	0	-1.8019	
437	0.000207207	0.0964679	0	-1.05e+06	0	-1.80146	
438	0.000207145	0.0966751	0	-1.05e+06	0	-1.80097	
439	0.000207092	0.0968823	0	-1.05e+06	0	-1.80044	
440	0.000207051	0.0970894	0	-1.05e+06	0	-1.79988	
441	0.000207022	0.0972964	0	-1.05e+06	0	-1.79927	
442	0.000207006	0.0975035	0	-1.05e+06	0	-1.79862	
443	0.000207003	0.0977105	0	-1.05e+06	0	-1.79793	
444	0.000207015	0.0979175	0	-1.05e+06	0	-1.79721	
445	0.00020704	0.0981245	0	-1.05e+06	0	-1.79643	
446	0.00020708	0.0983315	0	-1.05e+06	0	-1.79562	
447	0.000207134	0.0985386	0	-1.05e+06	0	-1.79477	
448	0.000207201	0.0987457	0	-1.05e+06	0	-1.79388	
449	0.000207282	0.0989529	0	-1.05e+06	0	-1.79294	
450	0.000207374	0.0991602	0	-1.05e+06	0	-1.79197	
451	0.000207479	0.0993676	0	-1.05e+06	0	-1.79095	
452	0.000207593	0.0995751	0	-1.05e+06	0	-1.78989	
453	0.000207716	0.0997827	0	-1.05e+06	0	-1.78879	
454	0.000207846	0.0999904	0	-1.05e+06	0	-1.78765	
455	0.000207981	0.100198	0	-1.05e+06	0	-1.78646	
456	0.000208121	0.100406	0	-1.05e+06	0	-1.78524	
457	0.000208262	0.100614	0	-1.05e+06	0	-1.78397	
458	0.000208303	0.100823	0	-1.05e+06	0	-1.78266	
459	0.000208237	0.101031	0	-1.05e+06	0	-1.78131	
460	0.000208173	0.101239	0	-1.05e+06	0	-1.77992	
461	0.000208111	0.101447	0	-1.05e+06	0	-1.7785	
462	0.000208053	0.101655	0	-1.05e+06	0	-1.77703	
463	0.000207997	0.101863	0	-1.05e+06	0	-1.77552	
464	0.000207945	0.102071	0	-1.05e+06	0	-1.77397	
465	0.000207896	0.102279	0	-1.05e+06	0	-1.77238	
466	0.00020785	0.102487	0	-1.05e+06	0	-1.77076	
467	0.000207808	0.102695	0	-1.05e+06	0	-1.76909	
468	0.000207769	0.102903	0	-1.05e+06	0	-1.76738	
469	0.000207732	0.103111	0	-1.05e+06	0	-1.76564	
470	0.000207699	0.103318	0	-1.05e+06	0	-1.76385	
471	0.000207667	0.103526	0	-1.05e+06	0	-1.76203	
472	0.000207637	0.103734	0	-1.05e+06	0	-1.76017	
473	0.000207607	0.103941	0	-1.05e+06	0	-1.75826	
474	0.000207578	0.104149	0	-1.05e+06	0	-1.75632	
475	0.000207494	0.104357	0	-1.05e+06	0	-1.75434	
476	0.000207377	0.104564	0	-1.05e+06	0	-1.75233	
477	0.000207157	0.104772	0	-1.05e+06	0	-1.75027	
478	0.000206929	0.104979	0	-1.05e+06	0	-1.74818	
479	0.000206695	0.105186	0	-1.05e+06	0	-1.74606	
480	0.000206457	0.105392	0	-1.05e+06	0	-1.74389	
481	0.000206216	0.105599	0	-1.05e+06	0	-1.74169	
482	0.000205974	0.105805	0	-1.05e+06	0	-1.73946	
483	0.000205734	0.106011	0	-1.05e+06	0	-1.73719	
484	0.000205496	0.106217	0	-1.05e+06	0	-1.73488	
485	0.000205262	0.106422	0	-1.05e+06	0	-1.73254	
486	0.000205034	0.106627	0	-1.05e+06	0	-1.73017	
487	0.000204813	0.106832	0	-1.05e+06	0	-1.72776	
488	0.000204601	0.107037	0	-1.05e+06	0	-1.72531	
489	0.000204398	0.107242	0	-1.05e+06	0	-1.72283	
490	0.000204207	0.107446	0	-1.05e+06	0	-1.72032	
491	0.000204028	0.10765	0	-1.05e+06	0	-1.71777	
492	0.000203862	0.107855	0	-1.05e+06	0	-1.71518	
493	0.000203709	0.108058	0	-1.05e+06	0	-1.71256	
494	0.000203571	0.108262	0	-1.05e+06	0	-1.7099	
495	0.000203448	0.108466	0	-1.05e+06	0	-1.70721	
496	0.000203341	0.108669	0	-1.05e+06	0	-1.70449	
497	0.000203248	0.108872	0	-1.05e+06	0	-1.70173	
498	0.000203172	0.109076	0	-1.05e+06	0	-1.69893	
499	0.000203111	0.109279	0	-1.05e+06	0	-1.6961	
500	0.000203066	0.109482	0	-1.05e+06	0	-1.69323	
501	0.000203037	0.109685	0	-1.05e+06	0	-1.69032	
502	0.000203022	0.109888	0	-1.05e+06	0	-1.68738	
503	0.000202914	0.110091	0	-1.05e+06	0	-1.68441	
504	0.000202752	0.110294	0	-1.05e+06	0	-1.6814	
505	0.000202605	0.110497	0	-1.05e+06	0	-1.67836	
506	0.000202472	0.110699	0	-1.05e+06	0	-1.67528	
507	0.000202354	0.110902	0	-1.05e+06	0	-1.67217	
508	0.00020225	0.111104	0	-1.05e+06	0	-1.66903	
509	0.00020216	0.111306	0	-1.05e+06	0	-1.66585	
510	0.000202083	0.111509	0	-1.05e+06	0	-1.66264	
511	0.00020202	0.111711	0	-1.05e+06	0	-1.6594	
512	0.000201969	0.111913	0	-1.05e+06	0	-1.65612	
513	0.00020193	0.112115	0	-1.05e+06	0	-1.65281	
514	0.000201903	0.112317	0	-1.05e+06	0	-1.64946	
515	0.000201887	0.112519	0	-1.05e+06	0	-1.64608	
516	0.000201881	0.11272	0	-1.05e+06	0	-1.64267	
517	0.000201884	0.112922	0	-1.05e+06	0	-1.63922	
518	0.000201897	0.113124	0	-1.05e+06	0	-1.63574	
519	0.000201916	0.113326	0	-1.05e+06	0	-1.63223	
520	0.000201871	0.113528	0	-1.05e+06	0	-1.62868	
521	0.000201835	0.11373	0	-1.05e+06	0	-1.6251	
522	0.000201807	0.113932	0	-1.05e+06	0	-1.62149	
523	0.000201787	0.114134	0	-1.05e+06	0	-1.61784	
524	0.000201773	0.114335	0	-1.05e+06	0	-1.61416	
525	0.000201766	0.114537	0	-1.05e+06	0	-1.61046	
526	0.000201765	0.114739	0	-1.05e+06	0	-1.60671	
527	0.00020177	0.114941	0	-1.05e+06	0	-1.60294	
528	0.00020178	0.115142	0	-1.05e+06	0	-1.59914	
529	0.000201795	0.115344	0	-1.05e+06	0	-1.5953	
530	0.000201814	0.115546	0	-1.05e+06	0	-1.59143	
531	0.000201838	0.115748	0	-1.05e+06	0	-1.58753	
532	0.000201865	0.11595	0	-1.05e+06	0	-1.5836	
533	0.000201892	0.116151	0	-1.05e+06	0	-1.57964	
534	0.000201887	0.116353	0	-1.05e+06	0	-1.57564	
535	0.000201892	0.116555	0	-1.05e+06	0	-1.57162	
536	0.000201909	0.116757	0	-1.05e+06	0	-1.56756	
537	0.000201938	0.116959	0	-1.05e+06	0	-1.56348	
538	0.000201977	0.117161	0	-1.05e+06	0	-1.55936	
539	0.000202028	0.117363	0	-1.05e+06	0	-1.55521	
540	0.00020209	0.117565	0	-1.05e+06	0	-1.55104	
541	0.000202164	0.117767	0	-1.05e+06	0	-1.54683	
542	0.000202249	0.117969	0	-1.05e+06	0	-1.54259	
543	0.000202346	0.118171	0	-1.05e+06	0	-1.53831	
544	0.000202453	0.118374	0	-1.05e+06	0	-1.53401	
545	0.000202557	0.118576	0	-1.05e+06	0	-1.52968	
546	0.00020264	0.118779	0	-1.05e+06	0	-1.52531	
547	0.000202729	0.118981	0	-1.05e+06	0	-1.52091	
548	0.000202823	0.119184	0	-1.05e+06	0	-1.51649	
549	0.000202924	0.119387	0	-1.05e+06	0	-1.51203	
550	0.000203031	0.11959	0	-1.05e+06	0	-1.50754	
551	0.000203145	0.119793	0	-1.05e+06	0	-1.50302	
552	0.000203267	0.119996	0	-1.05e+06	0	-1.49847	
553	0.000203396	0.120199	0	-1.05e+06	0	-1.49388	
554	0.000203533	0.120403	0	-1.05e+06	0	-1.48927	
555	0.000203678	0.120606	0	-1.05e+06	0	-1.48462	
556	0.000203832	0.12081	0	-1.05e+06	0	-1.47995	
557	0.000203994	0.121014	0	-1.05e+06	0	-1.47524	
558	0.000204165	0.121218	0	-1.05e+06	0	-1.4705	
559	0.000204344	0.121422	0	-1.05e+06	0	-1.46573	
560	0.000204533	0.121626	0	-1.05e+06	0	-1.46092	
561	0.00020473	0.121831	0	-1.05e+06	0	-1.45608	
562	0.000204936	0.122036	0	-1.05e+06	0	-1.45122	
563	0.00020515	0.122241	0	-1.05e+06	0	-1.44631	
564	0.000205331	0.122446	0	-1.05e+06	0	-1.44138	
565	0.000205471	0.122651	0	-1.05e+06	0	-1.43642	
566	0.000205619	0.122856	0	-1.05e+06	0	-1.43142	
567	0.000205775	0.123062	0	-1.05e+06	0	-1.4264	
568	0.00020594	0.123268	0	-1.05e+06	0	-1.42134	
569	0.000206114	0.123474	0	-1.05e+06	0	-1.41625	
570	0.000206297	0.12368	0	-1.05e+06	0	-1.41114	
571	0.000206489	0.123886	0	-1.05e+06	0	-1.40599	
572	0.000206691	0.124093	0	-1.05e+06	0	-1.40081	
573	0.000206902	0.124299	0	-1.05e+06	0	-1.3956	
574	0.000207122	0.124506	0	-1.05e+06	0	-1.39035	
575	0.000207352	0.124713	0	-1.05e+06	0	-1.38508	
576	0.00020759	0.124921	0	-1.05e+06	0	-1.37977	
577	0.000207837	0.125128	0	-1.05e+06	0	-1.37444	
578	0.000208092	0.125336	0	-1.05e+06	0	-1.36907	
579	0.000208253	0.125544	0	-1.05e+06	0	-1.36367	
580	0.000208357	0.125753	0	-1.05e+06	0	-1.35825	
581	0.000208468	0.125961	0	-1.05e+06	0	-1.3528	
582	0.000208584	0.126169	0	-1.05e+06	0	-1.34732	
583	0.000208706	0.126378	0	-1.05e+06	0	-1.34181	
584	0.000208834	0.126587	0	-1.05e+06	0	-1.33628	
585	0.000208969	0.126796	0	-1.05e+06	0	-1.33072	
586	0.000209109	0.127004	0	-1.05e+06	0	-1.32513	
587	0.000209256	0.127214	0	-1.05e+06	0	-1.31952	
588	0.000209408	0.127423	0	-1.05e+06	0	-1.31388	
589	0.000209567	0.127632	0	-1.05e+06	0	-1.30822	
590	0.000209733	0.127842	0	-1.05e+06	0	-1.30253	
591	0.000209904	0.128052	0	-1.05e+06	0	-1.29681	
592	0.000210081	0.128261	0	-1.05e+06	0	-1.29107	
593	0.000210265	0.128472	0	-1.05e+06	0	-1.2853	
594	0.000210454	0.128682	0	-1.05e+06	0	-1.27951	
595	0.000210649	0.128892	0	-1.05e+06	0	-1.27369	
596	0.000210849	0.129103	0	-1.05e+06	0	-1.26784	
597	0.000211055	0.129314	0	-1.05e+06	0	-1.26197	
598	0.000211266	0.129525	0	-1.05e+06	0	-1.25607	
599	0.000211482	0.129736	0	-1.05e+06	0	-1.25015	
600	0.000211702	0.129948	0	-1.05e+06	0	-1.24421	
601	0.000211927	0.130159	0	-1.05e+06	0	-1.23824	
602	0.000212155	0.130371	0	-1.05e+06	0	-1.23225	
603	0.000212387	0.130583	0	-1.05e+06	0	-1.22623	
604	0.000212621	0.130796	0	-1.05e+06	0	-1.22019	
605	0.000212858	0.131008	0	-1.05e+06	0	-1.21412	
606	0.000213097	0.131221	0	-1.05e+06	0	-1.20803	
607	0.000213336	0.131434	0	-1.05e+06	0	-1.20192	
608	0.000213577	0.131648	0	-1.05e+06	0	-1.19578	
609	0.000213817	0.131861	0	-1.05e+06	0	-1.18962	
610	0.000214057	0.132075	0	-1.05e+06	0	-1.18344	
611	0.000214295	0.132289	0	-1.05e+06	0	-1.17724	
612	0.000214531	0.132503	0	-1.05e+06	0	-1.17102	
613	0.000214765	0.132718	0	-1.05e+06	0	-1.16477	
614	0.000214994	0.132933	0	-1.05e+06	0	-1.1585	
615	0.000215219	0.133148	0	-1.05e+06	0	-1.15222	
616	0.000215439	0.133363	0	-1.05e+06	0	-1.14591	
617	0.000215533	0.133578	0	-1.05e+06	0	-1.13959	
618	0.000215616	0.133794	0	-1.05e+06	0	-1.13325	
619	0.000215702	0.134009	0	-1.05e+06	0	-1.1269	
620	0.00021579	0.134225	0	-1.05e+06	0	-1.12053	
621	0.00021588	0.134441	0	-1.05e+06	0	-1.11415	
622	0.000215949	0.134657	0	-1.05e+06	0	-1.10775	
623	0.000215941	0.134873	0	-1.05e+06	0	-1.10134	
624	0.00021593	0.135089	0	-1.05e+06	0	-1.09493	
625	0.000215916	0.135305	0	-1.05e+06	0	-1.0885	
626	0.000215901	0.135521	0	-1.05e+06	0	-1.08206	
627	0.000215884	0.135736	0	-1.05e+06	0	-1.07562	
628	0.000215865	0.135952	0	-1.05e+06	0	-1.06916	
629	0.000215846	0.136168	0	-1.05e+06	0	-1.0627	
630	0.000215826	0.136384	0	-1.05e+06	0	-1.05623	
631	0.000215806	0.1366	0	-1.05e+06	0	-1.04975	
632	0.000215785	0.136816	0	-1.05e+06	0	-1.04326	
633	0.000215765	0.137032	0	-1.05e+06	0	-1.03677	
634	0.000215745	0.137247	0	-1.05e+06	0	-1.03027	
635	0.000215726	0.137463	0	-1.05e+06	0	-1.02377	
636	0.000215706	0.137679	0	-1.05e+06	0	-1.01726	
637	0.000215688	0.137894	0	-1.05e+06	0	-1.01074	
638	0.00021567	0.13811	0	-1.05e+06	0	-1.00422	
639	0.000215653	0.138326	0	-1.05e+06	0	-0.997691	
640	0.000215635	0.138541	0	-1.05e+06	0	-0.991161	
641	0.000215515	0.138757	0	-1.05e+06	0	-0.984629	
642	0.000215397	0.138973	0	-1.05e+06	0	-0.978098	
643	0.000215283	0.139188	0	-1.05e+06	0	-0.971566	
644	0.000215172	0.139403	0	-1.05e+06	0	-0.965035	
645	0.000215065	0.139618	0	-1.05e+06	0	-0.958503	
646	0.000214961	0.139834	0	-1.05e+06	0	-0.951973	
647	0.000214862	0.140048	0	-1.05e+06	0	-0.945444	
648	0.000214766	0.140263	0	-1.05e+06	0	-0.938915	
649	0.000214675	0.140478	0	-1.05e+06	0	-0.932389	
650	0.000214587	0.140693	0	-1.05e+06	0	-0.925864	
651	0.000214503	0.140907	0	-1.05e+06	0	-0.919341	
652	0.000214423	0.141122	0	-1.05e+06	0	-0.91282	
653	0.000214347	0.141336	0	-1.05e+06	0	-0.906302	
654	0.000214274	0.141551	0	-1.05e+06	0	-0.899786	
655	0.000214204	0.141765	0	-1.05e+06	0	-0.893274	
656	0.000214052	0.141979	0	-1.05e+06	0	-0.886768	
657	0.000213894	0.142193	0	-1.05e+06	0	-0.880268	
658	0.000213742	0.142407	0	-1.05e+06	0	-0.873775	
659	0.000213597	0.142621	0	-1.05e+06	0	-0.867289	
660	0.000213459	0.142834	0	-1.05e+06	0	-0.860809	
661	0.000213329	0.143048	0	-1.05e+06	0	-0.854337	
662	0.000213207	0.143261	0	-1.05e+06	0	-0.847871	
663	0.000213094	0.143474	0	-1.05e+06	0	-0.841413	
664	0.000212991	0.143688	0	-1.05e+06	0	-0.834962	
665	0.000212897	0.1439	0	-1.05e+06	0	-0.828518	
666	0.000212814	0.144113	0	-1.05e+06	0	-0.822082	
667	0.00021274	0.144326	0	-1.05e+06	0	-0.815652	
668	0.000212677	0.144539	0	-1.05e+06	0	-0.80923	
669	0.000212625	0.144752	0	-1.05e+06	0	-0.802815	
670	0.000212582	0.144964	0	-1.05e+06	0	-0.796408	
671	0.00021255	0.145177	0	-1.05e+06	0	-0.790007	
672	0.000212528	0.145389	0	-1.05e+06	0	-0.783614	
673	0.000212515	0.145602	0	-1.05e+06	0	-0.777228	
674	0.000212512	0.145814	0	-1.05e+06	0	-0.770849	
675	0.000212518	0.146027	0	-1.05e+06	0	-0.764478	
676	0.000212532	0.146239	0	-1.05e+06	0	-0.758113	
677	0.000212553	0.146452	0	-1.05e+06	0	-0.751757	
678	0.000212582	0.146665	0	-1.05e+06	0	-0.745407	
679	0.000212618	0.146877	0	-1.05e+06	0	-0.739066	
680	0.000212659	0.14709	0	-1.05e+06	0	-0.732732	
681	0.000212706	0.147302	0	-1.05e+06	0	-0.726405	
682	0.000212757	0.147515	0	-1.05e+06	0	-0.720087	
683	0.000212813	0.147728	0	-1.05e+06	0	-0.713777	
684	0.000212871	0.147941	0	-1.05e+06	0	-0.707476	
685	0.000212909	0.148154	0	-1.05e+06	0	-0.701184	
686	0.000212901	0.148366	0	-1.05e+06	0	-0.694903	
687	0.000212897	0.148579	0	-1.05e+06	0	-0.688633	
688	0.000212898	0.148792	0	-1.05e+06	0	-0.682374	
689	0.000212903	0.149005	0	-1.05e+06	0	-0.676127	
690	0.000212912	0.149218	0	-1.05e+06	0	-0.669892	
691	0.000212927	0.149431	0	-1.05e+06	0	-0.663669	
692	0.000212946	0.149644	0	-1.05e+06	0	-0.657459	
693	0.00021297	0.149857	0	-1.05e+06	0	-0.65126	
694	0.000212999	0.15007	0	-1.05e+06	0	-0.645075	
695	0.000213032	0.150283	0	-1.05e+06	0	-0.638902	
696	0.000213071	0.150496	0	-1.05e+06	0	-0.632742	
697	0.000213114	0.150709	0	-1.05e+06	0	-0.626596	
698	0.000213163	0.150922	0	-1.05e+06	0	-0.620463	
699	0.000213215	0.151135	0	-1.05e+06	0	-0.614344	
700	0.000213273	0.151348	0	-1.05e+06	0	-0.608239	
701	0.000213335	0.151562	0	-1.05e+06	0	-0.602149	
702	0.000213402	0.151775	0	-1.05e+06	0	-0.596073	
703	0.000213473	0.151988	0	-1.05e+06	0	-0.590012	
704	0.000213548	0.152202	0	-1.05e+06	0	-0.583966	
705	0.000213618	0.152415	0	-1.05e+06	0	-0.577936	
706	0.00021366	0.152629	0	-1.05e+06	0	-0.571924	
707	0.000213704	0.152843	0	-1.05e+06	0	-0.565928	
708	0.00021375	0.153056	0	-1.05e+06	0	-0.55995	
709	0.000213798	0.15327	0	-1.05e+06	0	-0.553991	
710	0.000213849	0.153484	0	-1.05e+06	0	-0.54805	
711	0.000213901	0.153698	0	-1.05e+06	0	-0.542127	
712	0.000213957	0.153912	0	-1.05e+06	0	-0.536224	
713	0.000214015	0.154126	0	-1.05e+06	0	-0.530341	
714	0.000214076	0.15434	0	-1.05e+06	0	-0.524477	
715	0.000214124	0.154554	0	-1.05e+06	0	-0.518634	
716	0.000214154	0.154768	0	-1.05e+06	0	-0.512813	
717	0.000214188	0.154982	0	-1.05e+06	0	-0.507014	
718	0.000214226	0.155196	0	-1.05e+06	0	-0.501237	
719	0.000214268	0.15541	0	-1.05e+06	0	-0.495482	
720	0.000214316	0.155625	0	-1.05e+06	0	-0.489751	
721	0.000214369	0.155839	0	-1.05e+06	0	-0.484042	
722	0.000214427	0.156053	0	-1.05e+06	0	-0.478357	
723	0.000214493	0.156268	0	-1.05e+06	0	-0.472695	
724	0.000214565	0.156482	0	-1.05e+06	0	-0.467058	
725	0.000214644	0.156697	0	-1.05e+06	0	-0.461444	
726	0.000214731	0.156912	0	-1.05e+06	0	-0.455854	
727	0.000214825	0.157126	0	-1.05e+06	0	-0.450289	
728	0.000214928	0.157341	0	-1.05e+06	0	-0.444748	
729	0.00021504	0.157556	0	-1.05e+06	0	-0.439232	
730	0.00021516	0.157771	0	-1.05e+06	0	-0.433741	
731	0.00021529	0.157986	0	-1.05e+06	0	-0.428274	
732	0.000215429	0.158202	0	-1.05e+06	0	-0.422833	
733	0.000215577	0.158417	0	-1.05e+06	0	-0.417417	
734	0.000215736	0.158633	0	-1.05e+06	0	-0.412027	
735	0.000215904	0.158848	0	-1.05e+06	0	-0.406662	
736	0.000216083	0.159064	0	-1.05e+06	0	-0.401323	
737	0.000216271	0.15928	0	-1.05e+06	0	-0.396009	
738	0.000216471	0.159497	0	-1.05e+06	0	-0.390721	
739	0.00021668	0.159713	0	-1.05e+06	0	-0.385459	
740	0.000216901	0.15993	0	-1.05e+06	0	-0.380223	
741	0.000217132	0.160147	0	-1.05e+06	0	-0.375013	
742	0.000217374	0.160364	0	-1.05e+06	0	-0.369829	
743	0.000217626	0.160581	0	-1.05e+06	0	-0.364671	
744	0.00021789	0.160799	0	-1.05e+06	0	-0.35954	
745	0.000218164	0.161017	0	-1.05e+06	0	-0.354435	
746	0.000218448	0.161235	0	-1.05e+06	0	-0.349357	
747	0.000218744	0.161453	0	-1.05e+06	0	-0.344305	
748	0.000219049	0.161672	0	-1.05e+06	0	-0.33928	
749	0.000219366	0.161891	0	-1.05e+06	0	-0.334282	
750	0.000219692	0.16211	0	-1.05e+06	0	-0.329311	
751	0.000220029	0.16233	0	-1.05e+06	0	-0.324367	
752	0.000220375	0.16255	0	-1.05e+06	0	-0.319451	
753	0.000220731	0.16277	0	-1.05e+06	0	-0.314561	
754	0.000221096	0.162991	0	-1.05e+06	0	-0.3097	
755	0.00022147	0.163212	0	-1.05e+06	0	-0.304866	
756	0.000221853	0.163434	0	-1.05e+06	0	-0.30006	
757	0.000222244	0.163656	0	-1.05e+06	0	-0.295282	
758	0.000222643	0.163878	0	-1.05e+06	0	-0.290532	
759	0.00022305	0.1641	0	-1.05e+06	0	-0.285811	
760	0.000223464	0.164324	0	-1.05e+06	0	-0.281118	
761	0.000223884	0.164547	0	-1.05e+06	0	-0.276455	
762	0.00022431	0.164771	0	-1.05e+06	0	-0.271821	
763	0.000224741	0.164995	0	-1.05e+06	0	-0.267216	
764	0.000225177	0.16522	0	-1.05e+06	0	-0.26264	
765	0.000225618	0.165445	0	-1.05e+06	0	-0.258095	
766	0.000226062	0.165671	0	-1.05e+06	0	-0.25358	
767	0.000226509	0.165897	0	-1.05e+06	0	-0.249096	
768	0.000226903	0.166123	0	-1.05e+06	0	-0.244643	
769	0.000227283	0.16635	0	-1.05e+06	0	-0.240224	
770	0.000227665	0.166577	0	-1.05e+06	0	-0.235836	
771	0.000228046	0.166805	0	-1.05e+06	0	-0.231483	
772	0.000228428	0.167033	0	-1.05e+06	0	-0.227162	
773	0.000228809	0.167262	0	-1.05e+06	0	-0.222876	
774	0.00022919	0.16749	0	-1.05e+06	0	-0.218623	
775	0.000229571	0.16772	0	-1.05e+06	0	-0.214405	
776	0.00022995	0.167949	0	-1.05e+06	0	-0.210221	
777	0.000230328	0.168179	0	-1.05e+06	0	-0.206072	
778	0.00023068	0.168409	0	-1.05e+06	0	-0.201959	
779	0.000231031	0.16864	0	-1.05e+06	0	-0.197882	
780	0.000231383	0.168871	0	-1.05e+06	0	-0.193841	
781	0.000231734	0.169103	0	-1.05e+06	0	-0.189837	
782	0.000232085	0.169334	0	-1.05e+06	0	-0.185869	
783	0.000232436	0.169566	0	-1.05e+06	0	-0.181938	
784	0.000232787	0.169799	0	-1.05e+06	0	-0.178045	
785	0.000233139	0.170032	0	-1.05e+06	0	-0.174188	
786	0.000233492	0.170265	0	-1.05e+06	0	-0.170369	
787	0.000233846	0.170498	0	-1.05e+06	0	-0.166588	
788	0.0002342	0.170732	0	-1.05e+06	0	-0.162845	
789	0.000234557	0.170966	0	-1.05e+06	0	-0.15914	
790	0.000234915	0.171201	0	-1.05e+06	0	-0.155474	
791	0.000235275	0.171436	0	-1.05e+06	0	-0.151846	
792	0.000235637	0.171671	0	-1.05e+06	0	-0.148257	
793	0.000236002	0.171907	0	-1.05e+06	0	-0.144707	
794	0.00023637	0.172143	0	-1.05e+06	0	-0.141197	
795	0.000236741	0.172379	0	-1.05e+06	0	-0.137725	
796	0.000237115	0.172616	0	-1.05e+06	0	-0.134294	
797	0.000237493	0.172853	0	-1.05e+06	0	-0.130902	
798	0.000237876	0.17309	0	-1.05e+06	0	-0.127551	
799	0.000238262	0.173328	0	-1.05e+06	0	-0.12424	
800	0.000238652	0.173567	0	-1.05e+06	0	-0.120969	
801	0.000239047	0.173805	0	-1.05e+06	0	-0.117739	
802	0.000239446	0.174044	0	-1.05e+06	0	-0.114551	
803	0.00023985	0.174284	0	-1.05e+06	0	-0.111404	
804	0.000240259	0.174524	0	-1.05e+06	0	-0.108299	
805	0.000240672	0.174764	0	-1.05e+06	0	-0.105235	
806	0.000241089	0.175004	0	-1.05e+06	0	-0.102214	
807	0.000241511	0.175246	0	-1.05e+06	0	-0.0992363	
808	0.000241926	0.175487	0	-1.05e+06	0	-0.0963013	
809	0.000242304	0.175729	0	-1.05e+06	0	-0.0934103	
810	0.000242625	0.175971	0	-1.05e+06	0	-0.0905644	
811	0.000242949	0.176214	0	-1.05e+06	0	-0.0877641	
812	0.000243276	0.176457	0	-1.05e+06	0	-0.0850095	
813	0.000243605	0.1767	0	-1.05e+06	0	-0.0823011	
814	0.000243936	0.176944	0	-1.05e+06	0	-0.0796394	
815	0.00024427	0.177188	0	-1.05e+06	0	-0.0770246	
816	0.000244606	0.177432	0	-1.05e+06	0	-0.0744573	
817	0.000244944	0.177677	0	-1.05e+06	0	-0.0719378	
818	0.000245282	0.177921	0	-1.05e+06	0	-0.0694667	
819	0.000245622	0.178167	0	-1.05e+06	0	-0.0670443	
820	0.000245963	0.178412	0	-1.05e+06	0	-0.0646712	
821	0.000246303	0.178658	0	-1.05e+06	0	-0.0623479	
822	0.000246642	0.178905	0	-1.05e+06	0	-0.0600748	
823	0.000246979	0.179151	0	-1.05e+06	0	-0.0578526	
824	0.000247314	0.179398	0	-1.05e+06	0	-0.0556818	
825	0.000247645	0.179646	0	-1.05e+06	0	-0.0535629	
826	0.000247972	0.179893	0	-1.05e+06	0	-0.0514966	
827	0.000248293	0.180141	0	-1.05e+06	0	-0.0494833	
828	0.000248609	0.18039	0	-1.05e+06	0	-0.0475239	
829	0.000248917	0.180638	0	-1.05e+06	0	-0.0456188	
830	0.000249185	0.180887	0	-1.05e+06	0	-0.0437689	
831	0.000249372	0.181136	0	-1.05e+06	0	-0.0419754	
832	0.00024955	0.181386	0	-1.05e+06	0	-0.0402388	
833	0.00024972	0.181635	0	-1.05e+06	0	-0.0385598	
834	0.000249881	0.181885	0	-1.05e+06	0	-0.0369388	
835	0.000250033	0.182135	0	-1.05e+06	0	-0.0353765	
836	0.000250176	0.182385	0	-1.05e+06	0	-0.0338735	
837	0.000250309	0.182635	0	-1.05e+06	0	-0.0324304	
838	0.000250432	0.182885	0	-1.05e+06	0	-0.0310478	
839	0.000250544	0.183136	0	-1.05e+06	0	-0.0297262	
840	0.000250645	0.183386	0	-1.05e+06	0	-0.0284663	
841	0.000250735	0.183637	0	-1.05e+06	0	-0.0272687	
842	0.000250813	0.183888	0	-1.05e+06	0	-0.026134	
843	0.000250879	0.184138	0	-1.05e+06	0	-0.0250628	
844	0.000250932	0.184389	0	-1.05e+06	0	-0.0240556	
845	0.000250972	0.18464	0	-1.05e+06	0	-0.0231132	
846	0.000250998	0.184891	0	-1.05e+06	0	-0.0222361	
847	0.000251011	0.185142	0	-1.05e+06	0	-0.0214249	
848	0.000251009	0.185393	0	-1.05e+06	0	-0.0206802	
849	0.000250993	0.185644	0	-1.05e+06	0	-0.0200025	
850	0.000250962	0.185895	0	-1.05e+06	0	-0.0193924	
851	0.000250916	0.186146	0	-1.05e+06	0	-0.0188505	
852	0.000250856	0.186397	0	-1.05e+06	0	-0.0183773	
853	0.00025078	0.186648	0	-1.05e+06	0	-0.0179733	
854	0.000250689	0.186899	0	-1.05e+06	0	-0.017639	
855	0.000250582	0.187149	0	-1.05e+06	0	-0.0173748	
856	0.000250461	0.1874	0	-1.05e+06	0	-0.0171813	
857	0.000250325	0.18765	0	-1.05e+06	0	-0.0170589	
858	0.000250175	0.187901	0	-1.05e+06	0	-0.017008	
859	0.00025001	0.188151	0	-1.05e+06	0	-0.017029	
860	0.000249832	0.188401	0	-1.05e+06	0	-0.0171222	
861	0.00024964	0.188651	0	-1.05e+06	0	-0.017288	
862	0.000249435	0.1889	0	-1.05e+06	0	-0.0175267	
863	0.000249218	0.18915	0	-1.05e+06	0	-0.0178385	
864	0.000248989	0.189399	0	-1.05e+06	0	-0.0182237	
865	0.000248749	0.189648	0	-1.05e+06	0	-0.0186826	
866	0.000248498	0.189897	0	-1.05e+06	0	-0.0192153	
867	0.000248238	0.190145	0	-1.05e+06	0	-0.019822	
868	0.000247969	0.190394	0	-1.05e+06	0	-0.0205028	
869	0.000247691	0.190642	0	-1.05e+06	0	-0.0212579	
870	0.000247407	0.190889	0	-1.05e+06	0	-0.0220872	
871	0.000247115	0.191137	0	-1.05e+06	0	-0.0229909	
872	0.000246818	0.191384	0	-1.05e+06	0	-0.0239689	
873	0.000246516	0.191631	0	-1.05e+06	0	-0.0250214	
874	0.00024621	0.191877	0	-1.05e+06	0	-0.0261481	
875	0.0002459	0.192123	0	-1.05e+06	0	-0.0273491	
876	0.000245587	0.192369	0	-1.05e+06	0	-0.0286243	
877	0.000245272	0.192615	0	-1.05e+06	0	-0.0299736	
878	0.000244955	0.19286	0	-1.05e+06	0	-0.0313967	
879	0.000244638	0.193105	0	-1.05e+06	0	-0.0328936	
880	0.000244278	0.19335	0	-1.05e+06	0	-0.0344638	
881	0.000243912	0.193594	0	-1.05e+06	0	-0.036107	
882	0.000243548	0.193838	0	-1.05e+06	0	-0.0378229	
883	0.000243186	0.194081	0	-1.05e+06	0	-0.0396112	
884	0.000242828	0.194325	0	-1.05e+06	0	-0.0414715	
885	0.000242473	0.194567	0	-1.05e+06	0	-0.0434036	
886	0.000242122	0.19481	0	-1.05e+06	0	-0.0454071	
887	0.000241776	0.195052	0	-1.05e+06	0	-0.0474815	
888	0.000241435	0.195294	0	-1.05e+06	0	-0.0496265	
889	0.000241099	0.195535	0	-1.05e+06	0	-0.0518417	
890	0.00024077	0.195776	0	-1.05e+06	0	-0.0541266	
891	0.000240446	0.196017	0	-1.05e+06	0	-0.0564808	
892	0.000240128	0.196258	0	-1.05e+06	0	-0.0589038	
893	0.000239804	0.196498	0	-1.05e+06	0	-0.0613948	
894	0.00023944	0.196737	0	-1.05e+06	0	-0.063953	
895	0.000239083	0.196977	0	-1.05e+06	0	-0.0665777	
896	0.000238731	0.197216	0	-1.05e+06	0	-0.0692683	
897	0.000238385	0.197455	0	-1.05e+06	0	-0.0720241	
898	0.000238045	0.197693	0	-1.05e+06	0	-0.0748445	
899	0.000237712	0.197931	0	-1.05e+06	0	-0.0777288	
900	0.000237387	0.198169	0	-1.05e+06	0	-0.0806764	
901	0.000237068	0.198406	0	-1.05e+06	0	-0.0836865	
902	0.000236757	0.198643	0	-1.05e+06	0	-0.0867585	
903	0.000236453	0.19888	0	-1.05e+06	0	-0.0898916	
904	0.000236157	0.199117	0	-1.05e+06	0	-0.0930852	
905	0.000235869	0.199353	0	-1.05e+06	0	-0.0963384	
906	0.000235589	0.199589	0	-1.05e+06	0	-0.0996506	
907	0.000235316	0.199824	0	-1.05e+06	0	-0.103021	
908	0.000235051	0.200059	0	-1.05e+06	0	-0.106449	
909	0.000234793	0.200295	0	-1.05e+06	0	-0.109933	
910	0.000234543	0.200529	0	-1.05e+06	0	-0.113474	
911	0.000234301	0.200764	0	-1.05e+06	0	-0.117069	
912	0.000234065	0.200998	0	-1.05e+06	0	-0.120719	
913	0.000233837	0.201232	0	-1.05e+06	0	-0.124423	
914	0.000233615	0.201466	0	-1.05e+06	0	-0.128179	
915	0.0002334	0.2017	0	-1.05e+06	0	-0.131987	
916	0.000233191	0.201933	0	-1.05e+06	0	-0.135846	
917	0.000232989	0.202166	0	-1.05e+06	0	-0.139756	
918	0.000232792	0.202399	0	-1.05e+06	0	-0.143716	
919	0.0002326	0.202632	0	-1.05e+06	0	-0.147724	
920	0.000232414	0.202865	0	-1.05e+06	0	-0.15178	
921	0.000232233	0.203097	0	-1.05e+06	0	-0.155883	
922	0.000232056	0.203329	0	-1.05e+06	0	-0.160033	
923	0.000231883	0.203561	0	-1.05e+06	0	-0.164228	
924	0.000231677	0.203793	0	-1.05e+06	0	-0.168467	
925	0.000231477	0.204025	0	-1.05e+06	0	-0.17275	
926	0.000231284	0.204256	0	-1.05e+06	0	-0.177075	
927	0.000231098	0.204488	0	-1.05e+06	0	-0.181442	
928	0.000230919	0.204719	0	-1.05e+06	0	-0.18585	
929	0.000230747	0.20495	0	-1.05e+06	0	-0.190299	
930	0.000230581	0.20518	0	-1.05e+06	0	-0.194787	
931	0.000230422	0.205411	0	-1.05e+06	0	-0.199314	
932	0.000230271	0.205641	0	-1.05e+06	0	-0.20388	
933	0.000230126	0.205872	0	-1.05e+06	0	-0.208484	
934	0.000229988	0.206102	0	-1.05e+06	0	-0.213124	
935	0.000229857	0.206332	0	-1.05e+06	0	-0.217802	
936	0.000229733	0.206562	0	-1.05e+06	0	-0.222515	
937	0.000229617	0.206791	0	-1.05e+06	0	-0.227264	
938	0.000229507	0.207021	0	-1.05e+06	0	-0.232048	
939	0.000229405	0.207251	0	-1.05e+06	0	-0.236866	
940	0.00022931	0.20748	0	-1.05e+06	0	-0.241718	
941	0.000229221	0.207709	0	-1.05e+06	0	-0.246603	
942	0.000229141	0.207938	0	-1.05e+06	0	-0.251521	
943	0.000229067	0.208168	0	-1.05e+06	0	-0.256472	
944	0.000229001	0.208397	0	-1.05e+06	0	-0.261455	
945	0.000228943	0.208626	0	-1.05e+06	0	-0.26647	
946	0.000228891	0.208855	0	-1.05e+06	0	-0.271516	
947	0.000228839	0.209084	0	-1.05e+06	0	-0.276593	
948	0.000228773	0.209312	0	-1.05e+06	0	-0.2817	
949	0.000228715	0.209541	0	-1.05e+06	0	-0.286836	
950	0.000228665	0.20977	0	-1.05e+06	0	-0.292002	
951	0.000228625	0.209998	0	-1.05e+06	0	-0.297197	
952	0.000228595	0.210227	0	-1.05e+06	0	-0.302421	
953	0.000228575	0.210456	0	-1.05e+06	0	-0.307674	
954	0.000228566	0.210684	0	-1.05e+06	0	-0.312955	
955	0.000228569	0.210913	0	-1.05e+06	0	-0.318265	
956	0.000228583	0.211141	0	-1.05e+06	0	-0.323603	
957	0.000228611	0.21137	0	-1.05e+06	0	-0.32897	
958	0.000228651	0.211599	0	-1.05e+06	0	-0.334365	
959	0.000228682	0.211827	0	-1.05e+06	0	-0.339787	
960	0.00022869	0.212056	0	-1.05e+06	0	-0.345237	
961	0.000228708	0.212285	0	-1.05e+06	0	-0.350714	
962	0.000228736	0.212513	0	-1.05e+06	0	-0.356217	
963	0.000228775	0.212742	0	-1.05e+06	0	-0.361748	
964	0.000228823	0.212971	0	-1.05e+06	0	-0.367305	
965	0.000228882	0.2132	0	-1.05e+06	0	-0.372889	
966	0.000228951	0.213429	0	-1.05e+06	0	-0.3785	
967	0.00022903	0.213658	0	-1.05e+06	0	-0.384137	
968	0.000229119	0.213887	0	-1.05e+06	0	-0.389802	
969	0.000229218	0.214116	0	-1.05e+06	0	-0.395494	
970	0.000229327	0.214345	0	-1.05e+06	0	-0.401212	
971	0.000229445	0.214574	0	-1.05e+06	0	-0.406958	
972	0.000229573	0.214804	0	-1.05e+06	0	-0.41273	
973	0.000229711	0.215033	0	-1.05e+06	0	-0.41853	
974	0.000229857	0.215263	0	-1.05e+06	0	-0.424357	
975	0.000230013	0.215493	0	-1.05e+06	0	-0.430211	
976	0.000230176	0.215723	0	-1.05e+06	0	-0.436093	
977	0.000230348	0.215953	0	-1.05e+06	0	-0.442002	
978	0.000230528	0.216183	0	-1.05e+06	0	-0.447938	
979	0.000230715	0.216414	0	-1.05e+06	0	-0.453901	
980	0.000230908	0.216645	0	-1.05e+06	0	-0.459892	
981	0.000231108	0.216875	0	-1.05e+06	0	-0.46591	
982	0.000231314	0.217107	0	-1.05e+06	0	-0.471955	
983	0.000231525	0.217338	0	-1.05e+06	0	-0.478028	
984	0.000231741	0.217569	0	-1.05e+06	0	-0.484127	
985	0.000231961	0.217801	0	-1.05e+06	0	-0.490254	
986	0.000232184	0.218033	0	-1.05e+06	0	-0.496407	
987	0.00023241	0.218265	0	-1.05e+06	0	-0.502587	
988	0.000232639	0.218498	0	-1.05e+06	0	-0.508794	
989	0.000232869	0.21873	0	-1.05e+06	0	-0.515026	
990	0.0002331	0.218963	0	-1.05e+06	0	-0.521285	
991	0.00023333	0.219196	0	-1.05e+06	0	-0.527569	
992	0.000233561	0.21943	0	-1.05e+06	0	-0.533879	
993	0.00023379	0.219663	0	-1.05e+06	0	-0.540213	
994	0.000234017	0.219897	0	-1.05e+06	0	-0.546572	
995	0.000234137	0.220131	0	-1.05e+06	0	-0.552952	
996	0.000234237	0.220365	0	-1.05e+06	0	-0.559353	
997	0.000234336	0.220599	0	-1.05e+06	0	-0.565773	
998	0.000234433	0.220834	0	-1.05e+06	0	-0.572213	
999	0.000234529	0.221068	0	-1.05e+06	0	-0.578671	
1000	0.000234623	0.221303	0	-1.05e+06	0	-0.585147	
