Step	dt	Time	fEnd_x	fEnd_y	fEnd_z	dy_tip	
0	1e-16	0	0	0	0	-4.942e-07	
1	1e-16	0	0	-500	0	-4.942e-07	
2	0.00139642	1e-16	0	-500	0	-0.000376168	
3	0.00139642	0.00139642	0	-500	0	-0.000918337	
4	0.00139636	0.00279285	0	-500	0	-0.00146256	
5	0.00139563	0.00418921	0	-500	0	-0.00193794	
6	0.00139372	0.00558484	0	-500	0	-0.00234396	
7	0.00139275	0.00697856	0	-500	0	-0.00269438	
8	0.00139324	0.00837131	0	-500	0	-0.00298602	
9	0.00139281	0.00976454	0	-500	0	-0.00320949	
10	0.00139255	0.0111573	0	-500	0	-0.00337314	
11	0.00139262	0.0125499	0	-500	0	-0.00350462	
12	0.0013928	0.0139425	0	-500	0	-0.00362902	
13	0.00139298	0.0153353	0	-500	0	-0.00374826	
14	0.00139322	0.0167283	0	-500	0	-0.00384332	
15	0.00139359	0.0181215	0	-500	0	-0.0038954	
16	0.00139391	0.0195151	0	-500	0	-0.00390446	
17	0.00139416	0.020909	0	-500	0	-0.00388853	
18	0.00139435	0.0223032	0	-500	0	-0.00386829	
19	0.00139445	0.0236975	0	-500	0	-0.00385427	
20	0.00139442	0.025092	0	-500	0	-0.0038473	
21	0.00139442	0.0264864	0	-500	0	-0.00384762	
22	0.00139449	0.0278808	0	-500	0	-0.00386017	
23	0.00139454	0.0292753	0	-500	0	-0.00389077	
24	0.00139451	0.0306699	0	-500	0	-0.00393869	
25	0.00139445	0.0320644	0	-500	0	-0.00399489	
26	0.00139439	0.0334588	0	-500	0	-0.00404815	
27	0.00139435	0.0348532	0	-500	0	-0.00409286	
28	0.00139435	0.0362476	0	-500	0	-0.00413112	
29	0.00139438	0.0376419	0	-500	0	-0.00416813	
30	0.00139434	0.0390363	0	-500	0	-0.00420632	
31	0.00139427	0.0404306	0	-500	0	-0.00424399	
32	0.00139423	0.0418249	0	-500	0	-0.00427842	
33	0.00139424	0.0432191	0	-500	0	-0.00430926	
34	0.00139428	0.0446134	0	-500	0	-0.00433843	
35	0.0013943	0.0460076	0	-500	0	-0.00436719	
36	0.00139432	0.0474019	0	-500	0	-0.00439403	
37	0.00139432	0.0487963	0	-500	0	-0.00441588	
38	0.0013943	0.0501906	0	-500	0	-0.00443127	
39	0.0013943	0.0515849	0	-500	0	-0.00444237	
40	0.00139431	0.0529792	0	-500	0	-0.00445398	
41	0.00139432	0.0543735	0	-500	0	-0.00447086	
42	0.00139432	0.0557678	0	-500	0	-0.00449601	
43	0.00139433	0.0571621	0	-500	0	-0.00453111	
44	0.00139437	0.0585565	0	-500	0	-0.00457791	
45	0.00139443	0.0599508	0	-500	0	-0.00463872	
46	0.00139446	0.0613453	0	-500	0	-0.00471524	
47	0.00139448	0.0627397	0	-500	0	-0.00480715	
48	0.00139451	0.0641342	0	-500	0	-0.00491186	
49	0.00139456	0.0655287	0	-500	0	-0.00502575	
50	0.00139459	0.0669233	0	-500	0	-0.0051458	
51	0.00139461	0.0683179	0	-500	0	-0.00527014	
52	0.0013946	0.0697125	0	-500	0	-0.00539748	
53	0.0013946	0.0711071	0	-500	0	-0.00552627	
54	0.00139461	0.0725017	0	-500	0	-0.00565455	
55	0.00139457	0.0738963	0	-500	0	-0.00578064	
56	0.00139454	0.0752909	0	-500	0	-0.00590376	
57	0.0013945	0.0766854	0	-500	0	-0.00602405	
58	0.00139446	0.0780799	0	-500	0	-0.00614202	
59	0.00139442	0.0794744	0	-500	0	-0.00625805	
60	0.00139437	0.0808688	0	-500	0	-0.00637249	
61	0.00139433	0.0822632	0	-500	0	-0.00648614	
62	0.0013943	0.0836575	0	-500	0	-0.00660052	
63	0.00139428	0.0850518	0	-500	0	-0.00671767	
64	0.00139428	0.0864461	0	-500	0	-0.00683949	
65	0.00139429	0.0878403	0	-500	0	-0.00696735	
66	0.0013943	0.0892346	0	-500	0	-0.00710203	
67	0.00139432	0.0906289	0	-500	0	-0.0072438	
68	0.00139433	0.0920233	0	-500	0	-0.00739256	
69	0.00139435	0.0934176	0	-500	0	-0.00754754	
70	0.00139437	0.0948119	0	-500	0	-0.00770709	
71	0.00139438	0.0962063	0	-500	0	-0.00786872	
72	0.00139438	0.0976007	0	-500	0	-0.00802944	
73	0.00139438	0.0989951	0	-500	0	-0.00818637	
74	0.00139437	0.100389	0	-500	0	-0.00833711	
75	0.00139435	0.101784	0	-500	0	-0.00847984	
76	0.00139434	0.103178	0	-500	0	-0.00861329	
77	0.00139433	0.104573	0	-500	0	-0.00873679	
78	0.00139433	0.105967	0	-500	0	-0.00885035	
79	0.00139433	0.107361	0	-500	0	-0.00895477	
80	0.00139433	0.108755	0	-500	0	-0.00905157	
81	0.00139434	0.11015	0	-500	0	-0.00914268	
82	0.00139435	0.111544	0	-500	0	-0.00923011	
83	0.00139436	0.112939	0	-500	0	-0.00931571	
84	0.00139437	0.114333	0	-500	0	-0.00940107	
85	0.00139438	0.115727	0	-500	0	-0.00948743	
86	0.00139439	0.117122	0	-500	0	-0.0095757	
87	0.00139439	0.118516	0	-500	0	-0.0096663	
88	0.00139439	0.11991	0	-500	0	-0.00975918	
89	0.0013944	0.121305	0	-500	0	-0.00985389	
90	0.00139441	0.122699	0	-500	0	-0.00994978	
91	0.00139441	0.124094	0	-500	0	-0.0100463	
92	0.00139441	0.125488	0	-500	0	-0.010143	
93	0.00139442	0.126882	0	-500	0	-0.01024	
94	0.00139443	0.128277	0	-500	0	-0.0103374	
95	0.00139444	0.129671	0	-500	0	-0.010436	
96	0.00139445	0.131066	0	-500	0	-0.0105366	
97	0.00139447	0.13246	0	-500	0	-0.0106403	
98	0.00139449	0.133855	0	-500	0	-0.0107482	
99	0.0013945	0.135249	0	-500	0	-0.0108612	
100	0.00139451	0.136644	0	-500	0	-0.0109799	
101	0.00139451	0.138038	0	-500	0	-0.0111043	
102	0.0013945	0.139433	0	-500	0	-0.0112343	
103	0.00139448	0.140827	0	-500	0	-0.0113694	
104	0.00139445	0.142222	0	-500	0	-0.0115089	
105	0.00139441	0.143616	0	-500	0	-0.011652	
106	0.00139438	0.14501	0	-500	0	-0.011798	
107	0.00139435	0.146405	0	-500	0	-0.0119463	
108	0.00139433	0.147799	0	-500	0	-0.0120964	
109	0.00139432	0.149194	0	-500	0	-0.0122483	
110	0.00139432	0.150588	0	-500	0	-0.0124019	
111	0.00139433	0.151982	0	-500	0	-0.0125573	
112	0.00139435	0.153377	0	-500	0	-0.0127148	
113	0.00139438	0.154771	0	-500	0	-0.0128743	
114	0.00139441	0.156165	0	-500	0	-0.0130358	
115	0.00139444	0.15756	0	-500	0	-0.0131991	
116	0.00139447	0.158954	0	-500	0	-0.0133637	
117	0.00139448	0.160349	0	-500	0	-0.0135289	
118	0.00139448	0.161743	0	-500	0	-0.0136939	
119	0.00139447	0.163138	0	-500	0	-0.013858	
120	0.00139445	0.164532	0	-500	0	-0.0140203	
121	0.00139444	0.165926	0	-500	0	-0.0141801	
122	0.00139442	0.167321	0	-500	0	-0.0143369	
123	0.00139441	0.168715	0	-500	0	-0.0144904	
124	0.00139439	0.17011	0	-500	0	-0.0146405	
125	0.00139437	0.171504	0	-500	0	-0.0147874	
126	0.00139435	0.172898	0	-500	0	-0.0149315	
127	0.00139434	0.174293	0	-500	0	-0.015073	
128	0.00139433	0.175687	0	-500	0	-0.0152126	
129	0.00139433	0.177081	0	-500	0	-0.0153507	
130	0.00139433	0.178476	0	-500	0	-0.0154877	
131	0.00139434	0.17987	0	-500	0	-0.0156238	
132	0.00139435	0.181264	0	-500	0	-0.0157592	
133	0.00139436	0.182659	0	-500	0	-0.0158941	
134	0.00139437	0.184053	0	-500	0	-0.0160286	
135	0.00139438	0.185448	0	-500	0	-0.0161627	
136	0.00139439	0.186842	0	-500	0	-0.0162966	
137	0.0013944	0.188236	0	-500	0	-0.0164307	
138	0.00139441	0.189631	0	-500	0	-0.0165652	
139	0.00139442	0.191025	0	-500	0	-0.0167009	
140	0.00139443	0.19242	0	-500	0	-0.0168383	
141	0.00139444	0.193814	0	-500	0	-0.0169781	
142	0.00139445	0.195208	0	-500	0	-0.0171212	
143	0.00139446	0.196603	0	-500	0	-0.0172682	
144	0.00139447	0.197997	0	-500	0	-0.0174199	
145	0.00139447	0.199392	0	-500	0	-0.0175768	
146	0.00139447	0.200786	0	-500	0	-0.0177393	
147	0.00139447	0.202181	0	-500	0	-0.0179077	
148	0.00139446	0.203575	0	-500	0	-0.0180818	
149	0.00139444	0.20497	0	-500	0	-0.0182614	
150	0.00139442	0.206364	0	-500	0	-0.018446	
151	0.0013944	0.207759	0	-500	0	-0.0186348	
152	0.00139437	0.209153	0	-500	0	-0.0188268	
153	0.00139435	0.210547	0	-500	0	-0.0190208	
154	0.00139432	0.211942	0	-500	0	-0.0192156	
155	0.00139429	0.213336	0	-500	0	-0.0194098	
156	0.00139426	0.21473	0	-500	0	-0.0196021	
157	0.00139424	0.216125	0	-500	0	-0.0197913	
158	0.00139423	0.217519	0	-500	0	-0.0199763	
159	0.00139422	0.218913	0	-500	0	-0.0201564	
160	0.00139422	0.220307	0	-500	0	-0.0203311	
161	0.00139422	0.221701	0	-500	0	-0.0205002	
162	0.00139424	0.223096	0	-500	0	-0.0206639	
163	0.00139426	0.22449	0	-500	0	-0.0208225	
164	0.00139429	0.225884	0	-500	0	-0.020977	
165	0.00139432	0.227278	0	-500	0	-0.0211281	
166	0.00139436	0.228673	0	-500	0	-0.0212771	
167	0.0013944	0.230067	0	-500	0	-0.021425	
168	0.00139444	0.231462	0	-500	0	-0.021573	
169	0.00139446	0.232856	0	-500	0	-0.0217221	
170	0.00139445	0.23425	0	-500	0	-0.0218732	
171	0.00139445	0.235645	0	-500	0	-0.0220269	
172	0.00139444	0.237039	0	-500	0	-0.0221836	
173	0.00139443	0.238434	0	-500	0	-0.0223434	
174	0.00139442	0.239828	0	-500	0	-0.0225061	
175	0.00139442	0.241223	0	-500	0	-0.0226714	
176	0.00139441	0.242617	0	-500	0	-0.0228388	
177	0.0013944	0.244011	0	-500	0	-0.0230077	
178	0.0013944	0.245406	0	-500	0	-0.0231776	
179	0.00139439	0.2468	0	-500	0	-0.0233478	
180	0.00139439	0.248195	0	-500	0	-0.0235178	
181	0.00139439	0.249589	0	-500	0	-0.0236874	
182	0.00139439	0.250983	0	-500	0	-0.0238563	
183	0.00139436	0.252378	0	-500	0	-0.0240245	
184	0.00139435	0.253772	0	-500	0	-0.024192	
185	0.00139433	0.255167	0	-500	0	-0.0243593	
186	0.00139433	0.256561	0	-500	0	-0.0245266	
187	0.00139433	0.257955	0	-500	0	-0.0246945	
188	0.00139433	0.25935	0	-500	0	-0.0248636	
189	0.00139434	0.260744	0	-500	0	-0.0250346	
190	0.00139436	0.262138	0	-500	0	-0.025208	
191	0.00139438	0.263533	0	-500	0	-0.0253847	
192	0.0013944	0.264927	0	-500	0	-0.0255651	
193	0.00139442	0.266321	0	-500	0	-0.0257497	
194	0.00139444	0.267716	0	-500	0	-0.025939	
195	0.00139446	0.26911	0	-500	0	-0.0261331	
196	0.00139448	0.270505	0	-500	0	-0.026332	
197	0.00139449	0.271899	0	-500	0	-0.0265357	
198	0.00139449	0.273294	0	-500	0	-0.0267438	
199	0.00139449	0.274688	0	-500	0	-0.0269557	
200	0.00139447	0.276083	0	-500	0	-0.0271708	
201	0.00139445	0.277477	0	-500	0	-0.0273885	
202	0.00139443	0.278872	0	-500	0	-0.0276076	
203	0.0013944	0.280266	0	-500	0	-0.0278275	
204	0.00139436	0.28166	0	-500	0	-0.0280472	
205	0.00139433	0.283055	0	-500	0	-0.0282657	
206	0.00139429	0.284449	0	-500	0	-0.0284825	
207	0.00139426	0.285843	0	-500	0	-0.0286966	
208	0.00139423	0.287238	0	-500	0	-0.0289078	
209	0.00139421	0.288632	0	-500	0	-0.0291154	
210	0.0013942	0.290026	0	-500	0	-0.0293194	
211	0.00139419	0.29142	0	-500	0	-0.0295197	
212	0.0013942	0.292814	0	-500	0	-0.0297162	
213	0.00139421	0.294209	0	-500	0	-0.0299091	
214	0.00139422	0.295603	0	-500	0	-0.0300987	
215	0.00139424	0.296997	0	-500	0	-0.0302853	
216	0.00139427	0.298391	0	-500	0	-0.0304692	
217	0.00139429	0.299786	0	-500	0	-0.0306507	
218	0.00139432	0.30118	0	-500	0	-0.0308302	
219	0.00139435	0.302574	0	-500	0	-0.031008	
220	0.00139437	0.303969	0	-500	0	-0.0311843	
221	0.00139438	0.305363	0	-500	0	-0.0313595	
222	0.00139438	0.306757	0	-500	0	-0.0315337	
223	0.00139438	0.308152	0	-500	0	-0.0317072	
224	0.00139438	0.309546	0	-500	0	-0.0318803	
225	0.00139439	0.31094	0	-500	0	-0.0320533	
226	0.0013944	0.312335	0	-500	0	-0.0322262	
227	0.0013944	0.313729	0	-500	0	-0.0323996	
228	0.00139441	0.315124	0	-500	0	-0.0325736	
229	0.00139442	0.316518	0	-500	0	-0.0327486	
230	0.00139443	0.317912	0	-500	0	-0.0329248	
231	0.00139443	0.319307	0	-500	0	-0.0331026	
232	0.00139444	0.320701	0	-500	0	-0.0332823	
233	0.00139444	0.322096	0	-500	0	-0.0334641	
234	0.00139444	0.32349	0	-500	0	-0.0336481	
235	0.00139444	0.324885	0	-500	0	-0.0338347	
236	0.00139444	0.326279	0	-500	0	-0.0340237	
237	0.00139443	0.327673	0	-500	0	-0.0342154	
238	0.00139441	0.329068	0	-500	0	-0.0344097	
239	0.0013944	0.330462	0	-500	0	-0.0346067	
240	0.00139438	0.331857	0	-500	0	-0.0348063	
241	0.00139437	0.333251	0	-500	0	-0.0350085	
242	0.00139437	0.334645	0	-500	0	-0.0352134	
243	0.00139436	0.33604	0	-500	0	-0.0354209	
244	0.00139436	0.337434	0	-500	0	-0.0356311	
245	0.00139436	0.338829	0	-500	0	-0.035844	
246	0.00139436	0.340223	0	-500	0	-0.0360597	
247	0.00139436	0.341617	0	-500	0	-0.0362781	
248	0.00139437	0.343012	0	-500	0	-0.0364994	
249	0.00139437	0.344406	0	-500	0	-0.0367233	
250	0.00139438	0.3458	0	-500	0	-0.0369499	
251	0.00139438	0.347195	0	-500	0	-0.037179	
252	0.00139439	0.348589	0	-500	0	-0.0374104	
253	0.00139439	0.349984	0	-500	0	-0.0376437	
254	0.00139439	0.351378	0	-500	0	-0.0378786	
255	0.00139438	0.352772	0	-500	0	-0.0381147	
256	0.00139438	0.354167	0	-500	0	-0.0383516	
257	0.00139437	0.355561	0	-500	0	-0.0385887	
258	0.00139436	0.356955	0	-500	0	-0.0388255	
259	0.00139436	0.35835	0	-500	0	-0.0390615	
260	0.00139435	0.359744	0	-500	0	-0.0392962	
261	0.00139434	0.361139	0	-500	0	-0.039529	
262	0.00139433	0.362533	0	-500	0	-0.0397595	
263	0.00139432	0.363927	0	-500	0	-0.0399871	
264	0.00139432	0.365321	0	-500	0	-0.0402114	
265	0.00139431	0.366716	0	-500	0	-0.0404323	
266	0.00139431	0.36811	0	-500	0	-0.0406493	
267	0.00139431	0.369504	0	-500	0	-0.0408623	
268	0.00139431	0.370899	0	-500	0	-0.0410712	
269	0.00139431	0.372293	0	-500	0	-0.0412762	
270	0.00139431	0.373687	0	-500	0	-0.0414772	
271	0.00139432	0.375082	0	-500	0	-0.0416745	
272	0.00139433	0.376476	0	-500	0	-0.0418686	
273	0.00139434	0.37787	0	-500	0	-0.0420599	
274	0.00139435	0.379265	0	-500	0	-0.0422488	
275	0.00139437	0.380659	0	-500	0	-0.0424361	
276	0.00139438	0.382053	0	-500	0	-0.0426223	
277	0.0013944	0.383448	0	-500	0	-0.0428082	
278	0.00139441	0.384842	0	-500	0	-0.0429946	
279	0.00139443	0.386237	0	-500	0	-0.0431821	
280	0.00139444	0.387631	0	-500	0	-0.0433714	
281	0.00139445	0.389025	0	-500	0	-0.043563	
282	0.00139445	0.39042	0	-500	0	-0.0437576	
283	0.00139446	0.391814	0	-500	0	-0.0439556	
284	0.00139446	0.393209	0	-500	0	-0.0441572	
285	0.00139445	0.394603	0	-500	0	-0.0443628	
286	0.00139445	0.395998	0	-500	0	-0.0445723	
287	0.00139444	0.397392	0	-500	0	-0.0447857	
288	0.00139443	0.398787	0	-500	0	-0.045003	
289	0.00139441	0.400181	0	-500	0	-0.0452238	
290	0.0013944	0.401575	0	-500	0	-0.0454477	
291	0.00139439	0.40297	0	-500	0	-0.0456746	
292	0.00139438	0.404364	0	-500	0	-0.0459038	
293	0.00139437	0.405759	0	-500	0	-0.0461349	
294	0.00139436	0.407153	0	-500	0	-0.0463674	
295	0.00139435	0.408547	0	-500	0	-0.046601	
296	0.00139435	0.409942	0	-500	0	-0.0468351	
297	0.00139435	0.411336	0	-500	0	-0.0470694	
298	0.00139435	0.41273	0	-500	0	-0.0473036	
299	0.00139435	0.414125	0	-500	0	-0.0475372	
300	0.00139435	0.415519	0	-500	0	-0.0477701	
301	0.00139435	0.416913	0	-500	0	-0.048002	
302	0.00139435	0.418308	0	-500	0	-0.0482326	
303	0.00139435	0.419702	0	-500	0	-0.0484617	
304	0.00139436	0.421096	0	-500	0	-0.0486891	
305	0.00139436	0.422491	0	-500	0	-0.0489146	
306	0.00139435	0.423885	0	-500	0	-0.0491378	
307	0.00139435	0.42528	0	-500	0	-0.0493587	
308	0.00139435	0.426674	0	-500	0	-0.0495768	
309	0.00139435	0.428068	0	-500	0	-0.0497921	
310	0.00139435	0.429463	0	-500	0	-0.0500043	
311	0.00139434	0.430857	0	-500	0	-0.0502133	
312	0.00139434	0.432251	0	-500	0	-0.050419	
313	0.00139434	0.433646	0	-500	0	-0.0506213	
314	0.00139433	0.43504	0	-500	0	-0.0508203	
315	0.00139433	0.436434	0	-500	0	-0.0510162	
316	0.00139432	0.437829	0	-500	0	-0.051209	
317	0.00139431	0.439223	0	-500	0	-0.0513992	
318	0.0013943	0.440617	0	-500	0	-0.051587	
319	0.00139428	0.442012	0	-500	0	-0.0517729	
320	0.00139427	0.443406	0	-500	0	-0.0519573	
321	0.00139426	0.4448	0	-500	0	-0.0521408	
322	0.00139425	0.446194	0	-500	0	-0.0523237	
323	0.00139425	0.447589	0	-500	0	-0.0525067	
324	0.00139425	0.448983	0	-500	0	-0.0526902	
325	0.00139425	0.450377	0	-500	0	-0.0528747	
326	0.00139424	0.451771	0	-500	0	-0.0530604	
327	0.00139424	0.453166	0	-500	0	-0.0532478	
328	0.00139425	0.45456	0	-500	0	-0.053437	
329	0.00139425	0.455954	0	-500	0	-0.0536281	
330	0.00139426	0.457348	0	-500	0	-0.0538213	
331	0.00139428	0.458743	0	-500	0	-0.0540164	
332	0.0013943	0.460137	0	-500	0	-0.0542134	
333	0.00139432	0.461531	0	-500	0	-0.0544119	
334	0.00139434	0.462925	0	-500	0	-0.0546117	
335	0.00139434	0.46432	0	-500	0	-0.0548124	
336	0.00139429	0.465714	0	-500	0	-0.0550136	
337	0.00139424	0.467108	0	-500	0	-0.0552148	
338	0.0013942	0.468503	0	-500	0	-0.0554156	
339	0.00139416	0.469897	0	-500	0	-0.0556155	
340	0.00139413	0.471291	0	-500	0	-0.055814	
341	0.0013941	0.472685	0	-500	0	-0.0560105	
342	0.00139407	0.474079	0	-500	0	-0.0562046	
343	0.00139405	0.475473	0	-500	0	-0.056396	
344	0.00139404	0.476867	0	-500	0	-0.0565843	
345	0.00139403	0.478261	0	-500	0	-0.0567691	
346	0.00139402	0.479655	0	-500	0	-0.0569503	
347	0.00139402	0.481049	0	-500	0	-0.0571277	
348	0.00139402	0.482444	0	-500	0	-0.0573015	
349	0.00139403	0.483838	0	-500	0	-0.0574717	
350	0.00139403	0.485232	0	-500	0	-0.0576386	
351	0.00139403	0.486626	0	-500	0	-0.0578027	
352	0.00139403	0.48802	0	-500	0	-0.0579646	
353	0.00139403	0.489414	0	-500	0	-0.0581251	
354	0.00139402	0.490808	0	-500	0	-0.058285	
355	0.00139401	0.492202	0	-500	0	-0.0584454	
356	0.00139399	0.493596	0	-500	0	-0.0586074	
357	0.00139397	0.49499	0	-500	0	-0.0587722	
358	0.00139394	0.496384	0	-500	0	-0.0589408	
359	0.00139391	0.497778	0	-500	0	-0.0591146	
360	0.00139387	0.499172	0	-500	0	-0.0592944	
361	0.00139384	0.500565	0	-500	0	-0.0594814	
362	0.00139379	0.501959	0	-500	0	-0.0596761	
363	0.00139375	0.503353	0	-500	0	-0.0598792	
364	0.00139371	0.504747	0	-500	0	-0.0600908	
365	0.00139367	0.50614	0	-500	0	-0.060311	
366	0.00139363	0.507534	0	-500	0	-0.0605393	
367	0.00139359	0.508928	0	-500	0	-0.0607752	
368	0.00139356	0.510321	0	-500	0	-0.0610178	
369	0.00139353	0.511715	0	-500	0	-0.0612658	
370	0.0013935	0.513108	0	-500	0	-0.0615178	
371	0.00139347	0.514502	0	-500	0	-0.0617723	
372	0.00139345	0.515895	0	-500	0	-0.0620277	
373	0.00139343	0.517289	0	-500	0	-0.0622824	
374	0.00139341	0.518682	0	-500	0	-0.0625347	
375	0.00139339	0.520076	0	-500	0	-0.0627833	
376	0.00139338	0.521469	0	-500	0	-0.0630269	
377	0.00139336	0.522863	0	-500	0	-0.0632645	
378	0.00139334	0.524256	0	-500	0	-0.0634957	
379	0.00139333	0.525649	0	-500	0	-0.06372	
380	0.0013933	0.527043	0	-500	0	-0.0639375	
381	0.00139328	0.528436	0	-500	0	-0.0641486	
382	0.00139326	0.529829	0	-500	0	-0.0643541	
383	0.00139323	0.531222	0	-500	0	-0.0645549	
384	0.0013932	0.532616	0	-500	0	-0.0647523	
385	0.00139317	0.534009	0	-500	0	-0.0649476	
386	0.00139313	0.535402	0	-500	0	-0.0651423	
387	0.00139309	0.536795	0	-500	0	-0.0653378	
388	0.00139305	0.538188	0	-500	0	-0.0655355	
389	0.00139301	0.539581	0	-500	0	-0.0657366	
390	0.00139296	0.540974	0	-500	0	-0.0659422	
391	0.00139292	0.542367	0	-500	0	-0.0661531	
392	0.00139287	0.54376	0	-500	0	-0.06637	
393	0.00139282	0.545153	0	-500	0	-0.0665931	
394	0.00139277	0.546546	0	-500	0	-0.0668225	
395	0.00139273	0.547939	0	-500	0	-0.067058	
396	0.00139268	0.549331	0	-500	0	-0.0672992	
397	0.00139264	0.550724	0	-500	0	-0.0675457	
398	0.0013926	0.552117	0	-500	0	-0.0677967	
399	0.00139257	0.553509	0	-500	0	-0.0680515	
400	0.00139254	0.554902	0	-500	0	-0.0683094	
401	0.00139251	0.556294	0	-500	0	-0.0685698	
402	0.00139249	0.557687	0	-500	0	-0.068832	
403	0.00139248	0.559079	0	-500	0	-0.0690955	
404	0.00139246	0.560472	0	-500	0	-0.0693599	
405	0.00139246	0.561864	0	-500	0	-0.069625	
406	0.00139245	0.563257	0	-500	0	-0.0698908	
407	0.00139244	0.564649	0	-500	0	-0.0701572	
408	0.00139244	0.566042	0	-500	0	-0.0704245	
409	0.00139244	0.567434	0	-500	0	-0.0706928	
410	0.00139243	0.568827	0	-500	0	-0.0709624	
411	0.00139242	0.570219	0	-500	0	-0.0712336	
412	0.00139241	0.571611	0	-500	0	-0.0715067	
413	0.0013924	0.573004	0	-500	0	-0.0717818	
414	0.00139238	0.574396	0	-500	0	-0.0720591	
415	0.00139236	0.575789	0	-500	0	-0.0723387	
416	0.00139233	0.577181	0	-500	0	-0.0726203	
417	0.0013923	0.578573	0	-500	0	-0.0729039	
418	0.00139227	0.579966	0	-500	0	-0.0731891	
419	0.00139223	0.581358	0	-500	0	-0.0734756	
420	0.00139219	0.58275	0	-500	0	-0.073763	
421	0.00139215	0.584142	0	-500	0	-0.0740506	
422	0.00139211	0.585534	0	-500	0	-0.0743381	
423	0.00139208	0.586927	0	-500	0	-0.0746249	
424	0.00139204	0.588319	0	-500	0	-0.0749106	
425	0.001392	0.589711	0	-500	0	-0.0751949	
426	0.00139197	0.591103	0	-500	0	-0.0754776	
427	0.00139194	0.592495	0	-500	0	-0.0757584	
428	0.00139191	0.593887	0	-500	0	-0.0760374	
429	0.00139188	0.595278	0	-500	0	-0.0763147	
430	0.00139185	0.59667	0	-500	0	-0.0765907	
431	0.00139183	0.598062	0	-500	0	-0.0768656	
432	0.00139181	0.599454	0	-500	0	-0.0771402	
433	0.00139179	0.600846	0	-500	0	-0.0774149	
434	0.00139177	0.602238	0	-500	0	-0.0776904	
435	0.00139175	0.603629	0	-500	0	-0.0779676	
436	0.00139173	0.605021	0	-500	0	-0.0782472	
437	0.00139171	0.606413	0	-500	0	-0.0785298	
438	0.00139169	0.607805	0	-500	0	-0.0788162	
439	0.00139168	0.609196	0	-500	0	-0.079107	
440	0.00139166	0.610588	0	-500	0	-0.0794026	
441	0.00139164	0.61198	0	-500	0	-0.0797033	
442	0.00139163	0.613371	0	-500	0	-0.0800093	
443	0.00139161	0.614763	0	-500	0	-0.0803205	
444	0.00139159	0.616154	0	-500	0	-0.0806368	
445	0.00139157	0.617546	0	-500	0	-0.0809578	
446	0.00139155	0.618938	0	-500	0	-0.0812828	
447	0.00139153	0.620329	0	-500	0	-0.0816112	
448	0.00139151	0.621721	0	-500	0	-0.0819422	
449	0.00139148	0.623112	0	-500	0	-0.0822748	
450	0.00139145	0.624504	0	-500	0	-0.082608	
451	0.00139142	0.625895	0	-500	0	-0.082941	
452	0.00139138	0.627287	0	-500	0	-0.0832727	
453	0.00139134	0.628678	0	-500	0	-0.0836022	
454	0.0013913	0.630069	0	-500	0	-0.0839289	
455	0.00139125	0.631461	0	-500	0	-0.0842521	
456	0.0013912	0.632852	0	-500	0	-0.0845715	
457	0.00139114	0.634243	0	-500	0	-0.0848869	
458	0.00139108	0.635634	0	-500	0	-0.0851982	
459	0.00139102	0.637025	0	-500	0	-0.0855057	
460	0.00139096	0.638416	0	-500	0	-0.0858097	
461	0.0013909	0.639807	0	-500	0	-0.0861109	
462	0.00139083	0.641198	0	-500	0	-0.08641	
463	0.00139077	0.642589	0	-500	0	-0.0867077	
464	0.00139071	0.64398	0	-500	0	-0.087005	
465	0.00139064	0.64537	0	-500	0	-0.0873026	
466	0.00139059	0.646761	0	-500	0	-0.0876014	
467	0.00139053	0.648152	0	-500	0	-0.0879021	
468	0.00139048	0.649542	0	-500	0	-0.0882055	
469	0.00139043	0.650933	0	-500	0	-0.0885119	
470	0.00139038	0.652323	0	-500	0	-0.0888217	
471	0.00139034	0.653714	0	-500	0	-0.0891352	
472	0.0013903	0.655104	0	-500	0	-0.0894524	
473	0.00139027	0.656494	0	-500	0	-0.0897732	
474	0.00139024	0.657884	0	-500	0	-0.0900973	
475	0.00139022	0.659275	0	-500	0	-0.0904246	
476	0.00139019	0.660665	0	-500	0	-0.0907546	
477	0.00139017	0.662055	0	-500	0	-0.091087	
478	0.00139016	0.663445	0	-500	0	-0.0914213	
479	0.00139014	0.664835	0	-500	0	-0.0917573	
480	0.00139013	0.666226	0	-500	0	-0.0920945	
481	0.00139012	0.667616	0	-500	0	-0.0924328	
482	0.0013901	0.669006	0	-500	0	-0.0927719	
483	0.00139009	0.670396	0	-500	0	-0.0931118	
484	0.00139008	0.671786	0	-500	0	-0.0934523	
485	0.00139006	0.673176	0	-500	0	-0.0937935	
486	0.00139004	0.674566	0	-500	0	-0.0941354	
487	0.00139002	0.675956	0	-500	0	-0.0944781	
488	0.00139	0.677346	0	-500	0	-0.0948216	
489	0.00138997	0.678736	0	-500	0	-0.0951659	
490	0.00138994	0.680126	0	-500	0	-0.0955112	
491	0.00138991	0.681516	0	-500	0	-0.0958573	
492	0.00138987	0.682906	0	-500	0	-0.0962043	
493	0.00138983	0.684296	0	-500	0	-0.0965521	
494	0.00138979	0.685686	0	-500	0	-0.0969005	
495	0.00138975	0.687076	0	-500	0	-0.0972496	
496	0.0013897	0.688465	0	-500	0	-0.0975992	
497	0.00138966	0.689855	0	-500	0	-0.0979493	
498	0.00138961	0.691245	0	-500	0	-0.0982998	
499	0.00138957	0.692634	0	-500	0	-0.0986506	
500	0.00138953	0.694024	0	-500	0	-0.0990019	
501	0.00138948	0.695413	0	-500	0	-0.0993538	
502	0.00138944	0.696803	0	-500	0	-0.0997063	
503	0.00138941	0.698192	0	-500	0	-0.10006	
504	0.00138937	0.699582	0	-500	0	-0.100414	
505	0.00138934	0.700971	0	-500	0	-0.10077	
506	0.00138932	0.70236	0	-500	0	-0.101127	
507	0.0013893	0.70375	0	-500	0	-0.101485	
508	0.00138928	0.705139	0	-500	0	-0.101846	
509	0.00138926	0.706528	0	-500	0	-0.102208	
510	0.00138925	0.707918	0	-500	0	-0.102571	
511	0.00138924	0.709307	0	-500	0	-0.102936	
512	0.00138924	0.710696	0	-500	0	-0.103302	
513	0.00138924	0.712085	0	-500	0	-0.103669	
514	0.00138924	0.713475	0	-500	0	-0.104036	
515	0.00138924	0.714864	0	-500	0	-0.104404	
516	0.00138924	0.716253	0	-500	0	-0.10477	
517	0.00138925	0.717642	0	-500	0	-0.105135	
518	0.00138926	0.719031	0	-500	0	-0.105498	
519	0.00138926	0.720421	0	-500	0	-0.105859	
520	0.00138927	0.72181	0	-500	0	-0.106217	
521	0.00138927	0.723199	0	-500	0	-0.106572	
522	0.00138928	0.724589	0	-500	0	-0.106922	
523	0.00138928	0.725978	0	-500	0	-0.107269	
524	0.00138928	0.727367	0	-500	0	-0.107612	
525	0.00138928	0.728756	0	-500	0	-0.107951	
526	0.00138928	0.730146	0	-500	0	-0.108287	
527	0.00138928	0.731535	0	-500	0	-0.108619	
528	0.00138927	0.732924	0	-500	0	-0.108948	
529	0.00138927	0.734313	0	-500	0	-0.109275	
530	0.00138927	0.735703	0	-500	0	-0.1096	
531	0.00138926	0.737092	0	-500	0	-0.109925	
532	0.00138925	0.738481	0	-500	0	-0.110249	
533	0.00138924	0.739871	0	-500	0	-0.110573	
534	0.00138924	0.74126	0	-500	0	-0.110899	
535	0.00138923	0.742649	0	-500	0	-0.111226	
536	0.00138922	0.744038	0	-500	0	-0.111556	
537	0.00138921	0.745427	0	-500	0	-0.111889	
538	0.0013892	0.746817	0	-500	0	-0.112225	
539	0.00138919	0.748206	0	-500	0	-0.112565	
540	0.00138918	0.749595	0	-500	0	-0.11291	
541	0.00138917	0.750984	0	-500	0	-0.113259	
542	0.00138916	0.752373	0	-500	0	-0.113613	
543	0.00138915	0.753763	0	-500	0	-0.113972	
544	0.00138915	0.755152	0	-500	0	-0.114336	
545	0.00138915	0.756541	0	-500	0	-0.114705	
546	0.00138915	0.75793	0	-500	0	-0.115079	
547	0.00138915	0.759319	0	-500	0	-0.115458	
548	0.00138916	0.760708	0	-500	0	-0.115841	
549	0.00138917	0.762097	0	-500	0	-0.116229	
550	0.00138918	0.763487	0	-500	0	-0.116622	
551	0.0013892	0.764876	0	-500	0	-0.117019	
552	0.00138922	0.766265	0	-500	0	-0.117419	
553	0.00138925	0.767654	0	-500	0	-0.117822	
554	0.00138928	0.769043	0	-500	0	-0.118228	
555	0.00138931	0.770433	0	-500	0	-0.118636	
556	0.00138934	0.771822	0	-500	0	-0.119045	
557	0.00138937	0.773211	0	-500	0	-0.119455	
558	0.0013894	0.774601	0	-500	0	-0.119865	
559	0.00138943	0.77599	0	-500	0	-0.120275	
560	0.00138946	0.77738	0	-500	0	-0.120683	
561	0.00138948	0.778769	0	-500	0	-0.121089	
562	0.0013895	0.780159	0	-500	0	-0.121492	
563	0.00138952	0.781548	0	-500	0	-0.121891	
564	0.00138954	0.782938	0	-500	0	-0.122287	
565	0.00138955	0.784327	0	-500	0	-0.122678	
566	0.00138956	0.785717	0	-500	0	-0.123065	
567	0.00138956	0.787106	0	-500	0	-0.123447	
568	0.00138956	0.788496	0	-500	0	-0.123824	
569	0.00138957	0.789885	0	-500	0	-0.124195	
570	0.00138956	0.791275	0	-500	0	-0.124562	
571	0.00138956	0.792664	0	-500	0	-0.124923	
572	0.00138955	0.794054	0	-500	0	-0.12528	
573	0.00138955	0.795444	0	-500	0	-0.125631	
574	0.00138954	0.796833	0	-500	0	-0.125979	
575	0.00138953	0.798223	0	-500	0	-0.126322	
576	0.00138953	0.799612	0	-500	0	-0.126662	
577	0.00138952	0.801002	0	-500	0	-0.126998	
578	0.00138951	0.802391	0	-500	0	-0.127331	
579	0.0013895	0.803781	0	-500	0	-0.127662	
580	0.00138949	0.80517	0	-500	0	-0.12799	
581	0.00138947	0.80656	0	-500	0	-0.128317	
582	0.00138946	0.807949	0	-500	0	-0.128643	
583	0.00138945	0.809339	0	-500	0	-0.128968	
584	0.00138944	0.810728	0	-500	0	-0.129293	
585	0.00138943	0.812118	0	-500	0	-0.129619	
586	0.00138942	0.813507	0	-500	0	-0.129946	
587	0.00138941	0.814896	0	-500	0	-0.130276	
588	0.00138941	0.816286	0	-500	0	-0.130608	
589	0.0013894	0.817675	0	-500	0	-0.130943	
590	0.0013894	0.819065	0	-500	0	-0.131282	
591	0.00138939	0.820454	0	-500	0	-0.131625	
592	0.00138939	0.821843	0	-500	0	-0.131974	
593	0.00138939	0.823233	0	-500	0	-0.132328	
594	0.0013894	0.824622	0	-500	0	-0.132687	
595	0.0013894	0.826012	0	-500	0	-0.133053	
596	0.0013894	0.827401	0	-500	0	-0.133424	
597	0.0013894	0.82879	0	-500	0	-0.1338	
598	0.0013894	0.83018	0	-500	0	-0.134182	
599	0.00138939	0.831569	0	-500	0	-0.134569	
600	0.00138939	0.832959	0	-500	0	-0.134961	
601	0.00138938	0.834348	0	-500	0	-0.135357	
602	0.00138937	0.835737	0	-500	0	-0.135756	
603	0.00138936	0.837127	0	-500	0	-0.136157	
604	0.00138934	0.838516	0	-500	0	-0.136561	
605	0.00138932	0.839905	0	-500	0	-0.136967	
606	0.0013893	0.841295	0	-500	0	-0.137373	
607	0.00138928	0.842684	0	-500	0	-0.137779	
608	0.00138926	0.844073	0	-500	0	-0.138185	
609	0.00138924	0.845463	0	-500	0	-0.13859	
610	0.00138922	0.846852	0	-500	0	-0.138994	
611	0.00138921	0.848241	0	-500	0	-0.139397	
612	0.00138919	0.84963	0	-500	0	-0.139797	
613	0.00138918	0.851019	0	-500	0	-0.140196	
614	0.00138917	0.852409	0	-500	0	-0.140593	
615	0.00138917	0.853798	0	-500	0	-0.140987	
616	0.00138917	0.855187	0	-500	0	-0.141379	
617	0.00138917	0.856576	0	-500	0	-0.141769	
618	0.00138918	0.857965	0	-500	0	-0.142155	
619	0.00138919	0.859355	0	-500	0	-0.142539	
620	0.0013892	0.860744	0	-500	0	-0.14292	
621	0.00138921	0.862133	0	-500	0	-0.143298	
622	0.00138922	0.863522	0	-500	0	-0.143672	
623	0.00138923	0.864911	0	-500	0	-0.144044	
624	0.00138924	0.866301	0	-500	0	-0.144412	
625	0.00138925	0.86769	0	-500	0	-0.144776	
626	0.00138925	0.869079	0	-500	0	-0.145137	
627	0.00138925	0.870468	0	-500	0	-0.145494	
628	0.00138925	0.871858	0	-500	0	-0.145848	
629	0.00138924	0.873247	0	-500	0	-0.146199	
630	0.00138923	0.874636	0	-500	0	-0.146547	
631	0.00138922	0.876025	0	-500	0	-0.146892	
632	0.0013892	0.877414	0	-500	0	-0.147234	
633	0.00138918	0.878804	0	-500	0	-0.147575	
634	0.00138916	0.880193	0	-500	0	-0.147915	
635	0.00138914	0.881582	0	-500	0	-0.148254	
636	0.00138912	0.882971	0	-500	0	-0.148593	
637	0.00138909	0.88436	0	-500	0	-0.148932	
638	0.00138907	0.885749	0	-500	0	-0.149273	
639	0.00138904	0.887138	0	-500	0	-0.149616	
640	0.00138902	0.888527	0	-500	0	-0.149962	
641	0.001389	0.889917	0	-500	0	-0.150311	
642	0.00138898	0.891306	0	-500	0	-0.150665	
643	0.00138896	0.892694	0	-500	0	-0.151024	
644	0.00138894	0.894083	0	-500	0	-0.151388	
645	0.00138892	0.895472	0	-500	0	-0.151758	
646	0.0013889	0.896861	0	-500	0	-0.152135	
647	0.00138889	0.89825	0	-500	0	-0.152518	
648	0.00138887	0.899639	0	-500	0	-0.152908	
649	0.00138885	0.901028	0	-500	0	-0.153305	
650	0.00138884	0.902417	0	-500	0	-0.153709	
651	0.00138882	0.903806	0	-500	0	-0.154118	
652	0.00138881	0.905194	0	-500	0	-0.154534	
653	0.00138879	0.906583	0	-500	0	-0.154954	
654	0.00138877	0.907972	0	-500	0	-0.155379	
655	0.00138875	0.909361	0	-500	0	-0.155807	
656	0.00138873	0.91075	0	-500	0	-0.156238	
657	0.0013887	0.912138	0	-500	0	-0.15667	
658	0.00138868	0.913527	0	-500	0	-0.157102	
659	0.00138865	0.914916	0	-500	0	-0.157533	
660	0.00138863	0.916304	0	-500	0	-0.157962	
661	0.0013886	0.917693	0	-500	0	-0.158387	
662	0.00138857	0.919082	0	-500	0	-0.158809	
663	0.00138854	0.92047	0	-500	0	-0.159226	
664	0.00138852	0.921859	0	-500	0	-0.159637	
665	0.00138849	0.923247	0	-500	0	-0.160042	
666	0.00138846	0.924636	0	-500	0	-0.16044	
667	0.00138844	0.926024	0	-500	0	-0.160832	
668	0.00138842	0.927413	0	-500	0	-0.161217	
669	0.0013884	0.928801	0	-500	0	-0.161597	
670	0.00138838	0.930189	0	-500	0	-0.16197	
671	0.00138836	0.931578	0	-500	0	-0.162337	
672	0.00138835	0.932966	0	-500	0	-0.1627	
673	0.00138833	0.934355	0	-500	0	-0.163059	
674	0.00138832	0.935743	0	-500	0	-0.163415	
675	0.0013883	0.937131	0	-500	0	-0.163768	
676	0.00138829	0.938519	0	-500	0	-0.164119	
677	0.00138827	0.939908	0	-500	0	-0.164469	
678	0.00138826	0.941296	0	-500	0	-0.164818	
679	0.00138824	0.942684	0	-500	0	-0.165168	
680	0.00138822	0.944073	0	-500	0	-0.165518	
681	0.0013882	0.945461	0	-500	0	-0.165869	
682	0.00138818	0.946849	0	-500	0	-0.16622	
683	0.00138816	0.948237	0	-500	0	-0.166574	
684	0.00138813	0.949625	0	-500	0	-0.166928	
685	0.00138811	0.951013	0	-500	0	-0.167284	
686	0.00138808	0.952402	0	-500	0	-0.16764	
687	0.00138806	0.95379	0	-500	0	-0.167997	
688	0.00138803	0.955178	0	-500	0	-0.168355	
689	0.00138801	0.956566	0	-500	0	-0.168713	
690	0.00138799	0.957954	0	-500	0	-0.16907	
691	0.00138796	0.959342	0	-500	0	-0.169428	
692	0.00138794	0.96073	0	-500	0	-0.169784	
693	0.00138793	0.962118	0	-500	0	-0.170139	
694	0.00138791	0.963506	0	-500	0	-0.170492	
695	0.00138789	0.964893	0	-500	0	-0.170844	
696	0.00138788	0.966281	0	-500	0	-0.171193	
697	0.00138787	0.967669	0	-500	0	-0.17154	
698	0.00138786	0.969057	0	-500	0	-0.171885	
699	0.00138785	0.970445	0	-500	0	-0.172227	
700	0.00138783	0.971833	0	-500	0	-0.172567	
701	0.00138782	0.973221	0	-500	0	-0.172904	
702	0.00138781	0.974608	0	-500	0	-0.173239	
703	0.0013878	0.975996	0	-500	0	-0.173571	
704	0.00138779	0.977384	0	-500	0	-0.1739	
705	0.00138777	0.978772	0	-500	0	-0.174227	
706	0.00138775	0.98016	0	-500	0	-0.174552	
707	0.00138774	0.981547	0	-500	0	-0.174874	
708	0.00138771	0.982935	0	-500	0	-0.175195	
709	0.00138769	0.984323	0	-500	0	-0.175513	
710	0.00138767	0.985711	0	-500	0	-0.175829	
711	0.00138764	0.987098	0	-500	0	-0.176144	
712	0.00138761	0.988486	0	-500	0	-0.176457	
713	0.00138758	0.989873	0	-500	0	-0.176769	
714	0.00138755	0.991261	0	-500	0	-0.177079	
715	0.00138752	0.992649	0	-500	0	-0.177388	
716	0.00138748	0.994036	0	-500	0	-0.177696	
717	0.00138745	0.995424	0	-500	0	-0.178003	
718	0.00138741	0.996811	0	-500	0	-0.178309	
719	0.00138738	0.998198	0	-500	0	-0.178614	
720	0.00138734	0.999586	0	-500	0	-0.178919	
721	0.0013873	1.00097	0	-500	0	-0.179222	
722	0.00138727	1.00236	0	-500	0	-0.179524	
723	0.00138723	1.00375	0	-500	0	-0.179825	
724	0.0013872	1.00513	0	-500	0	-0.180125	
725	0.00138716	1.00652	0	-500	0	-0.180423	
726	0.00138713	1.00791	0	-500	0	-0.18072	
727	0.0013871	1.0093	0	-500	0	-0.181015	
728	0.00138707	1.01068	0	-500	0	-0.181308	
729	0.00138704	1.01207	0	-500	0	-0.181599	
730	0.00138701	1.01346	0	-500	0	-0.181887	
731	0.00138698	1.01484	0	-500	0	-0.182173	
732	0.00138695	1.01623	0	-500	0	-0.182456	
733	0.00138693	1.01762	0	-500	0	-0.182736	
734	0.0013869	1.01901	0	-500	0	-0.183014	
735	0.00138688	1.02039	0	-500	0	-0.183289	
736	0.00138686	1.02178	0	-500	0	-0.183562	
737	0.00138684	1.02317	0	-500	0	-0.183833	
738	0.00138682	1.02455	0	-500	0	-0.184102	
739	0.0013868	1.02594	0	-500	0	-0.184369	
740	0.00138679	1.02733	0	-500	0	-0.184635	
741	0.00138677	1.02871	0	-500	0	-0.184901	
742	0.00138676	1.0301	0	-500	0	-0.185166	
743	0.00138675	1.03149	0	-500	0	-0.185431	
744	0.00138674	1.03287	0	-500	0	-0.185697	
745	0.00138672	1.03426	0	-500	0	-0.185963	
746	0.00138671	1.03565	0	-500	0	-0.18623	
747	0.0013867	1.03703	0	-500	0	-0.186498	
748	0.00138668	1.03842	0	-500	0	-0.186767	
749	0.00138666	1.03981	0	-500	0	-0.187036	
750	0.00138664	1.04119	0	-500	0	-0.187305	
751	0.00138662	1.04258	0	-500	0	-0.187575	
752	0.0013866	1.04397	0	-500	0	-0.187844	
753	0.00138657	1.04535	0	-500	0	-0.188112	
754	0.00138654	1.04674	0	-500	0	-0.188379	
755	0.0013865	1.04813	0	-500	0	-0.188644	
756	0.00138647	1.04951	0	-500	0	-0.188907	
757	0.00138643	1.0509	0	-500	0	-0.189167	
758	0.00138639	1.05229	0	-500	0	-0.189425	
759	0.00138634	1.05367	0	-500	0	-0.189679	
760	0.0013863	1.05506	0	-500	0	-0.189931	
761	0.00138626	1.05645	0	-500	0	-0.190179	
762	0.00138622	1.05783	0	-500	0	-0.190425	
763	0.00138618	1.05922	0	-500	0	-0.190668	
764	0.00138614	1.0606	0	-500	0	-0.190909	
765	0.00138611	1.06199	0	-500	0	-0.191148	
766	0.00138607	1.06338	0	-500	0	-0.191386	
767	0.00138605	1.06476	0	-500	0	-0.191624	
768	0.00138603	1.06615	0	-500	0	-0.191862	
769	0.00138601	1.06753	0	-500	0	-0.1921	
770	0.00138599	1.06892	0	-500	0	-0.19234	
771	0.00138598	1.07031	0	-500	0	-0.192581	
772	0.00138597	1.07169	0	-500	0	-0.192824	
773	0.00138597	1.07308	0	-500	0	-0.193069	
774	0.00138596	1.07446	0	-500	0	-0.193316	
775	0.00138596	1.07585	0	-500	0	-0.193565	
776	0.00138596	1.07724	0	-500	0	-0.193816	
777	0.00138596	1.07862	0	-500	0	-0.194068	
778	0.00138595	1.08001	0	-500	0	-0.194322	
779	0.00138595	1.08139	0	-500	0	-0.194577	
780	0.00138594	1.08278	0	-500	0	-0.194831	
781	0.00138593	1.08417	0	-500	0	-0.195085	
782	0.00138591	1.08555	0	-500	0	-0.195339	
783	0.0013859	1.08694	0	-500	0	-0.19559	
784	0.00138588	1.08832	0	-500	0	-0.19584	
785	0.00138586	1.08971	0	-500	0	-0.196088	
786	0.00138583	1.0911	0	-500	0	-0.196333	
787	0.0013858	1.09248	0	-500	0	-0.196575	
788	0.00138577	1.09387	0	-500	0	-0.196815	
789	0.00138574	1.09525	0	-500	0	-0.197052	
790	0.00138571	1.09664	0	-500	0	-0.197286	
791	0.00138568	1.09802	0	-500	0	-0.197518	
792	0.00138565	1.09941	0	-500	0	-0.197749	
793	0.00138561	1.1008	0	-500	0	-0.197978	
794	0.00138558	1.10218	0	-500	0	-0.198206	
795	0.00138556	1.10357	0	-500	0	-0.198435	
796	0.00138553	1.10495	0	-500	0	-0.198663	
797	0.00138551	1.10634	0	-500	0	-0.198893	
798	0.00138548	1.10772	0	-500	0	-0.199125	
799	0.00138547	1.10911	0	-500	0	-0.199358	
800	0.00138545	1.11049	0	-500	0	-0.199594	
801	0.00138544	1.11188	0	-500	0	-0.199832	
802	0.00138543	1.11327	0	-500	0	-0.200073	
803	0.00138542	1.11465	0	-500	0	-0.200317	
804	0.00138541	1.11604	0	-500	0	-0.200564	
805	0.00138541	1.11742	0	-500	0	-0.200813	
806	0.00138541	1.11881	0	-500	0	-0.201064	
807	0.0013854	1.12019	0	-500	0	-0.201317	
808	0.0013854	1.12158	0	-500	0	-0.201571	
809	0.00138539	1.12296	0	-500	0	-0.201825	
810	0.00138538	1.12435	0	-500	0	-0.202079	
811	0.00138537	1.12573	0	-500	0	-0.202331	
812	0.00138536	1.12712	0	-500	0	-0.202582	
813	0.00138535	1.1285	0	-500	0	-0.20283	
814	0.00138533	1.12989	0	-500	0	-0.203074	
815	0.00138531	1.13128	0	-500	0	-0.203315	
816	0.00138528	1.13266	0	-500	0	-0.20355	
817	0.00138525	1.13405	0	-500	0	-0.203781	
818	0.00138522	1.13543	0	-500	0	-0.204006	
819	0.00138518	1.13682	0	-500	0	-0.204225	
820	0.00138514	1.1382	0	-500	0	-0.204438	
821	0.00138509	1.13959	0	-500	0	-0.204646	
822	0.00138505	1.14097	0	-500	0	-0.204848	
823	0.001385	1.14236	0	-500	0	-0.205045	
824	0.00138495	1.14374	0	-500	0	-0.205238	
825	0.0013849	1.14513	0	-500	0	-0.205427	
826	0.00138485	1.14651	0	-500	0	-0.205613	
827	0.0013848	1.1479	0	-500	0	-0.205798	
828	0.00138475	1.14928	0	-500	0	-0.205981	
829	0.0013847	1.15067	0	-500	0	-0.206165	
830	0.00138466	1.15205	0	-500	0	-0.20635	
831	0.00138462	1.15344	0	-500	0	-0.206538	
832	0.00138458	1.15482	0	-500	0	-0.206729	
833	0.00138455	1.1562	0	-500	0	-0.206925	
834	0.00138452	1.15759	0	-500	0	-0.207126	
835	0.0013845	1.15897	0	-500	0	-0.207333	
836	0.00138447	1.16036	0	-500	0	-0.207547	
837	0.00138445	1.16174	0	-500	0	-0.207768	
838	0.00138444	1.16313	0	-500	0	-0.207996	
839	0.00138442	1.16451	0	-500	0	-0.208231	
840	0.00138441	1.1659	0	-500	0	-0.208474	
841	0.00138439	1.16728	0	-500	0	-0.208723	
842	0.00138438	1.16866	0	-500	0	-0.208978	
843	0.00138436	1.17005	0	-500	0	-0.209239	
844	0.00138434	1.17143	0	-500	0	-0.209505	
845	0.00138432	1.17282	0	-500	0	-0.209774	
846	0.00138429	1.1742	0	-500	0	-0.210046	
847	0.00138426	1.17559	0	-500	0	-0.21032	
848	0.00138422	1.17697	0	-500	0	-0.210594	
849	0.00138418	1.17835	0	-500	0	-0.210868	
850	0.00138414	1.17974	0	-500	0	-0.211141	
851	0.00138409	1.18112	0	-500	0	-0.211412	
852	0.00138404	1.18251	0	-500	0	-0.211679	
853	0.00138398	1.18389	0	-500	0	-0.211943	
854	0.00138392	1.18528	0	-500	0	-0.212202	
855	0.00138386	1.18666	0	-500	0	-0.212457	
856	0.0013838	1.18804	0	-500	0	-0.212708	
857	0.00138373	1.18943	0	-500	0	-0.212952	
858	0.00138366	1.19081	0	-500	0	-0.213192	
859	0.00138359	1.19219	0	-500	0	-0.213427	
860	0.00138352	1.19358	0	-500	0	-0.213656	
861	0.00138345	1.19496	0	-500	0	-0.213881	
862	0.00138338	1.19634	0	-500	0	-0.2141	
863	0.00138331	1.19773	0	-500	0	-0.214316	
864	0.00138324	1.19911	0	-500	0	-0.214527	
865	0.00138317	1.20049	0	-500	0	-0.214734	
866	0.0013831	1.20188	0	-500	0	-0.214937	
867	0.00138304	1.20326	0	-500	0	-0.215137	
868	0.00138297	1.20464	0	-500	0	-0.215334	
869	0.00138291	1.20603	0	-500	0	-0.215528	
870	0.00138285	1.20741	0	-500	0	-0.21572	
871	0.00138279	1.20879	0	-500	0	-0.21591	
872	0.00138274	1.21018	0	-500	0	-0.216098	
873	0.00138269	1.21156	0	-500	0	-0.216285	
874	0.00138264	1.21294	0	-500	0	-0.21647	
875	0.00138259	1.21432	0	-500	0	-0.216656	
876	0.00138255	1.21571	0	-500	0	-0.216841	
877	0.00138251	1.21709	0	-500	0	-0.217026	
878	0.00138247	1.21847	0	-500	0	-0.217212	
879	0.00138244	1.21985	0	-500	0	-0.217399	
880	0.00138241	1.22124	0	-500	0	-0.217587	
881	0.00138239	1.22262	0	-500	0	-0.217777	
882	0.00138237	1.224	0	-500	0	-0.217969	
883	0.00138235	1.22538	0	-500	0	-0.218164	
884	0.00138233	1.22677	0	-500	0	-0.218361	
885	0.00138231	1.22815	0	-500	0	-0.21856	
886	0.0013823	1.22953	0	-500	0	-0.218763	
887	0.00138228	1.23091	0	-500	0	-0.218969	
888	0.00138227	1.23229	0	-500	0	-0.219178	
889	0.00138225	1.23368	0	-500	0	-0.219389	
890	0.00138224	1.23506	0	-500	0	-0.219605	
891	0.00138222	1.23644	0	-500	0	-0.219823	
892	0.0013822	1.23782	0	-500	0	-0.220044	
893	0.00138218	1.23921	0	-500	0	-0.220269	
894	0.00138215	1.24059	0	-500	0	-0.220497	
895	0.00138212	1.24197	0	-500	0	-0.220727	
896	0.00138209	1.24335	0	-500	0	-0.220961	
897	0.00138206	1.24473	0	-500	0	-0.221198	
898	0.00138202	1.24612	0	-500	0	-0.221438	
899	0.00138198	1.2475	0	-500	0	-0.22168	
900	0.00138194	1.24888	0	-500	0	-0.221925	
901	0.0013819	1.25026	0	-500	0	-0.222172	
902	0.00138185	1.25164	0	-500	0	-0.222422	
903	0.00138181	1.25303	0	-500	0	-0.222674	
904	0.00138177	1.25441	0	-500	0	-0.222928	
905	0.00138172	1.25579	0	-500	0	-0.223183	
906	0.00138168	1.25717	0	-500	0	-0.223439	
907	0.00138165	1.25855	0	-500	0	-0.223696	
908	0.00138161	1.25994	0	-500	0	-0.223954	
909	0.00138157	1.26132	0	-500	0	-0.22421	
910	0.00138154	1.2627	0	-500	0	-0.224466	
911	0.00138152	1.26408	0	-500	0	-0.224721	
912	0.00138149	1.26546	0	-500	0	-0.224973	
913	0.00138147	1.26684	0	-500	0	-0.225223	
914	0.00138145	1.26822	0	-500	0	-0.225469	
915	0.00138143	1.26961	0	-500	0	-0.225711	
916	0.00138142	1.27099	0	-500	0	-0.225949	
917	0.00138141	1.27237	0	-500	0	-0.226181	
918	0.0013814	1.27375	0	-500	0	-0.226408	
919	0.00138139	1.27513	0	-500	0	-0.22663	
920	0.00138138	1.27651	0	-500	0	-0.226845	
921	0.00138137	1.27789	0	-500	0	-0.227054	
922	0.00138136	1.27928	0	-500	0	-0.227257	
923	0.00138135	1.28066	0	-500	0	-0.227454	
924	0.00138134	1.28204	0	-500	0	-0.227644	
925	0.00138132	1.28342	0	-500	0	-0.22783	
926	0.00138131	1.2848	0	-500	0	-0.228009	
927	0.00138129	1.28618	0	-500	0	-0.228184	
928	0.00138128	1.28756	0	-500	0	-0.228355	
929	0.00138126	1.28894	0	-500	0	-0.228523	
930	0.00138125	1.29033	0	-500	0	-0.228688	
931	0.00138123	1.29171	0	-500	0	-0.228851	
932	0.00138121	1.29309	0	-500	0	-0.229013	
933	0.0013812	1.29447	0	-500	0	-0.229175	
934	0.00138118	1.29585	0	-500	0	-0.229338	
935	0.00138117	1.29723	0	-500	0	-0.229502	
936	0.00138115	1.29861	0	-500	0	-0.229669	
937	0.00138114	1.29999	0	-500	0	-0.229839	
938	0.00138113	1.30138	0	-500	0	-0.230013	
939	0.00138112	1.30276	0	-500	0	-0.230191	
940	0.00138112	1.30414	0	-500	0	-0.230374	
941	0.00138111	1.30552	0	-500	0	-0.230562	
942	0.00138111	1.3069	0	-500	0	-0.230756	
943	0.0013811	1.30828	0	-500	0	-0.230954	
944	0.0013811	1.30966	0	-500	0	-0.231158	
945	0.0013811	1.31104	0	-500	0	-0.231367	
946	0.0013811	1.31242	0	-500	0	-0.23158	
947	0.0013811	1.31381	0	-500	0	-0.231798	
948	0.0013811	1.31519	0	-500	0	-0.23202	
949	0.0013811	1.31657	0	-500	0	-0.232244	
950	0.0013811	1.31795	0	-500	0	-0.232472	
951	0.0013811	1.31933	0	-500	0	-0.232701	
952	0.00138109	1.32071	0	-500	0	-0.232932	
953	0.00138109	1.32209	0	-500	0	-0.233163	
954	0.00138108	1.32347	0	-500	0	-0.233394	
955	0.00138108	1.32485	0	-500	0	-0.233625	
956	0.00138107	1.32624	0	-500	0	-0.233855	
957	0.00138106	1.32762	0	-500	0	-0.234083	
958	0.00138106	1.329	0	-500	0	-0.234309	
959	0.00138105	1.33038	0	-500	0	-0.234533	
960	0.00138104	1.33176	0	-500	0	-0.234754	
961	0.00138104	1.33314	0	-500	0	-0.234973	
962	0.00138103	1.33452	0	-500	0	-0.235189	
963	0.00138103	1.3359	0	-500	0	-0.235402	
964	0.00138102	1.33728	0	-500	0	-0.235612	
965	0.00138102	1.33866	0	-500	0	-0.235819	
966	0.00138102	1.34005	0	-500	0	-0.236022	
967	0.00138102	1.34143	0	-500	0	-0.236223	
968	0.00138102	1.34281	0	-500	0	-0.23642	
969	0.00138101	1.34419	0	-500	0	-0.236614	
970	0.00138101	1.34557	0	-500	0	-0.236805	
971	0.00138101	1.34695	0	-500	0	-0.236993	
972	0.00138101	1.34833	0	-500	0	-0.237178	
973	0.00138101	1.34971	0	-500	0	-0.23736	
974	0.00138101	1.35109	0	-500	0	-0.237538	
975	0.00138101	1.35247	0	-500	0	-0.237713	
976	0.00138101	1.35386	0	-500	0	-0.237885	
977	0.00138101	1.35524	0	-500	0	-0.238053	
978	0.00138101	1.35662	0	-500	0	-0.238219	
979	0.00138101	1.358	0	-500	0	-0.238381	
980	0.00138101	1.35938	0	-500	0	-0.23854	
981	0.00138102	1.36076	0	-500	0	-0.238697	
982	0.00138102	1.36214	0	-500	0	-0.23885	
983	0.00138102	1.36352	0	-500	0	-0.239002	
984	0.00138103	1.3649	0	-500	0	-0.239151	
985	0.00138103	1.36629	0	-500	0	-0.239298	
986	0.00138104	1.36767	0	-500	0	-0.239443	
987	0.00138105	1.36905	0	-500	0	-0.239588	
988	0.00138106	1.37043	0	-500	0	-0.239731	
989	0.00138107	1.37181	0	-500	0	-0.239874	
990	0.00138108	1.37319	0	-500	0	-0.240017	
991	0.0013811	1.37457	0	-500	0	-0.24016	
992	0.00138111	1.37595	0	-500	0	-0.240304	
993	0.00138113	1.37733	0	-500	0	-0.240448	
994	0.00138115	1.37871	0	-500	0	-0.240594	
995	0.00138116	1.3801	0	-500	0	-0.240742	
996	0.00138118	1.38148	0	-500	0	-0.240892	
997	0.00138119	1.38286	0	-500	0	-0.241044	
998	0.00138121	1.38424	0	-500	0	-0.241199	
999	0.00138122	1.38562	0	-500	0	-0.241356	
1000	0.00138123	1.387	0	-500	0	-0.241517	
1001	0.00138124	1.38838	0	-500	0	-0.241682	
1002	0.00138125	1.38976	0	-500	0	-0.24185	
1003	0.00138125	1.39115	0	-500	0	-0.242022	
1004	0.00138126	1.39253	0	-500	0	-0.242198	
1005	0.00138126	1.39391	0	-500	0	-0.242378	
1006	0.00138125	1.39529	0	-500	0	-0.242563	
1007	0.00138125	1.39667	0	-500	0	-0.242753	
1008	0.00138124	1.39805	0	-500	0	-0.242946	
1009	0.00138123	1.39943	0	-500	0	-0.243144	
1010	0.00138121	1.40081	0	-500	0	-0.243347	
1011	0.0013812	1.4022	0	-500	0	-0.243553	
1012	0.00138118	1.40358	0	-500	0	-0.243764	
1013	0.00138117	1.40496	0	-500	0	-0.243977	
1014	0.00138115	1.40634	0	-500	0	-0.244194	
1015	0.00138113	1.40772	0	-500	0	-0.244413	
1016	0.00138111	1.4091	0	-500	0	-0.244634	
1017	0.0013811	1.41048	0	-500	0	-0.244856	
1018	0.00138109	1.41186	0	-500	0	-0.245078	
1019	0.00138108	1.41324	0	-500	0	-0.245299	
1020	0.00138107	1.41463	0	-500	0	-0.24552	
1021	0.00138107	1.41601	0	-500	0	-0.245738	
1022	0.00138107	1.41739	0	-500	0	-0.245953	
1023	0.00138107	1.41877	0	-500	0	-0.246165	
1024	0.00138108	1.42015	0	-500	0	-0.246372	
1025	0.00138109	1.42153	0	-500	0	-0.246575	
1026	0.0013811	1.42291	0	-500	0	-0.246773	
1027	0.00138112	1.42429	0	-500	0	-0.246965	
1028	0.00138114	1.42567	0	-500	0	-0.247151	
1029	0.00138116	1.42706	0	-500	0	-0.247333	
1030	0.00138118	1.42844	0	-500	0	-0.247509	
1031	0.0013812	1.42982	0	-500	0	-0.24768	
1032	0.00138123	1.4312	0	-500	0	-0.247847	
1033	0.00138125	1.43258	0	-500	0	-0.24801	
1034	0.00138128	1.43396	0	-500	0	-0.24817	
1035	0.0013813	1.43534	0	-500	0	-0.248329	
1036	0.00138132	1.43672	0	-500	0	-0.248486	
1037	0.00138134	1.43811	0	-500	0	-0.248643	
1038	0.00138136	1.43949	0	-500	0	-0.248802	
1039	0.00138137	1.44087	0	-500	0	-0.248962	
1040	0.00138138	1.44225	0	-500	0	-0.249124	
1041	0.00138139	1.44363	0	-500	0	-0.24929	
1042	0.00138139	1.44501	0	-500	0	-0.24946	
1043	0.0013814	1.44639	0	-500	0	-0.249635	
1044	0.0013814	1.44778	0	-500	0	-0.249815	
1045	0.0013814	1.44916	0	-500	0	-0.249999	
1046	0.00138139	1.45054	0	-500	0	-0.25019	
1047	0.00138139	1.45192	0	-500	0	-0.250385	
1048	0.00138138	1.4533	0	-500	0	-0.250586	
1049	0.00138138	1.45468	0	-500	0	-0.250791	
1050	0.00138137	1.45606	0	-500	0	-0.251001	
1051	0.00138137	1.45744	0	-500	0	-0.251214	
1052	0.00138137	1.45883	0	-500	0	-0.25143	
1053	0.00138136	1.46021	0	-500	0	-0.251648	
1054	0.00138136	1.46159	0	-500	0	-0.251868	
1055	0.00138136	1.46297	0	-500	0	-0.252089	
1056	0.00138137	1.46435	0	-500	0	-0.25231	
1057	0.00138137	1.46573	0	-500	0	-0.252529	
1058	0.00138138	1.46711	0	-500	0	-0.252747	
1059	0.00138138	1.4685	0	-500	0	-0.252963	
1060	0.0013814	1.46988	0	-500	0	-0.253175	
1061	0.00138141	1.47126	0	-500	0	-0.253384	
1062	0.00138142	1.47264	0	-500	0	-0.253589	
1063	0.00138143	1.47402	0	-500	0	-0.253789	
1064	0.00138145	1.4754	0	-500	0	-0.253985	
1065	0.00138146	1.47678	0	-500	0	-0.254176	
1066	0.00138148	1.47817	0	-500	0	-0.254361	
1067	0.00138149	1.47955	0	-500	0	-0.254542	
1068	0.0013815	1.48093	0	-500	0	-0.254718	
1069	0.00138151	1.48231	0	-500	0	-0.254889	
1070	0.00138152	1.48369	0	-500	0	-0.255056	
1071	0.00138153	1.48507	0	-500	0	-0.255219	
1072	0.00138153	1.48645	0	-500	0	-0.255378	
1073	0.00138153	1.48784	0	-500	0	-0.255534	
1074	0.00138153	1.48922	0	-500	0	-0.255687	
1075	0.00138153	1.4906	0	-500	0	-0.255838	
1076	0.00138153	1.49198	0	-500	0	-0.255988	
1077	0.00138152	1.49336	0	-500	0	-0.256137	
1078	0.00138151	1.49474	0	-500	0	-0.256285	
1079	0.00138151	1.49613	0	-500	0	-0.256433	
1080	0.0013815	1.49751	0	-500	0	-0.256582	
1081	0.00138149	1.49889	0	-500	0	-0.256732	
1082	0.00138148	1.50027	0	-500	0	-0.256882	
1083	0.00138147	1.50165	0	-500	0	-0.257035	
1084	0.00138147	1.50303	0	-500	0	-0.257189	
1085	0.00138146	1.50441	0	-500	0	-0.257345	
1086	0.00138146	1.5058	0	-500	0	-0.257503	
1087	0.00138146	1.50718	0	-500	0	-0.257662	
1088	0.00138146	1.50856	0	-500	0	-0.257824	
1089	0.00138146	1.50994	0	-500	0	-0.257987	
1090	0.00138146	1.51132	0	-500	0	-0.258152	
1091	0.00138147	1.5127	0	-500	0	-0.258318	
1092	0.00138148	1.51408	0	-500	0	-0.258485	
1093	0.00138149	1.51547	0	-500	0	-0.258652	
1094	0.0013815	1.51685	0	-500	0	-0.258819	
1095	0.00138151	1.51823	0	-500	0	-0.258986	
1096	0.00138153	1.51961	0	-500	0	-0.259153	
1097	0.00138154	1.52099	0	-500	0	-0.259317	
1098	0.00138156	1.52237	0	-500	0	-0.259481	
1099	0.00138158	1.52376	0	-500	0	-0.259642	
1100	0.00138159	1.52514	0	-500	0	-0.259801	
1101	0.00138161	1.52652	0	-500	0	-0.259957	
1102	0.00138163	1.5279	0	-500	0	-0.260109	
1103	0.00138164	1.52928	0	-500	0	-0.260259	
1104	0.00138165	1.53066	0	-500	0	-0.260404	
1105	0.00138167	1.53204	0	-500	0	-0.260546	
1106	0.00138168	1.53343	0	-500	0	-0.260684	
1107	0.00138169	1.53481	0	-500	0	-0.260818	
1108	0.00138169	1.53619	0	-500	0	-0.260948	
1109	0.0013817	1.53757	0	-500	0	-0.261074	
1110	0.0013817	1.53895	0	-500	0	-0.261196	
1111	0.0013817	1.54034	0	-500	0	-0.261314	
1112	0.00138169	1.54172	0	-500	0	-0.261428	
1113	0.00138168	1.5431	0	-500	0	-0.261539	
1114	0.00138167	1.54448	0	-500	0	-0.261647	
1115	0.00138165	1.54586	0	-500	0	-0.261752	
1116	0.00138163	1.54724	0	-500	0	-0.261853	
1117	0.00138161	1.54863	0	-500	0	-0.261952	
1118	0.00138159	1.55001	0	-500	0	-0.262049	
1119	0.00138157	1.55139	0	-500	0	-0.262143	
1120	0.00138154	1.55277	0	-500	0	-0.262235	
1121	0.00138152	1.55415	0	-500	0	-0.262325	
1122	0.00138149	1.55553	0	-500	0	-0.262413	
1123	0.00138147	1.55691	0	-500	0	-0.262499	
1124	0.00138145	1.5583	0	-500	0	-0.262584	
1125	0.00138143	1.55968	0	-500	0	-0.262667	
1126	0.00138141	1.56106	0	-500	0	-0.262749	
1127	0.0013814	1.56244	0	-500	0	-0.262829	
1128	0.00138139	1.56382	0	-500	0	-0.262908	
1129	0.00138138	1.5652	0	-500	0	-0.262986	
1130	0.00138138	1.56658	0	-500	0	-0.263062	
1131	0.00138138	1.56797	0	-500	0	-0.263138	
1132	0.00138138	1.56935	0	-500	0	-0.263213	
1133	0.00138139	1.57073	0	-500	0	-0.263287	
1134	0.00138139	1.57211	0	-500	0	-0.26336	
1135	0.00138141	1.57349	0	-500	0	-0.263433	
1136	0.00138142	1.57487	0	-500	0	-0.263505	
1137	0.00138143	1.57625	0	-500	0	-0.263576	
1138	0.00138145	1.57764	0	-500	0	-0.263648	
1139	0.00138146	1.57902	0	-500	0	-0.263719	
1140	0.00138148	1.5804	0	-500	0	-0.26379	
1141	0.00138149	1.58178	0	-500	0	-0.26386	
1142	0.00138151	1.58316	0	-500	0	-0.263931	
1143	0.00138152	1.58454	0	-500	0	-0.264001	
1144	0.00138153	1.58592	0	-500	0	-0.264071	
1145	0.00138154	1.58731	0	-500	0	-0.264141	
1146	0.00138155	1.58869	0	-500	0	-0.264211	
1147	0.00138155	1.59007	0	-500	0	-0.264281	
1148	0.00138156	1.59145	0	-500	0	-0.26435	
1149	0.00138156	1.59283	0	-500	0	-0.264419	
1150	0.00138156	1.59421	0	-500	0	-0.264487	
1151	0.00138156	1.5956	0	-500	0	-0.264554	
1152	0.00138156	1.59698	0	-500	0	-0.26462	
1153	0.00138155	1.59836	0	-500	0	-0.264686	
1154	0.00138155	1.59974	0	-500	0	-0.26475	
1155	0.00138155	1.60112	0	-500	0	-0.264813	
1156	0.00138154	1.6025	0	-500	0	-0.264874	
1157	0.00138154	1.60388	0	-500	0	-0.264933	
1158	0.00138154	1.60527	0	-500	0	-0.26499	
1159	0.00138154	1.60665	0	-500	0	-0.265045	
1160	0.00138154	1.60803	0	-500	0	-0.265097	
1161	0.00138154	1.60941	0	-500	0	-0.265147	
1162	0.00138155	1.61079	0	-500	0	-0.265194	
1163	0.00138156	1.61217	0	-500	0	-0.265237	
1164	0.00138157	1.61356	0	-500	0	-0.265277	
1165	0.00138158	1.61494	0	-500	0	-0.265314	
1166	0.0013816	1.61632	0	-500	0	-0.265347	
1167	0.00138162	1.6177	0	-500	0	-0.265376	
1168	0.00138164	1.61908	0	-500	0	-0.265401	
1169	0.00138166	1.62046	0	-500	0	-0.265421	
1170	0.00138169	1.62185	0	-500	0	-0.265438	
1171	0.00138172	1.62323	0	-500	0	-0.26545	
1172	0.00138175	1.62461	0	-500	0	-0.265458	
1173	0.00138178	1.62599	0	-500	0	-0.265462	
1174	0.00138182	1.62737	0	-500	0	-0.265462	
1175	0.00138185	1.62875	0	-500	0	-0.265458	
1176	0.00138189	1.63014	0	-500	0	-0.26545	
1177	0.00138192	1.63152	0	-500	0	-0.26544	
1178	0.00138196	1.6329	0	-500	0	-0.265426	
1179	0.00138199	1.63428	0	-500	0	-0.265409	
1180	0.00138202	1.63566	0	-500	0	-0.26539	
1181	0.00138205	1.63705	0	-500	0	-0.26537	
1182	0.00138208	1.63843	0	-500	0	-0.265348	
1183	0.0013821	1.63981	0	-500	0	-0.265324	
1184	0.00138213	1.64119	0	-500	0	-0.265301	
1185	0.00138215	1.64257	0	-500	0	-0.265277	
1186	0.00138216	1.64396	0	-500	0	-0.265253	
1187	0.00138218	1.64534	0	-500	0	-0.265229	
1188	0.00138219	1.64672	0	-500	0	-0.265206	
1189	0.0013822	1.6481	0	-500	0	-0.265184	
1190	0.00138221	1.64948	0	-500	0	-0.265163	
1191	0.00138221	1.65087	0	-500	0	-0.265144	
1192	0.00138222	1.65225	0	-500	0	-0.265126	
1193	0.00138222	1.65363	0	-500	0	-0.265108	
1194	0.00138222	1.65501	0	-500	0	-0.265093	
1195	0.00138222	1.6564	0	-500	0	-0.265078	
1196	0.00138223	1.65778	0	-500	0	-0.265064	
1197	0.00138223	1.65916	0	-500	0	-0.265051	
1198	0.00138224	1.66054	0	-500	0	-0.265039	
1199	0.00138224	1.66192	0	-500	0	-0.265027	
1200	0.00138225	1.66331	0	-500	0	-0.265016	
1201	0.00138226	1.66469	0	-500	0	-0.265004	
1202	0.00138227	1.66607	0	-500	0	-0.264992	
1203	0.00138228	1.66745	0	-500	0	-0.26498	
1204	0.00138229	1.66884	0	-500	0	-0.264966	
1205	0.0013823	1.67022	0	-500	0	-0.264952	
1206	0.00138232	1.6716	0	-500	0	-0.264937	
1207	0.00138233	1.67298	0	-500	0	-0.264921	
1208	0.00138234	1.67437	0	-500	0	-0.264904	
1209	0.00138236	1.67575	0	-500	0	-0.264885	
1210	0.00138237	1.67713	0	-500	0	-0.264865	
1211	0.00138238	1.67851	0	-500	0	-0.264844	
1212	0.00138239	1.67989	0	-500	0	-0.264821	
1213	0.0013824	1.68128	0	-500	0	-0.264797	
1214	0.0013824	1.68266	0	-500	0	-0.264771	
1215	0.00138241	1.68404	0	-500	0	-0.264744	
1216	0.00138241	1.68542	0	-500	0	-0.264715	
1217	0.00138241	1.68681	0	-500	0	-0.264685	
1218	0.0013824	1.68819	0	-500	0	-0.264652	
1219	0.00138239	1.68957	0	-500	0	-0.264618	
1220	0.00138239	1.69095	0	-500	0	-0.264581	
1221	0.00138237	1.69234	0	-500	0	-0.264541	
1222	0.00138236	1.69372	0	-500	0	-0.264499	
1223	0.00138234	1.6951	0	-500	0	-0.264453	
1224	0.00138233	1.69648	0	-500	0	-0.264404	
1225	0.00138231	1.69787	0	-500	0	-0.264351	
1226	0.00138229	1.69925	0	-500	0	-0.264294	
1227	0.00138227	1.70063	0	-500	0	-0.264233	
1228	0.00138226	1.70201	0	-500	0	-0.264167	
1229	0.00138224	1.70339	0	-500	0	-0.264096	
1230	0.00138222	1.70478	0	-500	0	-0.26402	
1231	0.00138221	1.70616	0	-500	0	-0.26394	
1232	0.00138219	1.70754	0	-500	0	-0.263855	
1233	0.00138218	1.70892	0	-500	0	-0.263765	
1234	0.00138217	1.71031	0	-500	0	-0.263671	
1235	0.00138216	1.71169	0	-500	0	-0.263574	
1236	0.00138215	1.71307	0	-500	0	-0.263473	
1237	0.00138214	1.71445	0	-500	0	-0.263369	
1238	0.00138213	1.71583	0	-500	0	-0.263263	
1239	0.00138213	1.71722	0	-500	0	-0.263155	
1240	0.00138212	1.7186	0	-500	0	-0.263047	
1241	0.00138212	1.71998	0	-500	0	-0.262939	
1242	0.00138212	1.72136	0	-500	0	-0.262831	
1243	0.00138211	1.72275	0	-500	0	-0.262725	
1244	0.00138211	1.72413	0	-500	0	-0.262621	
1245	0.0013821	1.72551	0	-500	0	-0.262519	
1246	0.0013821	1.72689	0	-500	0	-0.262421	
1247	0.00138209	1.72827	0	-500	0	-0.262327	
1248	0.00138208	1.72966	0	-500	0	-0.262237	
1249	0.00138207	1.73104	0	-500	0	-0.26215	
1250	0.00138206	1.73242	0	-500	0	-0.262069	
1251	0.00138205	1.7338	0	-500	0	-0.261991	
1252	0.00138203	1.73518	0	-500	0	-0.261918	
1253	0.00138201	1.73657	0	-500	0	-0.261848	
1254	0.001382	1.73795	0	-500	0	-0.261781	
1255	0.00138198	1.73933	0	-500	0	-0.261717	
1256	0.00138196	1.74071	0	-500	0	-0.261655	
1257	0.00138193	1.74209	0	-500	0	-0.261594	
1258	0.00138191	1.74348	0	-500	0	-0.261533	
1259	0.00138188	1.74486	0	-500	0	-0.261472	
1260	0.00138186	1.74624	0	-500	0	-0.26141	
1261	0.00138183	1.74762	0	-500	0	-0.261346	
1262	0.00138181	1.749	0	-500	0	-0.26128	
1263	0.00138178	1.75038	0	-500	0	-0.26121	
1264	0.00138175	1.75177	0	-500	0	-0.261136	
1265	0.00138172	1.75315	0	-500	0	-0.261057	
1266	0.0013817	1.75453	0	-500	0	-0.260975	
1267	0.00138167	1.75591	0	-500	0	-0.260887	
1268	0.00138165	1.75729	0	-500	0	-0.260794	
1269	0.00138162	1.75868	0	-500	0	-0.260696	
1270	0.0013816	1.76006	0	-500	0	-0.260594	
1271	0.00138157	1.76144	0	-500	0	-0.260487	
1272	0.00138155	1.76282	0	-500	0	-0.260376	
1273	0.00138153	1.7642	0	-500	0	-0.260262	
1274	0.00138151	1.76558	0	-500	0	-0.260144	
1275	0.00138149	1.76696	0	-500	0	-0.260024	
1276	0.00138146	1.76835	0	-500	0	-0.259903	
1277	0.00138144	1.76973	0	-500	0	-0.25978	
1278	0.00138142	1.77111	0	-500	0	-0.259657	
1279	0.0013814	1.77249	0	-500	0	-0.259534	
1280	0.00138138	1.77387	0	-500	0	-0.259412	
1281	0.00138136	1.77525	0	-500	0	-0.25929	
1282	0.00138134	1.77663	0	-500	0	-0.25917	
1283	0.00138131	1.77802	0	-500	0	-0.259051	
1284	0.00138129	1.7794	0	-500	0	-0.258934	
1285	0.00138127	1.78078	0	-500	0	-0.258819	
1286	0.00138124	1.78216	0	-500	0	-0.258706	
1287	0.00138122	1.78354	0	-500	0	-0.258594	
1288	0.00138119	1.78492	0	-500	0	-0.258484	
1289	0.00138117	1.7863	0	-500	0	-0.258376	
1290	0.00138114	1.78768	0	-500	0	-0.258269	
1291	0.00138112	1.78907	0	-500	0	-0.258163	
1292	0.00138109	1.79045	0	-500	0	-0.258057	
1293	0.00138107	1.79183	0	-500	0	-0.257952	
1294	0.00138104	1.79321	0	-500	0	-0.257847	
1295	0.00138102	1.79459	0	-500	0	-0.257742	
1296	0.00138099	1.79597	0	-500	0	-0.257636	
1297	0.00138097	1.79735	0	-500	0	-0.25753	
1298	0.00138095	1.79873	0	-500	0	-0.257423	
1299	0.00138093	1.80011	0	-500	0	-0.257316	
1300	0.00138091	1.80149	0	-500	0	-0.257207	
1301	0.00138089	1.80288	0	-500	0	-0.257097	
1302	0.00138088	1.80426	0	-500	0	-0.256986	
1303	0.00138086	1.80564	0	-500	0	-0.256874	
1304	0.00138085	1.80702	0	-500	0	-0.25676	
1305	0.00138083	1.8084	0	-500	0	-0.256646	
1306	0.00138082	1.80978	0	-500	0	-0.25653	
1307	0.00138081	1.81116	0	-500	0	-0.256414	
1308	0.0013808	1.81254	0	-500	0	-0.256296	
1309	0.0013808	1.81392	0	-500	0	-0.256177	
1310	0.00138079	1.8153	0	-500	0	-0.256057	
1311	0.00138078	1.81668	0	-500	0	-0.255936	
1312	0.00138078	1.81806	0	-500	0	-0.255814	
1313	0.00138078	1.81945	0	-500	0	-0.25569	
1314	0.00138078	1.82083	0	-500	0	-0.255566	
1315	0.00138077	1.82221	0	-500	0	-0.255441	
1316	0.00138077	1.82359	0	-500	0	-0.255314	
1317	0.00138078	1.82497	0	-500	0	-0.255186	
1318	0.00138078	1.82635	0	-500	0	-0.255058	
1319	0.00138078	1.82773	0	-500	0	-0.254928	
1320	0.00138078	1.82911	0	-500	0	-0.254796	
1321	0.00138078	1.83049	0	-500	0	-0.254664	
1322	0.00138078	1.83187	0	-500	0	-0.25453	
1323	0.00138079	1.83325	0	-500	0	-0.254395	
1324	0.00138078	1.83463	0	-500	0	-0.254259	
1325	0.00138078	1.83602	0	-500	0	-0.254122	
1326	0.00138078	1.8374	0	-500	0	-0.253984	
1327	0.00138077	1.83878	0	-500	0	-0.253844	
1328	0.00138076	1.84016	0	-500	0	-0.253703	
1329	0.00138075	1.84154	0	-500	0	-0.253562	
1330	0.00138073	1.84292	0	-500	0	-0.253419	
1331	0.00138072	1.8443	0	-500	0	-0.253275	
1332	0.00138069	1.84568	0	-500	0	-0.253129	
1333	0.00138067	1.84706	0	-500	0	-0.252983	
1334	0.00138064	1.84844	0	-500	0	-0.252835	
1335	0.00138061	1.84982	0	-500	0	-0.252687	
1336	0.00138058	1.8512	0	-500	0	-0.252536	
1337	0.00138055	1.85258	0	-500	0	-0.252385	
1338	0.00138052	1.85396	0	-500	0	-0.252231	
1339	0.00138049	1.85534	0	-500	0	-0.252077	
1340	0.00138046	1.85673	0	-500	0	-0.25192	
1341	0.00138043	1.85811	0	-500	0	-0.251762	
1342	0.0013804	1.85949	0	-500	0	-0.251601	
1343	0.00138037	1.86087	0	-500	0	-0.251439	
1344	0.00138035	1.86225	0	-500	0	-0.251275	
1345	0.00138033	1.86363	0	-500	0	-0.251108	
1346	0.00138032	1.86501	0	-500	0	-0.250939	
1347	0.00138031	1.86639	0	-500	0	-0.250768	
1348	0.0013803	1.86777	0	-500	0	-0.250595	
1349	0.0013803	1.86915	0	-500	0	-0.250419	
1350	0.00138031	1.87053	0	-500	0	-0.250241	
1351	0.00138032	1.87191	0	-500	0	-0.25006	
1352	0.00138033	1.87329	0	-500	0	-0.249878	
1353	0.00138035	1.87467	0	-500	0	-0.249692	
1354	0.00138037	1.87605	0	-500	0	-0.249505	
1355	0.00138039	1.87743	0	-500	0	-0.249316	
1356	0.00138042	1.87881	0	-500	0	-0.249124	
1357	0.00138044	1.88019	0	-500	0	-0.248931	
1358	0.00138047	1.88157	0	-500	0	-0.248736	
1359	0.00138049	1.88295	0	-500	0	-0.248539	
1360	0.00138052	1.88433	0	-500	0	-0.24834	
1361	0.00138054	1.88571	0	-500	0	-0.24814	
1362	0.00138056	1.88709	0	-500	0	-0.247938	
1363	0.00138058	1.88847	0	-500	0	-0.247735	
1364	0.00138059	1.88985	0	-500	0	-0.247531	
1365	0.00138061	1.89124	0	-500	0	-0.247326	
1366	0.00138062	1.89262	0	-500	0	-0.24712	
1367	0.00138062	1.894	0	-500	0	-0.246913	
1368	0.00138063	1.89538	0	-500	0	-0.246706	
1369	0.00138063	1.89676	0	-500	0	-0.246498	
1370	0.00138062	1.89814	0	-500	0	-0.246289	
1371	0.00138062	1.89952	0	-500	0	-0.24608	
1372	0.00138061	1.9009	0	-500	0	-0.245871	
1373	0.00138061	1.90228	0	-500	0	-0.245662	
1374	0.0013806	1.90366	0	-500	0	-0.245453	
1375	0.00138059	1.90504	0	-500	0	-0.245245	
1376	0.00138058	1.90642	0	-500	0	-0.245036	
1377	0.00138057	1.9078	0	-500	0	-0.244829	
1378	0.00138056	1.90918	0	-500	0	-0.244622	
1379	0.00138055	1.91056	0	-500	0	-0.244416	
1380	0.00138055	1.91194	0	-500	0	-0.244211	
1381	0.00138054	1.91332	0	-500	0	-0.244006	
1382	0.00138054	1.91471	0	-500	0	-0.243804	
1383	0.00138054	1.91609	0	-500	0	-0.243602	
1384	0.00138054	1.91747	0	-500	0	-0.243402	
1385	0.00138055	1.91885	0	-500	0	-0.243203	
1386	0.00138056	1.92023	0	-500	0	-0.243006	
1387	0.00138057	1.92161	0	-500	0	-0.24281	
1388	0.00138058	1.92299	0	-500	0	-0.242615	
1389	0.0013806	1.92437	0	-500	0	-0.242422	
1390	0.00138061	1.92575	0	-500	0	-0.242231	
1391	0.00138063	1.92713	0	-500	0	-0.24204	
1392	0.00138065	1.92851	0	-500	0	-0.241851	
1393	0.00138067	1.92989	0	-500	0	-0.241662	
1394	0.00138069	1.93127	0	-500	0	-0.241475	
1395	0.00138072	1.93265	0	-500	0	-0.241288	
1396	0.00138073	1.93403	0	-500	0	-0.241101	
1397	0.00138075	1.93541	0	-500	0	-0.240915	
1398	0.00138077	1.9368	0	-500	0	-0.24073	
1399	0.00138078	1.93818	0	-500	0	-0.240544	
1400	0.0013808	1.93956	0	-500	0	-0.240358	
1401	0.00138081	1.94094	0	-500	0	-0.240173	
1402	0.00138081	1.94232	0	-500	0	-0.239986	
1403	0.00138082	1.9437	0	-500	0	-0.239799	
1404	0.00138082	1.94508	0	-500	0	-0.239612	
1405	0.00138082	1.94646	0	-500	0	-0.239424	
1406	0.00138081	1.94784	0	-500	0	-0.239235	
1407	0.00138081	1.94922	0	-500	0	-0.239044	
1408	0.0013808	1.9506	0	-500	0	-0.238853	
1409	0.00138079	1.95198	0	-500	0	-0.238661	
1410	0.00138078	1.95337	0	-500	0	-0.238467	
1411	0.00138078	1.95475	0	-500	0	-0.238272	
1412	0.00138077	1.95613	0	-500	0	-0.238076	
1413	0.00138076	1.95751	0	-500	0	-0.237878	
1414	0.00138076	1.95889	0	-500	0	-0.237679	
1415	0.00138076	1.96027	0	-500	0	-0.237478	
1416	0.00138076	1.96165	0	-500	0	-0.237276	
1417	0.00138077	1.96303	0	-500	0	-0.237073	
1418	0.00138078	1.96441	0	-500	0	-0.236868	
1419	0.00138079	1.96579	0	-500	0	-0.236663	
1420	0.00138081	1.96717	0	-500	0	-0.236456	
1421	0.00138084	1.96855	0	-500	0	-0.236248	
1422	0.00138086	1.96993	0	-500	0	-0.236039	
1423	0.00138089	1.97132	0	-500	0	-0.23583	
1424	0.00138093	1.9727	0	-500	0	-0.235621	
1425	0.00138096	1.97408	0	-500	0	-0.235411	
1426	0.001381	1.97546	0	-500	0	-0.235201	
1427	0.00138104	1.97684	0	-500	0	-0.234992	
1428	0.00138108	1.97822	0	-500	0	-0.234783	
1429	0.00138113	1.9796	0	-500	0	-0.234576	
1430	0.00138117	1.98098	0	-500	0	-0.234369	
1431	0.00138121	1.98236	0	-500	0	-0.234165	
1432	0.00138125	1.98374	0	-500	0	-0.233962	
1433	0.00138129	1.98513	0	-500	0	-0.233761	
1434	0.00138132	1.98651	0	-500	0	-0.233563	
1435	0.00138136	1.98789	0	-500	0	-0.233367	
1436	0.00138139	1.98927	0	-500	0	-0.233174	
1437	0.00138142	1.99065	0	-500	0	-0.232985	
1438	0.00138144	1.99203	0	-500	0	-0.232798	
1439	0.00138147	1.99341	0	-500	0	-0.232615	
1440	0.00138149	1.9948	0	-500	0	-0.232436	
1441	0.00138151	1.99618	0	-500	0	-0.23226	
1442	0.00138153	1.99756	0	-500	0	-0.232088	
1443	0.00138155	1.99894	0	-500	0	-0.231919	
1444	0.00138157	2.00032	0	-500	0	-0.231754	
1445	0.00138159	2.0017	0	-500	0	-0.231592	
1446	0.00138161	2.00308	0	-500	0	-0.231434	
1447	0.00138162	2.00447	0	-500	0	-0.231279	
1448	0.00138164	2.00585	0	-500	0	-0.231127	
1449	0.00138166	2.00723	0	-500	0	-0.230977	
1450	0.00138169	2.00861	0	-500	0	-0.23083	
1451	0.00138171	2.00999	0	-500	0	-0.230685	
1452	0.00138173	2.01137	0	-500	0	-0.230542	
1453	0.00138176	2.01276	0	-500	0	-0.2304	
1454	0.00138179	2.01414	0	-500	0	-0.230259	
1455	0.00138181	2.01552	0	-500	0	-0.230119	
1456	0.00138184	2.0169	0	-500	0	-0.229978	
1457	0.00138187	2.01828	0	-500	0	-0.229837	
1458	0.0013819	2.01967	0	-500	0	-0.229694	
1459	0.00138193	2.02105	0	-500	0	-0.22955	
1460	0.00138196	2.02243	0	-500	0	-0.229403	
1461	0.00138199	2.02381	0	-500	0	-0.229254	
1462	0.00138202	2.02519	0	-500	0	-0.229101	
1463	0.00138205	2.02658	0	-500	0	-0.228944	
1464	0.00138208	2.02796	0	-500	0	-0.228782	
1465	0.0013821	2.02934	0	-500	0	-0.228616	
1466	0.00138213	2.03072	0	-500	0	-0.228445	
1467	0.00138215	2.0321	0	-500	0	-0.228268	
1468	0.00138218	2.03349	0	-500	0	-0.228085	
1469	0.0013822	2.03487	0	-500	0	-0.227897	
1470	0.00138222	2.03625	0	-500	0	-0.227703	
1471	0.00138224	2.03763	0	-500	0	-0.227504	
1472	0.00138226	2.03901	0	-500	0	-0.227299	
1473	0.00138227	2.0404	0	-500	0	-0.227089	
1474	0.00138229	2.04178	0	-500	0	-0.226874	
1475	0.00138231	2.04316	0	-500	0	-0.226655	
1476	0.00138232	2.04454	0	-500	0	-0.226433	
1477	0.00138233	2.04593	0	-500	0	-0.226208	
1478	0.00138234	2.04731	0	-500	0	-0.225981	
1479	0.00138235	2.04869	0	-500	0	-0.225753	
1480	0.00138236	2.05007	0	-500	0	-0.225524	
1481	0.00138237	2.05146	0	-500	0	-0.225297	
1482	0.00138238	2.05284	0	-500	0	-0.22507	
1483	0.00138239	2.05422	0	-500	0	-0.224847	
1484	0.0013824	2.0556	0	-500	0	-0.224626	
1485	0.0013824	2.05699	0	-500	0	-0.224409	
1486	0.00138241	2.05837	0	-500	0	-0.224198	
1487	0.00138242	2.05975	0	-500	0	-0.223992	
1488	0.00138243	2.06113	0	-500	0	-0.223792	
1489	0.00138243	2.06251	0	-500	0	-0.223598	
1490	0.00138244	2.0639	0	-500	0	-0.223411	
1491	0.00138245	2.06528	0	-500	0	-0.223232	
1492	0.00138246	2.06666	0	-500	0	-0.223059	
1493	0.00138247	2.06804	0	-500	0	-0.222894	
1494	0.00138248	2.06943	0	-500	0	-0.222736	
1495	0.00138249	2.07081	0	-500	0	-0.222584	
1496	0.00138251	2.07219	0	-500	0	-0.222438	
1497	0.00138252	2.07357	0	-500	0	-0.222298	
1498	0.00138254	2.07496	0	-500	0	-0.222163	
1499	0.00138255	2.07634	0	-500	0	-0.222032	
1500	0.00138257	2.07772	0	-500	0	-0.221904	
1501	0.00138259	2.0791	0	-500	0	-0.221778	
1502	0.00138261	2.08049	0	-500	0	-0.221653	
1503	0.00138263	2.08187	0	-500	0	-0.221529	
1504	0.00138265	2.08325	0	-500	0	-0.221404	
1505	0.00138267	2.08464	0	-500	0	-0.221277	
1506	0.00138269	2.08602	0	-500	0	-0.221147	
1507	0.00138271	2.0874	0	-500	0	-0.221014	
1508	0.00138273	2.08878	0	-500	0	-0.220876	
1509	0.00138275	2.09017	0	-500	0	-0.220733	
1510	0.00138276	2.09155	0	-500	0	-0.220584	
1511	0.00138278	2.09293	0	-500	0	-0.220429	
1512	0.0013828	2.09431	0	-500	0	-0.220266	
1513	0.00138281	2.0957	0	-500	0	-0.220096	
1514	0.00138283	2.09708	0	-500	0	-0.219919	
1515	0.00138284	2.09846	0	-500	0	-0.219733	
1516	0.00138285	2.09985	0	-500	0	-0.219541	
1517	0.00138286	2.10123	0	-500	0	-0.21934	
1518	0.00138287	2.10261	0	-500	0	-0.219133	
1519	0.00138289	2.10399	0	-500	0	-0.218919	
1520	0.0013829	2.10538	0	-500	0	-0.218698	
1521	0.00138291	2.10676	0	-500	0	-0.218472	
1522	0.00138292	2.10814	0	-500	0	-0.21824	
1523	0.00138294	2.10953	0	-500	0	-0.218004	
1524	0.00138295	2.11091	0	-500	0	-0.217764	
1525	0.00138297	2.11229	0	-500	0	-0.217522	
1526	0.00138299	2.11367	0	-500	0	-0.217277	
1527	0.00138301	2.11506	0	-500	0	-0.21703	
1528	0.00138303	2.11644	0	-500	0	-0.216783	
1529	0.00138305	2.11782	0	-500	0	-0.216536	
1530	0.00138307	2.11921	0	-500	0	-0.21629	
1531	0.0013831	2.12059	0	-500	0	-0.216046	
1532	0.00138313	2.12197	0	-500	0	-0.215803	
1533	0.00138316	2.12336	0	-500	0	-0.215563	
1534	0.00138319	2.12474	0	-500	0	-0.215327	
1535	0.00138322	2.12612	0	-500	0	-0.215093	
1536	0.00138326	2.12751	0	-500	0	-0.214864	
1537	0.00138329	2.12889	0	-500	0	-0.214639	
1538	0.00138332	2.13027	0	-500	0	-0.214418	
1539	0.00138336	2.13166	0	-500	0	-0.214201	
1540	0.00138339	2.13304	0	-500	0	-0.213989	
1541	0.00138343	2.13442	0	-500	0	-0.213781	
1542	0.00138346	2.13581	0	-500	0	-0.213578	
1543	0.0013835	2.13719	0	-500	0	-0.213378	
1544	0.00138353	2.13857	0	-500	0	-0.213181	
1545	0.00138356	2.13996	0	-500	0	-0.212988	
1546	0.0013836	2.14134	0	-500	0	-0.212798	
1547	0.00138363	2.14272	0	-500	0	-0.21261	
1548	0.00138366	2.14411	0	-500	0	-0.212423	
1549	0.00138369	2.14549	0	-500	0	-0.212238	
1550	0.00138372	2.14687	0	-500	0	-0.212054	
1551	0.00138375	2.14826	0	-500	0	-0.21187	
1552	0.00138378	2.14964	0	-500	0	-0.211685	
1553	0.00138381	2.15103	0	-500	0	-0.2115	
1554	0.00138384	2.15241	0	-500	0	-0.211313	
1555	0.00138388	2.15379	0	-500	0	-0.211124	
1556	0.00138391	2.15518	0	-500	0	-0.210933	
1557	0.00138395	2.15656	0	-500	0	-0.210738	
1558	0.00138398	2.15794	0	-500	0	-0.210541	
1559	0.00138402	2.15933	0	-500	0	-0.21034	
1560	0.00138406	2.16071	0	-500	0	-0.210135	
1561	0.0013841	2.1621	0	-500	0	-0.209926	
1562	0.00138415	2.16348	0	-500	0	-0.209713	
1563	0.0013842	2.16487	0	-500	0	-0.209496	
1564	0.00138424	2.16625	0	-500	0	-0.209275	
1565	0.00138429	2.16763	0	-500	0	-0.209049	
1566	0.00138435	2.16902	0	-500	0	-0.20882	
1567	0.0013844	2.1704	0	-500	0	-0.208586	
1568	0.00138445	2.17179	0	-500	0	-0.208349	
1569	0.0013845	2.17317	0	-500	0	-0.208109	
1570	0.00138456	2.17456	0	-500	0	-0.207865	
1571	0.00138461	2.17594	0	-500	0	-0.207618	
1572	0.00138467	2.17732	0	-500	0	-0.207369	
1573	0.00138472	2.17871	0	-500	0	-0.207117	
1574	0.00138477	2.18009	0	-500	0	-0.206863	
1575	0.00138483	2.18148	0	-500	0	-0.206608	
1576	0.00138488	2.18286	0	-500	0	-0.206351	
1577	0.00138493	2.18425	0	-500	0	-0.206093	
1578	0.00138498	2.18563	0	-500	0	-0.205835	
1579	0.00138503	2.18702	0	-500	0	-0.205575	
1580	0.00138507	2.1884	0	-500	0	-0.205315	
1581	0.00138512	2.18979	0	-500	0	-0.205055	
1582	0.00138517	2.19117	0	-500	0	-0.204795	
1583	0.00138522	2.19256	0	-500	0	-0.204535	
1584	0.00138526	2.19394	0	-500	0	-0.204275	
1585	0.00138531	2.19533	0	-500	0	-0.204016	
1586	0.00138535	2.19671	0	-500	0	-0.203756	
1587	0.0013854	2.1981	0	-500	0	-0.203497	
1588	0.00138545	2.19949	0	-500	0	-0.203238	
1589	0.0013855	2.20087	0	-500	0	-0.202979	
1590	0.00138554	2.20226	0	-500	0	-0.202721	
1591	0.00138559	2.20364	0	-500	0	-0.202462	
1592	0.00138564	2.20503	0	-500	0	-0.202203	
1593	0.00138569	2.20641	0	-500	0	-0.201944	
1594	0.00138573	2.2078	0	-500	0	-0.201685	
1595	0.00138578	2.20918	0	-500	0	-0.201425	
1596	0.00138583	2.21057	0	-500	0	-0.201165	
1597	0.00138587	2.21196	0	-500	0	-0.200905	
1598	0.00138591	2.21334	0	-500	0	-0.200643	
1599	0.00138595	2.21473	0	-500	0	-0.200381	
1600	0.001386	2.21611	0	-500	0	-0.200118	
1601	0.00138603	2.2175	0	-500	0	-0.199855	
1602	0.00138607	2.21889	0	-500	0	-0.19959	
1603	0.0013861	2.22027	0	-500	0	-0.199325	
1604	0.00138614	2.22166	0	-500	0	-0.199058	
1605	0.00138617	2.22304	0	-500	0	-0.198791	
1606	0.0013862	2.22443	0	-500	0	-0.198522	
1607	0.00138622	2.22582	0	-500	0	-0.198253	
1608	0.00138625	2.2272	0	-500	0	-0.197982	
1609	0.00138627	2.22859	0	-500	0	-0.19771	
1610	0.0013863	2.22998	0	-500	0	-0.197437	
1611	0.00138632	2.23136	0	-500	0	-0.197163	
1612	0.00138634	2.23275	0	-500	0	-0.196887	
1613	0.00138637	2.23413	0	-500	0	-0.19661	
1614	0.00138639	2.23552	0	-500	0	-0.196331	
1615	0.00138641	2.23691	0	-500	0	-0.196051	
1616	0.00138644	2.23829	0	-500	0	-0.195768	
1617	0.00138646	2.23968	0	-500	0	-0.195484	
1618	0.00138649	2.24107	0	-500	0	-0.195197	
1619	0.00138652	2.24245	0	-500	0	-0.194908	
1620	0.00138655	2.24384	0	-500	0	-0.194616	
1621	0.00138658	2.24523	0	-500	0	-0.194321	
1622	0.00138661	2.24661	0	-500	0	-0.194024	
1623	0.00138664	2.248	0	-500	0	-0.193724	
1624	0.00138667	2.24939	0	-500	0	-0.19342	
1625	0.00138671	2.25077	0	-500	0	-0.193114	
1626	0.00138674	2.25216	0	-500	0	-0.192805	
1627	0.00138678	2.25355	0	-500	0	-0.192493	
1628	0.00138681	2.25493	0	-500	0	-0.192178	
1629	0.00138685	2.25632	0	-500	0	-0.191861	
1630	0.00138689	2.25771	0	-500	0	-0.191541	
1631	0.00138692	2.25909	0	-500	0	-0.191219	
1632	0.00138696	2.26048	0	-500	0	-0.190896	
1633	0.001387	2.26187	0	-500	0	-0.190572	
1634	0.00138704	2.26325	0	-500	0	-0.190247	
1635	0.00138707	2.26464	0	-500	0	-0.189922	
1636	0.00138711	2.26603	0	-500	0	-0.189597	
1637	0.00138715	2.26742	0	-500	0	-0.189272	
1638	0.00138718	2.2688	0	-500	0	-0.188949	
1639	0.00138721	2.27019	0	-500	0	-0.188627	
1640	0.00138725	2.27158	0	-500	0	-0.188307	
1641	0.00138728	2.27296	0	-500	0	-0.187989	
1642	0.00138731	2.27435	0	-500	0	-0.187674	
1643	0.00138734	2.27574	0	-500	0	-0.187361	
1644	0.00138737	2.27713	0	-500	0	-0.187051	
1645	0.00138739	2.27851	0	-500	0	-0.186744	
1646	0.00138742	2.2799	0	-500	0	-0.18644	
1647	0.00138744	2.28129	0	-500	0	-0.186139	
1648	0.00138746	2.28268	0	-500	0	-0.18584	
1649	0.00138748	2.28406	0	-500	0	-0.185544	
1650	0.0013875	2.28545	0	-500	0	-0.185249	
1651	0.00138751	2.28684	0	-500	0	-0.184956	
1652	0.00138753	2.28823	0	-500	0	-0.184664	
1653	0.00138754	2.28961	0	-500	0	-0.184373	
1654	0.00138755	2.291	0	-500	0	-0.184082	
1655	0.00138756	2.29239	0	-500	0	-0.183791	
1656	0.00138757	2.29378	0	-500	0	-0.183499	
1657	0.00138757	2.29516	0	-500	0	-0.183206	
1658	0.00138758	2.29655	0	-500	0	-0.182911	
1659	0.00138758	2.29794	0	-500	0	-0.182614	
1660	0.00138759	2.29933	0	-500	0	-0.182314	
1661	0.00138759	2.30071	0	-500	0	-0.182011	
1662	0.0013876	2.3021	0	-500	0	-0.181706	
1663	0.0013876	2.30349	0	-500	0	-0.181397	
1664	0.0013876	2.30488	0	-500	0	-0.181085	
1665	0.00138761	2.30626	0	-500	0	-0.180769	
1666	0.00138761	2.30765	0	-500	0	-0.180451	
1667	0.00138761	2.30904	0	-500	0	-0.180129	
1668	0.00138762	2.31043	0	-500	0	-0.179804	
1669	0.00138762	2.31181	0	-500	0	-0.179477	
1670	0.00138763	2.3132	0	-500	0	-0.179147	
1671	0.00138763	2.31459	0	-500	0	-0.178816	
1672	0.00138764	2.31598	0	-500	0	-0.178483	
1673	0.00138764	2.31737	0	-500	0	-0.17815	
1674	0.00138765	2.31875	0	-500	0	-0.177816	
1675	0.00138766	2.32014	0	-500	0	-0.177482	
1676	0.00138766	2.32153	0	-500	0	-0.177149	
1677	0.00138767	2.32292	0	-500	0	-0.176817	
1678	0.00138768	2.3243	0	-500	0	-0.176486	
1679	0.00138769	2.32569	0	-500	0	-0.176158	
1680	0.0013877	2.32708	0	-500	0	-0.175832	
1681	0.00138771	2.32847	0	-500	0	-0.175509	
1682	0.00138772	2.32985	0	-500	0	-0.175189	
1683	0.00138773	2.33124	0	-500	0	-0.174872	
1684	0.00138775	2.33263	0	-500	0	-0.174559	
1685	0.00138776	2.33402	0	-500	0	-0.174248	
1686	0.00138778	2.33541	0	-500	0	-0.173942	
1687	0.00138779	2.33679	0	-500	0	-0.173638	
1688	0.00138781	2.33818	0	-500	0	-0.173337	
1689	0.00138783	2.33957	0	-500	0	-0.173039	
1690	0.00138784	2.34096	0	-500	0	-0.172743	
1691	0.00138786	2.34234	0	-500	0	-0.172449	
1692	0.00138788	2.34373	0	-500	0	-0.172157	
1693	0.00138789	2.34512	0	-500	0	-0.171865	
1694	0.00138791	2.34651	0	-500	0	-0.171574	
1695	0.00138792	2.3479	0	-500	0	-0.171282	
1696	0.00138793	2.34928	0	-500	0	-0.170989	
1697	0.00138794	2.35067	0	-500	0	-0.170695	
1698	0.00138795	2.35206	0	-500	0	-0.170399	
1699	0.00138796	2.35345	0	-500	0	-0.170099	
1700	0.00138796	2.35484	0	-500	0	-0.169797	
1701	0.00138796	2.35622	0	-500	0	-0.169491	
1702	0.00138795	2.35761	0	-500	0	-0.169182	
1703	0.00138795	2.359	0	-500	0	-0.168868	
1704	0.00138794	2.36039	0	-500	0	-0.168549	
1705	0.00138794	2.36178	0	-500	0	-0.168226	
1706	0.00138793	2.36316	0	-500	0	-0.167898	
1707	0.00138792	2.36455	0	-500	0	-0.167566	
1708	0.00138791	2.36594	0	-500	0	-0.167229	
1709	0.0013879	2.36733	0	-500	0	-0.166887	
1710	0.00138789	2.36871	0	-500	0	-0.166542	
1711	0.00138788	2.3701	0	-500	0	-0.166194	
1712	0.00138788	2.37149	0	-500	0	-0.165842	
1713	0.00138788	2.37288	0	-500	0	-0.165487	
1714	0.00138788	2.37427	0	-500	0	-0.16513	
1715	0.00138788	2.37565	0	-500	0	-0.164771	
1716	0.00138789	2.37704	0	-500	0	-0.164411	
1717	0.0013879	2.37843	0	-500	0	-0.164049	
1718	0.00138792	2.37982	0	-500	0	-0.163687	
1719	0.00138794	2.38121	0	-500	0	-0.163325	
1720	0.00138796	2.38259	0	-500	0	-0.162962	
1721	0.00138799	2.38398	0	-500	0	-0.1626	
1722	0.00138801	2.38537	0	-500	0	-0.162238	
1723	0.00138804	2.38676	0	-500	0	-0.161877	
1724	0.00138807	2.38815	0	-500	0	-0.161516	
1725	0.0013881	2.38953	0	-500	0	-0.161156	
1726	0.00138812	2.39092	0	-500	0	-0.160796	
1727	0.00138815	2.39231	0	-500	0	-0.160437	
1728	0.00138817	2.3937	0	-500	0	-0.160078	
1729	0.00138819	2.39509	0	-500	0	-0.159718	
1730	0.00138821	2.39647	0	-500	0	-0.159359	
1731	0.00138822	2.39786	0	-500	0	-0.158999	
1732	0.00138823	2.39925	0	-500	0	-0.158639	
1733	0.00138824	2.40064	0	-500	0	-0.158278	
1734	0.00138824	2.40203	0	-500	0	-0.157917	
1735	0.00138824	2.40342	0	-500	0	-0.157554	
1736	0.00138823	2.4048	0	-500	0	-0.157191	
1737	0.00138822	2.40619	0	-500	0	-0.156827	
1738	0.00138821	2.40758	0	-500	0	-0.156461	
1739	0.00138819	2.40897	0	-500	0	-0.156095	
1740	0.00138818	2.41036	0	-500	0	-0.155728	
1741	0.00138816	2.41174	0	-500	0	-0.15536	
1742	0.00138814	2.41313	0	-500	0	-0.154992	
1743	0.00138812	2.41452	0	-500	0	-0.154622	
1744	0.00138811	2.41591	0	-500	0	-0.154253	
1745	0.00138809	2.4173	0	-500	0	-0.153882	
1746	0.00138808	2.41869	0	-500	0	-0.153512	
1747	0.00138807	2.42007	0	-500	0	-0.153141	
1748	0.00138806	2.42146	0	-500	0	-0.15277	
1749	0.00138805	2.42285	0	-500	0	-0.152399	
1750	0.00138805	2.42424	0	-500	0	-0.152027	
1751	0.00138805	2.42563	0	-500	0	-0.151655	
1752	0.00138805	2.42701	0	-500	0	-0.151282	
1753	0.00138806	2.4284	0	-500	0	-0.150909	
1754	0.00138807	2.42979	0	-500	0	-0.150535	
1755	0.00138808	2.43118	0	-500	0	-0.15016	
1756	0.00138809	2.43257	0	-500	0	-0.149783	
1757	0.0013881	2.43395	0	-500	0	-0.149406	
1758	0.00138811	2.43534	0	-500	0	-0.149026	
1759	0.00138812	2.43673	0	-500	0	-0.148645	
1760	0.00138813	2.43812	0	-500	0	-0.148261	
1761	0.00138814	2.43951	0	-500	0	-0.147875	
1762	0.00138815	2.44089	0	-500	0	-0.147487	
1763	0.00138815	2.44228	0	-500	0	-0.147096	
1764	0.00138816	2.44367	0	-500	0	-0.146703	
1765	0.00138816	2.44506	0	-500	0	-0.146307	
1766	0.00138816	2.44645	0	-500	0	-0.145908	
1767	0.00138815	2.44784	0	-500	0	-0.145506	
1768	0.00138815	2.44922	0	-500	0	-0.145103	
1769	0.00138814	2.45061	0	-500	0	-0.144696	
1770	0.00138813	2.452	0	-500	0	-0.144288	
1771	0.00138812	2.45339	0	-500	0	-0.143878	
1772	0.0013881	2.45478	0	-500	0	-0.143466	
1773	0.00138809	2.45616	0	-500	0	-0.143053	
1774	0.00138808	2.45755	0	-500	0	-0.142639	
1775	0.00138807	2.45894	0	-500	0	-0.142224	
1776	0.00138806	2.46033	0	-500	0	-0.141809	
1777	0.00138805	2.46172	0	-500	0	-0.141393	
1778	0.00138804	2.4631	0	-500	0	-0.140978	
1779	0.00138804	2.46449	0	-500	0	-0.140564	
1780	0.00138804	2.46588	0	-500	0	-0.140151	
1781	0.00138804	2.46727	0	-500	0	-0.139738	
1782	0.00138804	2.46866	0	-500	0	-0.139328	
1783	0.00138805	2.47004	0	-500	0	-0.138919	
1784	0.00138807	2.47143	0	-500	0	-0.138511	
1785	0.00138808	2.47282	0	-500	0	-0.138106	
1786	0.0013881	2.47421	0	-500	0	-0.137703	
1787	0.00138813	2.4756	0	-500	0	-0.137302	
1788	0.00138815	2.47699	0	-500	0	-0.136904	
1789	0.00138818	2.47837	0	-500	0	-0.136508	
1790	0.00138821	2.47976	0	-500	0	-0.136113	
1791	0.00138824	2.48115	0	-500	0	-0.135721	
1792	0.00138827	2.48254	0	-500	0	-0.135331	
1793	0.0013883	2.48393	0	-500	0	-0.134943	
1794	0.00138833	2.48531	0	-500	0	-0.134557	
1795	0.00138836	2.4867	0	-500	0	-0.134171	
1796	0.00138839	2.48809	0	-500	0	-0.133788	
1797	0.00138841	2.48948	0	-500	0	-0.133405	
1798	0.00138844	2.49087	0	-500	0	-0.133023	
1799	0.00138846	2.49226	0	-500	0	-0.132641	
1800	0.00138847	2.49365	0	-500	0	-0.13226	
1801	0.00138849	2.49503	0	-500	0	-0.13188	
1802	0.0013885	2.49642	0	-500	0	-0.131499	
1803	0.00138851	2.49781	0	-500	0	-0.131118	
1804	0.00138852	2.4992	0	-500	0	-0.130737	
1805	0.00138852	2.50059	0	-500	0	-0.130355	
1806	0.00138853	2.50198	0	-500	0	-0.129973	
1807	0.00138853	2.50336	0	-500	0	-0.12959	
1808	0.00138853	2.50475	0	-500	0	-0.129207	
1809	0.00138853	2.50614	0	-500	0	-0.128824	
1810	0.00138854	2.50753	0	-500	0	-0.128439	
1811	0.00138854	2.50892	0	-500	0	-0.128054	
1812	0.00138854	2.51031	0	-500	0	-0.127669	
1813	0.00138855	2.5117	0	-500	0	-0.127283	
1814	0.00138856	2.51308	0	-500	0	-0.126897	
1815	0.00138857	2.51447	0	-500	0	-0.126511	
1816	0.00138858	2.51586	0	-500	0	-0.126124	
1817	0.0013886	2.51725	0	-500	0	-0.125737	
1818	0.00138862	2.51864	0	-500	0	-0.125349	
1819	0.00138864	2.52003	0	-500	0	-0.124962	
1820	0.00138867	2.52142	0	-500	0	-0.124574	
1821	0.0013887	2.5228	0	-500	0	-0.124186	
1822	0.00138873	2.52419	0	-500	0	-0.123798	
1823	0.00138876	2.52558	0	-500	0	-0.123409	
1824	0.0013888	2.52697	0	-500	0	-0.12302	
1825	0.00138884	2.52836	0	-500	0	-0.122631	
1826	0.00138888	2.52975	0	-500	0	-0.122241	
1827	0.00138892	2.53114	0	-500	0	-0.12185	
1828	0.00138896	2.53253	0	-500	0	-0.121459	
1829	0.001389	2.53392	0	-500	0	-0.121068	
1830	0.00138904	2.5353	0	-500	0	-0.120676	
1831	0.00138908	2.53669	0	-500	0	-0.120283	
1832	0.00138912	2.53808	0	-500	0	-0.11989	
1833	0.00138916	2.53947	0	-500	0	-0.119496	
1834	0.0013892	2.54086	0	-500	0	-0.119102	
1835	0.00138924	2.54225	0	-500	0	-0.118708	
1836	0.00138928	2.54364	0	-500	0	-0.118315	
1837	0.00138931	2.54503	0	-500	0	-0.117921	
1838	0.00138934	2.54642	0	-500	0	-0.117529	
1839	0.00138937	2.54781	0	-500	0	-0.117138	
1840	0.0013894	2.5492	0	-500	0	-0.116748	
1841	0.00138943	2.55059	0	-500	0	-0.11636	
1842	0.00138946	2.55198	0	-500	0	-0.115975	
1843	0.00138948	2.55336	0	-500	0	-0.115592	
1844	0.0013895	2.55475	0	-500	0	-0.115213	
1845	0.00138952	2.55614	0	-500	0	-0.114837	
1846	0.00138954	2.55753	0	-500	0	-0.114466	
1847	0.00138956	2.55892	0	-500	0	-0.114098	
1848	0.00138958	2.56031	0	-500	0	-0.113736	
1849	0.0013896	2.5617	0	-500	0	-0.113378	
1850	0.00138961	2.56309	0	-500	0	-0.113025	
1851	0.00138963	2.56448	0	-500	0	-0.112677	
1852	0.00138964	2.56587	0	-500	0	-0.112334	
1853	0.00138966	2.56726	0	-500	0	-0.111997	
1854	0.00138967	2.56865	0	-500	0	-0.111664	
1855	0.00138968	2.57004	0	-500	0	-0.111336	
1856	0.00138969	2.57143	0	-500	0	-0.111012	
1857	0.0013897	2.57282	0	-500	0	-0.110691	
1858	0.00138971	2.57421	0	-500	0	-0.110374	
1859	0.00138972	2.5756	0	-500	0	-0.11006	
1860	0.00138973	2.57699	0	-500	0	-0.109748	
1861	0.00138974	2.57838	0	-500	0	-0.109437	
1862	0.00138975	2.57977	0	-500	0	-0.109127	
1863	0.00138975	2.58116	0	-500	0	-0.108818	
1864	0.00138976	2.58255	0	-500	0	-0.108508	
1865	0.00138977	2.58394	0	-500	0	-0.108196	
1866	0.00138977	2.58533	0	-500	0	-0.107883	
1867	0.00138978	2.58672	0	-500	0	-0.107568	
1868	0.00138978	2.58811	0	-500	0	-0.10725	
1869	0.00138979	2.5895	0	-500	0	-0.106929	
1870	0.00138979	2.59089	0	-500	0	-0.106604	
1871	0.0013898	2.59228	0	-500	0	-0.106275	
1872	0.0013898	2.59367	0	-500	0	-0.105943	
1873	0.00138981	2.59506	0	-500	0	-0.105606	
1874	0.00138981	2.59645	0	-500	0	-0.105266	
1875	0.00138982	2.59783	0	-500	0	-0.104921	
1876	0.00138982	2.59922	0	-500	0	-0.104573	
1877	0.00138983	2.60061	0	-500	0	-0.104221	
1878	0.00138984	2.602	0	-500	0	-0.103866	
1879	0.00138985	2.60339	0	-500	0	-0.103509	
1880	0.00138986	2.60478	0	-500	0	-0.103149	
1881	0.00138987	2.60617	0	-500	0	-0.102788	
1882	0.00138988	2.60756	0	-500	0	-0.102426	
1883	0.00138989	2.60895	0	-500	0	-0.102064	
1884	0.0013899	2.61034	0	-500	0	-0.101702	
1885	0.00138991	2.61173	0	-500	0	-0.10134	
1886	0.00138992	2.61312	0	-500	0	-0.10098	
1887	0.00138993	2.61451	0	-500	0	-0.100623	
1888	0.00138994	2.6159	0	-500	0	-0.100268	
1889	0.00138994	2.61729	0	-500	0	-0.0999158	
1890	0.00138995	2.61868	0	-500	0	-0.0995676	
1891	0.00138996	2.62007	0	-500	0	-0.0992236	
1892	0.00138997	2.62146	0	-500	0	-0.098884	
1893	0.00138997	2.62285	0	-500	0	-0.0985493	
1894	0.00138998	2.62424	0	-500	0	-0.0982195	
1895	0.00138998	2.62563	0	-500	0	-0.0978949	
1896	0.00138998	2.62702	0	-500	0	-0.0975755	
1897	0.00138998	2.62841	0	-500	0	-0.0972613	
1898	0.00138999	2.6298	0	-500	0	-0.0969523	
1899	0.00138999	2.63119	0	-500	0	-0.0966481	
1900	0.00138999	2.63258	0	-500	0	-0.0963488	
1901	0.00138999	2.63397	0	-500	0	-0.0960538	
1902	0.00138999	2.63536	0	-500	0	-0.0957629	
1903	0.00138999	2.63675	0	-500	0	-0.0954757	
1904	0.00138999	2.63814	0	-500	0	-0.0951918	
1905	0.00139	2.63953	0	-500	0	-0.0949106	
1906	0.00139	2.64092	0	-500	0	-0.0946318	
1907	0.00139001	2.64231	0	-500	0	-0.0943547	
1908	0.00139001	2.6437	0	-500	0	-0.094079	
1909	0.00139002	2.64509	0	-500	0	-0.0938041	
1910	0.00139003	2.64648	0	-500	0	-0.0935297	
1911	0.00139004	2.64787	0	-500	0	-0.0932553	
1912	0.00139005	2.64926	0	-500	0	-0.0929805	
1913	0.00139006	2.65065	0	-500	0	-0.0927051	
1914	0.00139008	2.65204	0	-500	0	-0.0924288	
1915	0.00139009	2.65343	0	-500	0	-0.0921514	
1916	0.00139011	2.65482	0	-500	0	-0.0918727	
1917	0.00139013	2.65621	0	-500	0	-0.0915928	
1918	0.00139015	2.6576	0	-500	0	-0.0913116	
1919	0.00139017	2.65899	0	-500	0	-0.0910291	
1920	0.00139019	2.66038	0	-500	0	-0.0907455	
1921	0.00139021	2.66177	0	-500	0	-0.0904609	
1922	0.00139023	2.66316	0	-500	0	-0.0901756	
1923	0.00139025	2.66455	0	-500	0	-0.0898897	
1924	0.00139027	2.66594	0	-500	0	-0.0896034	
1925	0.0013903	2.66733	0	-500	0	-0.0893172	
1926	0.00139032	2.66873	0	-500	0	-0.0890311	
1927	0.00139035	2.67012	0	-500	0	-0.0887454	
1928	0.00139037	2.67151	0	-500	0	-0.0884604	
1929	0.0013904	2.6729	0	-500	0	-0.0881763	
1930	0.00139043	2.67429	0	-500	0	-0.0878931	
1931	0.00139045	2.67568	0	-500	0	-0.0876111	
1932	0.00139048	2.67707	0	-500	0	-0.0873304	
1933	0.00139051	2.67846	0	-500	0	-0.0870509	
1934	0.00139054	2.67985	0	-500	0	-0.0867726	
1935	0.00139057	2.68124	0	-500	0	-0.0864956	
1936	0.0013906	2.68263	0	-500	0	-0.0862196	
1937	0.00139064	2.68402	0	-500	0	-0.0859447	
1938	0.00139067	2.68541	0	-500	0	-0.0856706	
1939	0.0013907	2.6868	0	-500	0	-0.0853972	
1940	0.00139073	2.68819	0	-500	0	-0.0851243	
1941	0.00139076	2.68958	0	-500	0	-0.0848519	
1942	0.00139079	2.69097	0	-500	0	-0.0845796	
1943	0.00139082	2.69236	0	-500	0	-0.0843074	
1944	0.00139085	2.69376	0	-500	0	-0.0840353	
1945	0.00139088	2.69515	0	-500	0	-0.0837631	
1946	0.00139091	2.69654	0	-500	0	-0.0834908	
1947	0.00139094	2.69793	0	-500	0	-0.0832185	
1948	0.00139096	2.69932	0	-500	0	-0.0829462	
1949	0.00139099	2.70071	0	-500	0	-0.0826742	
1950	0.00139102	2.7021	0	-500	0	-0.0824025	
1951	0.00139104	2.70349	0	-500	0	-0.0821314	
1952	0.00139107	2.70488	0	-500	0	-0.0818612	
1953	0.0013911	2.70627	0	-500	0	-0.081592	
1954	0.00139112	2.70766	0	-500	0	-0.0813243	
1955	0.00139115	2.70906	0	-500	0	-0.0810583	
1956	0.00139118	2.71045	0	-500	0	-0.0807943	
1957	0.00139121	2.71184	0	-500	0	-0.0805325	
1958	0.00139124	2.71323	0	-500	0	-0.0802732	
1959	0.00139127	2.71462	0	-500	0	-0.0800165	
1960	0.0013913	2.71601	0	-500	0	-0.0797626	
1961	0.00139133	2.7174	0	-500	0	-0.0795114	
1962	0.00139137	2.71879	0	-500	0	-0.0792631	
1963	0.0013914	2.72019	0	-500	0	-0.0790173	
1964	0.00139144	2.72158	0	-500	0	-0.0787741	
1965	0.00139148	2.72297	0	-500	0	-0.078533	
1966	0.00139152	2.72436	0	-500	0	-0.0782938	
1967	0.00139156	2.72575	0	-500	0	-0.078056	
1968	0.0013916	2.72714	0	-500	0	-0.0778192	
1969	0.00139165	2.72854	0	-500	0	-0.0775829	
1970	0.00139169	2.72993	0	-500	0	-0.0773465	
1971	0.00139174	2.73132	0	-500	0	-0.0771096	
1972	0.00139178	2.73271	0	-500	0	-0.0768715	
1973	0.00139182	2.7341	0	-500	0	-0.0766318	
1974	0.00139187	2.73549	0	-500	0	-0.07639	
1975	0.00139191	2.73689	0	-500	0	-0.0761457	
1976	0.00139196	2.73828	0	-500	0	-0.0758985	
1977	0.001392	2.73967	0	-500	0	-0.0756481	
1978	0.00139205	2.74106	0	-500	0	-0.0753944	
1979	0.00139209	2.74245	0	-500	0	-0.0751373	
1980	0.00139214	2.74385	0	-500	0	-0.0748769	
1981	0.00139218	2.74524	0	-500	0	-0.0746131	
1982	0.00139222	2.74663	0	-500	0	-0.0743463	
1983	0.00139227	2.74802	0	-500	0	-0.0740768	
1984	0.00139231	2.74941	0	-500	0	-0.0738048	
1985	0.00139235	2.75081	0	-500	0	-0.0735309	
1986	0.0013924	2.7522	0	-500	0	-0.0732556	
1987	0.00139244	2.75359	0	-500	0	-0.0729794	
1988	0.00139248	2.75498	0	-500	0	-0.0727028	
1989	0.00139253	2.75638	0	-500	0	-0.0724263	
1990	0.00139257	2.75777	0	-500	0	-0.0721505	
1991	0.00139262	2.75916	0	-500	0	-0.0718759	
1992	0.00139267	2.76055	0	-500	0	-0.071603	
1993	0.00139271	2.76195	0	-500	0	-0.071332	
1994	0.00139276	2.76334	0	-500	0	-0.0710633	
1995	0.00139281	2.76473	0	-500	0	-0.0707972	
1996	0.00139286	2.76613	0	-500	0	-0.0705337	
1997	0.00139291	2.76752	0	-500	0	-0.0702729	
1998	0.00139296	2.76891	0	-500	0	-0.0700147	
1999	0.00139302	2.7703	0	-500	0	-0.0697591	
2000	0.00139307	2.7717	0	-500	0	-0.0695058	
2001	0.00139312	2.77309	0	-500	0	-0.0692544	
2002	0.00139317	2.77448	0	-500	0	-0.0690048	
2003	0.00139323	2.77588	0	-500	0	-0.0687564	
2004	0.00139328	2.77727	0	-500	0	-0.0685089	
2005	0.00139333	2.77866	0	-500	0	-0.0682619	
2006	0.00139338	2.78006	0	-500	0	-0.0680147	
2007	0.00139343	2.78145	0	-500	0	-0.0677671	
2008	0.00139348	2.78284	0	-500	0	-0.0675186	
2009	0.00139353	2.78424	0	-500	0	-0.0672688	
2010	0.00139357	2.78563	0	-500	0	-0.0670174	
2011	0.00139361	2.78702	0	-500	0	-0.0667641	
2012	0.00139366	2.78842	0	-500	0	-0.0665087	
2013	0.0013937	2.78981	0	-500	0	-0.0662511	
2014	0.00139373	2.7912	0	-500	0	-0.0659912	
2015	0.00139377	2.7926	0	-500	0	-0.065729	
2016	0.0013938	2.79399	0	-500	0	-0.0654645	
2017	0.00139383	2.79539	0	-500	0	-0.065198	
2018	0.00139386	2.79678	0	-500	0	-0.0649296	
2019	0.00139389	2.79817	0	-500	0	-0.0646597	
2020	0.00139391	2.79957	0	-500	0	-0.0643884	
2021	0.00139394	2.80096	0	-500	0	-0.0641162	
2022	0.00139396	2.80236	0	-500	0	-0.0638435	
2023	0.00139398	2.80375	0	-500	0	-0.0635707	
2024	0.00139401	2.80514	0	-500	0	-0.0632981	
2025	0.00139403	2.80654	0	-500	0	-0.0630262	
2026	0.00139405	2.80793	0	-500	0	-0.0627554	
2027	0.00139407	2.80933	0	-500	0	-0.062486	
2028	0.0013941	2.81072	0	-500	0	-0.0622185	
2029	0.00139412	2.81211	0	-500	0	-0.0619531	
2030	0.00139415	2.81351	0	-500	0	-0.0616901	
2031	0.00139417	2.8149	0	-500	0	-0.0614299	
2032	0.0013942	2.8163	0	-500	0	-0.0611726	
2033	0.00139423	2.81769	0	-500	0	-0.0609184	
2034	0.00139426	2.81908	0	-500	0	-0.0606675	
2035	0.0013943	2.82048	0	-500	0	-0.06042	
2036	0.00139433	2.82187	0	-500	0	-0.060176	
2037	0.00139437	2.82327	0	-500	0	-0.0599355	
2038	0.00139441	2.82466	0	-500	0	-0.0596987	
2039	0.00139444	2.82606	0	-500	0	-0.0594654	
2040	0.00139444	2.82745	0	-500	0	-0.0592358	
2041	0.00139444	2.82884	0	-500	0	-0.0590097	
2042	0.00139444	2.83024	0	-500	0	-0.0587872	
2043	0.00139444	2.83163	0	-500	0	-0.0585683	
2044	0.00139444	2.83303	0	-500	0	-0.0583527	
2045	0.00139443	2.83442	0	-500	0	-0.0581405	
2046	0.00139443	2.83582	0	-500	0	-0.0579315	
2047	0.00139443	2.83721	0	-500	0	-0.0577256	
2048	0.00139442	2.83861	0	-500	0	-0.0575227	
2049	0.00139441	2.84	0	-500	0	-0.0573225	
2050	0.00139441	2.84139	0	-500	0	-0.0571249	
2051	0.0013944	2.84279	0	-500	0	-0.0569295	
2052	0.00139439	2.84418	0	-500	0	-0.0567361	
2053	0.00139439	2.84558	0	-500	0	-0.0565443	
2054	0.00139438	2.84697	0	-500	0	-0.0563538	
2055	0.00139437	2.84837	0	-500	0	-0.0561642	
2056	0.00139436	2.84976	0	-500	0	-0.055975	
2057	0.00139436	2.85116	0	-500	0	-0.0557857	
2058	0.00139435	2.85255	0	-500	0	-0.0555958	
2059	0.00139434	2.85394	0	-500	0	-0.0554048	
2060	0.00139434	2.85534	0	-500	0	-0.0552122	
2061	0.00139433	2.85673	0	-500	0	-0.0550175	
2062	0.00139433	2.85813	0	-500	0	-0.0548202	
2063	0.00139433	2.85952	0	-500	0	-0.0546198	
2064	0.00139432	2.86092	0	-500	0	-0.0544159	
2065	0.00139432	2.86231	0	-500	0	-0.0542081	
2066	0.00139432	2.8637	0	-500	0	-0.0539963	
2067	0.00139432	2.8651	0	-500	0	-0.0537801	
2068	0.00139432	2.86649	0	-500	0	-0.0535595	
2069	0.00139432	2.86789	0	-500	0	-0.0533344	
2070	0.00139433	2.86928	0	-500	0	-0.0531051	
2071	0.00139433	2.87068	0	-500	0	-0.0528716	
2072	0.00139434	2.87207	0	-500	0	-0.0526344	
2073	0.00139434	2.87346	0	-500	0	-0.0523938	
2074	0.00139435	2.87486	0	-500	0	-0.0521504	
2075	0.00139435	2.87625	0	-500	0	-0.0519049	
2076	0.00139436	2.87765	0	-500	0	-0.0516578	
2077	0.00139437	2.87904	0	-500	0	-0.0514101	
2078	0.00139437	2.88044	0	-500	0	-0.0511625	
2079	0.00139438	2.88183	0	-500	0	-0.0509159	
2080	0.00139439	2.88323	0	-500	0	-0.0506712	
2081	0.00139439	2.88462	0	-500	0	-0.0504291	
2082	0.0013944	2.88601	0	-500	0	-0.0501906	
2083	0.00139441	2.88741	0	-500	0	-0.0499563	
2084	0.00139441	2.8888	0	-500	0	-0.0497271	
2085	0.00139441	2.8902	0	-500	0	-0.0495034	
2086	0.00139442	2.89159	0	-500	0	-0.0492858	
2087	0.00139442	2.89299	0	-500	0	-0.0490747	
2088	0.00139442	2.89438	0	-500	0	-0.0488703	
2089	0.00139442	2.89577	0	-500	0	-0.0486729	
2090	0.00139442	2.89717	0	-500	0	-0.0484824	
2091	0.00139442	2.89856	0	-500	0	-0.0482986	
2092	0.00139442	2.89996	0	-500	0	-0.0481213	
2093	0.00139441	2.90135	0	-500	0	-0.0479501	
2094	0.00139441	2.90275	0	-500	0	-0.0477845	
2095	0.00139441	2.90414	0	-500	0	-0.0476238	
2096	0.0013944	2.90554	0	-500	0	-0.0474675	
2097	0.0013944	2.90693	0	-500	0	-0.0473146	
2098	0.00139439	2.90832	0	-500	0	-0.0471643	
2099	0.00139439	2.90972	0	-500	0	-0.0470159	
2100	0.00139438	2.91111	0	-500	0	-0.0468683	
2101	0.00139437	2.91251	0	-500	0	-0.0467207	
2102	0.00139437	2.9139	0	-500	0	-0.0465722	
2103	0.00139436	2.9153	0	-500	0	-0.046422	
2104	0.00139435	2.91669	0	-500	0	-0.0462692	
2105	0.00139435	2.91809	0	-500	0	-0.0461131	
2106	0.00139434	2.91948	0	-500	0	-0.0459531	
2107	0.00139434	2.92087	0	-500	0	-0.0457885	
2108	0.00139433	2.92227	0	-500	0	-0.0456189	
2109	0.00139432	2.92366	0	-500	0	-0.045444	
2110	0.00139432	2.92506	0	-500	0	-0.0452634	
2111	0.00139431	2.92645	0	-500	0	-0.0450769	
2112	0.00139431	2.92785	0	-500	0	-0.0448845	
2113	0.00139431	2.92924	0	-500	0	-0.0446862	
2114	0.0013943	2.93063	0	-500	0	-0.0444822	
2115	0.0013943	2.93203	0	-500	0	-0.0442726	
2116	0.0013943	2.93342	0	-500	0	-0.0440578	
2117	0.0013943	2.93482	0	-500	0	-0.0438381	
2118	0.0013943	2.93621	0	-500	0	-0.0436139	
2119	0.0013943	2.93761	0	-500	0	-0.0433858	
2120	0.00139431	2.939	0	-500	0	-0.0431543	
2121	0.00139431	2.94039	0	-500	0	-0.0429199	
2122	0.00139432	2.94179	0	-500	0	-0.0426833	
2123	0.00139432	2.94318	0	-500	0	-0.0424451	
2124	0.00139433	2.94458	0	-500	0	-0.0422058	
2125	0.00139433	2.94597	0	-500	0	-0.0419661	
2126	0.00139434	2.94737	0	-500	0	-0.0417266	
2127	0.00139435	2.94876	0	-500	0	-0.0414878	
2128	0.00139436	2.95015	0	-500	0	-0.0412502	
2129	0.00139437	2.95155	0	-500	0	-0.0410144	
2130	0.00139437	2.95294	0	-500	0	-0.0407808	
2131	0.00139438	2.95434	0	-500	0	-0.0405497	
2132	0.00139439	2.95573	0	-500	0	-0.0403216	
2133	0.0013944	2.95713	0	-500	0	-0.0400967	
2134	0.0013944	2.95852	0	-500	0	-0.0398752	
2135	0.00139441	2.95992	0	-500	0	-0.0396573	
2136	0.00139441	2.96131	0	-500	0	-0.0394432	
2137	0.00139441	2.9627	0	-500	0	-0.0392328	
2138	0.00139442	2.9641	0	-500	0	-0.0390261	
2139	0.00139442	2.96549	0	-500	0	-0.0388231	
2140	0.00139442	2.96689	0	-500	0	-0.0386236	
2141	0.00139441	2.96828	0	-500	0	-0.0384275	
2142	0.00139441	2.96968	0	-500	0	-0.0382345	
2143	0.00139441	2.97107	0	-500	0	-0.0380444	
2144	0.0013944	2.97246	0	-500	0	-0.0378567	
2145	0.00139439	2.97386	0	-500	0	-0.0376713	
2146	0.00139439	2.97525	0	-500	0	-0.0374876	
2147	0.00139438	2.97665	0	-500	0	-0.0373053	
2148	0.00139437	2.97804	0	-500	0	-0.037124	
2149	0.00139436	2.97944	0	-500	0	-0.0369432	
2150	0.00139436	2.98083	0	-500	0	-0.0367624	
2151	0.00139435	2.98223	0	-500	0	-0.0365812	
2152	0.00139434	2.98362	0	-500	0	-0.0363992	
2153	0.00139433	2.98501	0	-500	0	-0.0362159	
2154	0.00139433	2.98641	0	-500	0	-0.0360309	
2155	0.00139432	2.9878	0	-500	0	-0.0358438	
2156	0.00139432	2.9892	0	-500	0	-0.0356542	
2157	0.00139432	2.99059	0	-500	0	-0.0354619	
2158	0.00139431	2.99199	0	-500	0	-0.0352664	
2159	0.00139431	2.99338	0	-500	0	-0.0350676	
2160	0.00139432	2.99477	0	-500	0	-0.0348652	
2161	0.00139432	2.99617	0	-500	0	-0.0346592	
2162	0.00139432	2.99756	0	-500	0	-0.0344494	
2163	0.00139433	2.99896	0	-500	0	-0.0342358	
2164	0.00139433	3.00035	0	-500	0	-0.0340184	
