Step	dt	Time	fEnd_x	fEnd_y	fEnd_z	dy_tip	
0	1e-16	0	0	0	0	1.19209e-08	
1	1e-16	0	0	-500	0	1.19209e-08	
2	0.00139642	1e-16	0	-500	0	-0.000126611	
3	0.00139642	0.00139642	0	-500	0	-0.000288799	
4	0.00139626	0.00279285	0	-500	0	-0.000479365	
5	0.00139606	0.00418911	0	-500	0	-0.000687642	
6	0.00139581	0.00558517	0	-500	0	-0.000903924	
7	0.00139552	0.00698098	0	-500	0	-0.00112033	
8	0.00139522	0.0083765	0	-500	0	-0.00133102	
9	0.00139493	0.00977172	0	-500	0	-0.00153215	
10	0.00139467	0.0111666	0	-500	0	-0.00172155	
11	0.00139446	0.0125613	0	-500	0	-0.00189837	
12	0.0013943	0.0139558	0	-500	0	-0.00206276	
13	0.00139418	0.0153501	0	-500	0	-0.00221547	
14	0.0013941	0.0167443	0	-500	0	-0.00235763	
15	0.00139404	0.0181384	0	-500	0	-0.00249048	
16	0.00139398	0.0195324	0	-500	0	-0.0026152	
17	0.00139392	0.0209264	0	-500	0	-0.0027328	
18	0.00139386	0.0223203	0	-500	0	-0.00284403	
19	0.00139379	0.0237142	0	-500	0	-0.00294931	
20	0.00139371	0.025108	0	-500	0	-0.00304872	
21	0.00139363	0.0265017	0	-500	0	-0.00314204	
22	0.00139355	0.0278953	0	-500	0	-0.00322877	
23	0.00139348	0.0292888	0	-500	0	-0.00330828	
24	0.00139343	0.0306823	0	-500	0	-0.00337982	
25	0.00139339	0.0320758	0	-500	0	-0.00344274	
26	0.00139336	0.0334691	0	-500	0	-0.0034965	
27	0.00139334	0.0348625	0	-500	0	-0.00354083	
28	0.00139334	0.0362558	0	-500	0	-0.0035758	
29	0.00139334	0.0376492	0	-500	0	-0.00360179	
30	0.00139335	0.0390425	0	-500	0	-0.00361954	
31	0.00139336	0.0404359	0	-500	0	-0.00363012	
32	0.00139337	0.0418292	0	-500	0	-0.00363484	
33	0.00139338	0.0432226	0	-500	0	-0.00363519	
34	0.0013934	0.044616	0	-500	0	-0.00363275	
35	0.00139341	0.0460094	0	-500	0	-0.00362914	
36	0.00139342	0.0474028	0	-500	0	-0.0036259	
37	0.00139342	0.0487962	0	-500	0	-0.00362449	
38	0.00139343	0.0501896	0	-500	0	-0.0036262	
39	0.00139344	0.0515831	0	-500	0	-0.00363216	
40	0.00139344	0.0529765	0	-500	0	-0.00364333	
41	0.00139345	0.0543699	0	-500	0	-0.00366048	
42	0.00139345	0.0557634	0	-500	0	-0.00368421	
43	0.00139345	0.0571568	0	-500	0	-0.00371495	
44	0.00139345	0.0585503	0	-500	0	-0.00375301	
45	0.00139345	0.0599437	0	-500	0	-0.00379853	
46	0.00139345	0.0613372	0	-500	0	-0.00385154	
47	0.00139345	0.0627307	0	-500	0	-0.00391195	
48	0.00139345	0.0641241	0	-500	0	-0.00397958	
49	0.00139345	0.0655176	0	-500	0	-0.00405415	
50	0.00139345	0.066911	0	-500	0	-0.00413531	
51	0.00139345	0.0683045	0	-500	0	-0.00422268	
52	0.00139344	0.0696979	0	-500	0	-0.0043158	
53	0.00139344	0.0710914	0	-500	0	-0.00441424	
54	0.00139344	0.0724848	0	-500	0	-0.00451754	
55	0.00139343	0.0738782	0	-500	0	-0.00462528	
56	0.00139342	0.0752717	0	-500	0	-0.00473707	
57	0.00139342	0.0766651	0	-500	0	-0.00485257	
58	0.00139341	0.0780585	0	-500	0	-0.00497149	
59	0.0013934	0.0794519	0	-500	0	-0.00509359	
60	0.0013934	0.0808453	0	-500	0	-0.00521867	
61	0.00139339	0.0822387	0	-500	0	-0.0053466	
62	0.00139338	0.0836321	0	-500	0	-0.00547725	
63	0.00139337	0.0850255	0	-500	0	-0.00561051	
64	0.00139336	0.0864189	0	-500	0	-0.00574627	
65	0.00139335	0.0878122	0	-500	0	-0.00588438	
66	0.00139335	0.0892056	0	-500	0	-0.00602468	
67	0.00139334	0.0905989	0	-500	0	-0.00616692	
68	0.00139333	0.0919923	0	-500	0	-0.0063108	
69	0.00139332	0.0933856	0	-500	0	-0.00645596	
70	0.0013933	0.0947789	0	-500	0	-0.00660194	
71	0.00139329	0.0961722	0	-500	0	-0.00674825	
72	0.00139328	0.0975655	0	-500	0	-0.00689433	
73	0.00139327	0.0989588	0	-500	0	-0.00703957	
74	0.00139327	0.100352	0	-500	0	-0.00718338	
75	0.00139326	0.101745	0	-500	0	-0.00732514	
76	0.00139325	0.103139	0	-500	0	-0.00746431	
77	0.00139324	0.104532	0	-500	0	-0.00760037	
78	0.00139324	0.105925	0	-500	0	-0.0077329	
79	0.00139323	0.107318	0	-500	0	-0.00786157	
80	0.00139323	0.108712	0	-500	0	-0.00798618	
81	0.00139323	0.110105	0	-500	0	-0.00810662	
82	0.00139323	0.111498	0	-500	0	-0.0082229	
83	0.00139323	0.112891	0	-500	0	-0.00833514	
84	0.00139323	0.114284	0	-500	0	-0.00844358	
85	0.00139323	0.115678	0	-500	0	-0.0085485	
86	0.00139323	0.117071	0	-500	0	-0.00865029	
87	0.00139324	0.118464	0	-500	0	-0.00874937	
88	0.00139324	0.119857	0	-500	0	-0.00884616	
89	0.00139324	0.121251	0	-500	0	-0.00894115	
90	0.00139325	0.122644	0	-500	0	-0.00903478	
91	0.00139325	0.124037	0	-500	0	-0.0091275	
92	0.00139325	0.12543	0	-500	0	-0.00921975	
93	0.00139326	0.126824	0	-500	0	-0.00931193	
94	0.00139326	0.128217	0	-500	0	-0.00940444	
95	0.00139326	0.12961	0	-500	0	-0.00949765	
96	0.00139326	0.131003	0	-500	0	-0.00959192	
97	0.00139327	0.132397	0	-500	0	-0.00968758	
98	0.00139327	0.13379	0	-500	0	-0.00978498	
99	0.00139327	0.135183	0	-500	0	-0.00988446	
100	0.00139327	0.136576	0	-500	0	-0.00998634	
101	0.00139327	0.13797	0	-500	0	-0.0100909	
102	0.00139327	0.139363	0	-500	0	-0.0101986	
103	0.00139327	0.140756	0	-500	0	-0.0103095	
104	0.00139327	0.14215	0	-500	0	-0.010424	
105	0.00139327	0.143543	0	-500	0	-0.0105423	
106	0.00139327	0.144936	0	-500	0	-0.0106646	
107	0.00139327	0.146329	0	-500	0	-0.0107911	
108	0.00139327	0.147723	0	-500	0	-0.0109217	
109	0.00139327	0.149116	0	-500	0	-0.0110564	
110	0.00139327	0.150509	0	-500	0	-0.0111953	
111	0.00139327	0.151902	0	-500	0	-0.0113381	
112	0.00139327	0.153296	0	-500	0	-0.0114846	
113	0.00139326	0.154689	0	-500	0	-0.0116345	
114	0.00139326	0.156082	0	-500	0	-0.0117875	
115	0.00139326	0.157476	0	-500	0	-0.0119432	
116	0.00139326	0.158869	0	-500	0	-0.0121012	
117	0.00139325	0.160262	0	-500	0	-0.012261	
118	0.00139325	0.161655	0	-500	0	-0.0124221	
119	0.00139325	0.163049	0	-500	0	-0.0125841	
120	0.00139325	0.164442	0	-500	0	-0.0127466	
121	0.00139324	0.165835	0	-500	0	-0.0129092	
122	0.00139324	0.167228	0	-500	0	-0.0130714	
123	0.00139324	0.168622	0	-500	0	-0.013233	
124	0.00139323	0.170015	0	-500	0	-0.0133937	
125	0.00139323	0.171408	0	-500	0	-0.0135533	
126	0.00139323	0.172801	0	-500	0	-0.0137115	
127	0.00139322	0.174194	0	-500	0	-0.0138682	
128	0.00139322	0.175588	0	-500	0	-0.0140235	
129	0.00139321	0.176981	0	-500	0	-0.0141771	
130	0.00139321	0.178374	0	-500	0	-0.0143293	
131	0.0013932	0.179767	0	-500	0	-0.0144799	
132	0.0013932	0.18116	0	-500	0	-0.014629	
133	0.00139319	0.182554	0	-500	0	-0.0147768	
134	0.00139319	0.183947	0	-500	0	-0.0149234	
135	0.00139318	0.18534	0	-500	0	-0.0150688	
136	0.00139318	0.186733	0	-500	0	-0.0152133	
137	0.00139317	0.188126	0	-500	0	-0.015357	
138	0.00139317	0.18952	0	-500	0	-0.0155001	
139	0.00139317	0.190913	0	-500	0	-0.0156428	
140	0.00139316	0.192306	0	-500	0	-0.0157852	
141	0.00139316	0.193699	0	-500	0	-0.0159276	
142	0.00139316	0.195092	0	-500	0	-0.0160701	
143	0.00139316	0.196485	0	-500	0	-0.0162129	
144	0.00139316	0.197879	0	-500	0	-0.0163564	
145	0.00139316	0.199272	0	-500	0	-0.0165006	
146	0.00139316	0.200665	0	-500	0	-0.0166457	
147	0.00139316	0.202058	0	-500	0	-0.016792	
148	0.00139316	0.203451	0	-500	0	-0.0169396	
149	0.00139317	0.204844	0	-500	0	-0.0170887	
150	0.00139317	0.206238	0	-500	0	-0.0172394	
151	0.00139317	0.207631	0	-500	0	-0.0173918	
152	0.00139318	0.209024	0	-500	0	-0.0175461	
153	0.00139318	0.210417	0	-500	0	-0.0177022	
154	0.00139318	0.21181	0	-500	0	-0.0178603	
155	0.00139319	0.213203	0	-500	0	-0.0180202	
156	0.00139319	0.214597	0	-500	0	-0.0181821	
157	0.0013932	0.21599	0	-500	0	-0.0183458	
158	0.0013932	0.217383	0	-500	0	-0.0185114	
159	0.0013932	0.218776	0	-500	0	-0.0186786	
160	0.00139321	0.220169	0	-500	0	-0.0188474	
161	0.00139321	0.221563	0	-500	0	-0.0190176	
162	0.00139321	0.222956	0	-500	0	-0.0191891	
163	0.00139321	0.224349	0	-500	0	-0.0193619	
164	0.00139321	0.225742	0	-500	0	-0.0195356	
165	0.00139322	0.227135	0	-500	0	-0.0197102	
166	0.00139322	0.228529	0	-500	0	-0.0198855	
167	0.00139321	0.229922	0	-500	0	-0.0200613	
168	0.00139321	0.231315	0	-500	0	-0.0202376	
169	0.00139321	0.232708	0	-500	0	-0.0204142	
170	0.00139321	0.234102	0	-500	0	-0.0205909	
171	0.00139321	0.235495	0	-500	0	-0.0207677	
172	0.0013932	0.236888	0	-500	0	-0.0209444	
173	0.0013932	0.238281	0	-500	0	-0.021121	
174	0.0013932	0.239674	0	-500	0	-0.0212974	
175	0.00139319	0.241068	0	-500	0	-0.0214735	
176	0.00139319	0.242461	0	-500	0	-0.0216493	
177	0.00139318	0.243854	0	-500	0	-0.0218247	
178	0.00139318	0.245247	0	-500	0	-0.0219997	
179	0.00139318	0.24664	0	-500	0	-0.0221742	
180	0.00139317	0.248033	0	-500	0	-0.0223482	
181	0.00139317	0.249427	0	-500	0	-0.0225217	
182	0.00139316	0.25082	0	-500	0	-0.0226948	
183	0.00139316	0.252213	0	-500	0	-0.0228673	
184	0.00139315	0.253606	0	-500	0	-0.0230394	
185	0.00139315	0.254999	0	-500	0	-0.0232111	
186	0.00139314	0.256392	0	-500	0	-0.0233825	
187	0.00139314	0.257786	0	-500	0	-0.0235535	
188	0.00139314	0.259179	0	-500	0	-0.0237242	
189	0.00139314	0.260572	0	-500	0	-0.0238948	
190	0.00139313	0.261965	0	-500	0	-0.0240653	
191	0.00139313	0.263358	0	-500	0	-0.0242358	
192	0.00139313	0.264751	0	-500	0	-0.0244065	
193	0.00139313	0.266144	0	-500	0	-0.0245774	
194	0.00139313	0.267538	0	-500	0	-0.0247486	
195	0.00139313	0.268931	0	-500	0	-0.0249204	
196	0.00139313	0.270324	0	-500	0	-0.0250929	
197	0.00139313	0.271717	0	-500	0	-0.025266	
198	0.00139313	0.27311	0	-500	0	-0.0254401	
199	0.00139313	0.274503	0	-500	0	-0.0256153	
200	0.00139313	0.275896	0	-500	0	-0.0257916	
201	0.00139313	0.277289	0	-500	0	-0.0259691	
202	0.00139313	0.278683	0	-500	0	-0.026148	
203	0.00139314	0.280076	0	-500	0	-0.0263284	
204	0.00139314	0.281469	0	-500	0	-0.0265103	
205	0.00139314	0.282862	0	-500	0	-0.0266939	
206	0.00139314	0.284255	0	-500	0	-0.0268791	
207	0.00139315	0.285648	0	-500	0	-0.027066	
208	0.00139315	0.287041	0	-500	0	-0.0272547	
209	0.00139315	0.288435	0	-500	0	-0.0274451	
210	0.00139315	0.289828	0	-500	0	-0.0276371	
211	0.00139316	0.291221	0	-500	0	-0.0278309	
212	0.00139316	0.292614	0	-500	0	-0.0280263	
213	0.00139316	0.294007	0	-500	0	-0.0282233	
214	0.00139316	0.2954	0	-500	0	-0.0284217	
215	0.00139317	0.296793	0	-500	0	-0.0286215	
216	0.00139317	0.298187	0	-500	0	-0.0288225	
217	0.00139317	0.29958	0	-500	0	-0.0290247	
218	0.00139317	0.300973	0	-500	0	-0.0292278	
219	0.00139317	0.302366	0	-500	0	-0.0294317	
220	0.00139317	0.303759	0	-500	0	-0.0296362	
221	0.00139317	0.305152	0	-500	0	-0.0298412	
222	0.00139317	0.306546	0	-500	0	-0.0300465	
223	0.00139317	0.307939	0	-500	0	-0.0302519	
224	0.00139317	0.309332	0	-500	0	-0.0304572	
225	0.00139317	0.310725	0	-500	0	-0.0306622	
226	0.00139317	0.312118	0	-500	0	-0.0308668	
227	0.00139316	0.313512	0	-500	0	-0.0310708	
228	0.00139316	0.314905	0	-500	0	-0.0312741	
229	0.00139316	0.316298	0	-500	0	-0.0314765	
230	0.00139315	0.317691	0	-500	0	-0.031678	
231	0.00139315	0.319084	0	-500	0	-0.0318784	
232	0.00139314	0.320477	0	-500	0	-0.0320777	
233	0.00139314	0.32187	0	-500	0	-0.0322759	
234	0.00139313	0.323264	0	-500	0	-0.0324729	
235	0.00139313	0.324657	0	-500	0	-0.0326687	
236	0.00139312	0.32605	0	-500	0	-0.0328635	
237	0.00139312	0.327443	0	-500	0	-0.0330572	
238	0.00139311	0.328836	0	-500	0	-0.0332499	
239	0.00139311	0.330229	0	-500	0	-0.0334418	
240	0.0013931	0.331622	0	-500	0	-0.0336329	
241	0.0013931	0.333015	0	-500	0	-0.0338235	
242	0.00139309	0.334408	0	-500	0	-0.0340136	
243	0.00139309	0.335802	0	-500	0	-0.0342034	
244	0.00139309	0.337195	0	-500	0	-0.0343932	
245	0.00139308	0.338588	0	-500	0	-0.0345829	
246	0.00139308	0.339981	0	-500	0	-0.034773	
247	0.00139308	0.341374	0	-500	0	-0.0349634	
248	0.00139308	0.342767	0	-500	0	-0.0351544	
249	0.00139308	0.34416	0	-500	0	-0.0353462	
250	0.00139308	0.345553	0	-500	0	-0.0355389	
251	0.00139308	0.346946	0	-500	0	-0.0357326	
252	0.00139309	0.348339	0	-500	0	-0.0359275	
253	0.00139309	0.349732	0	-500	0	-0.0361237	
254	0.00139309	0.351126	0	-500	0	-0.0363213	
255	0.0013931	0.352519	0	-500	0	-0.0365204	
256	0.0013931	0.353912	0	-500	0	-0.036721	
257	0.00139311	0.355305	0	-500	0	-0.0369233	
258	0.00139311	0.356698	0	-500	0	-0.0371272	
259	0.00139312	0.358091	0	-500	0	-0.0373328	
260	0.00139312	0.359484	0	-500	0	-0.03754	
261	0.00139313	0.360877	0	-500	0	-0.0377488	
262	0.00139313	0.36227	0	-500	0	-0.0379593	
263	0.00139313	0.363664	0	-500	0	-0.0381712	
264	0.00139314	0.365057	0	-500	0	-0.0383847	
265	0.00139314	0.36645	0	-500	0	-0.0385995	
266	0.00139315	0.367843	0	-500	0	-0.0388156	
267	0.00139315	0.369236	0	-500	0	-0.0390329	
268	0.00139315	0.370629	0	-500	0	-0.0392512	
269	0.00139315	0.372022	0	-500	0	-0.0394704	
270	0.00139315	0.373416	0	-500	0	-0.0396904	
271	0.00139315	0.374809	0	-500	0	-0.0399111	
272	0.00139315	0.376202	0	-500	0	-0.0401323	
273	0.00139315	0.377595	0	-500	0	-0.0403538	
274	0.00139315	0.378988	0	-500	0	-0.0405755	
275	0.00139315	0.380381	0	-500	0	-0.0407973	
276	0.00139315	0.381774	0	-500	0	-0.0410191	
277	0.00139315	0.383168	0	-500	0	-0.0412407	
278	0.00139314	0.384561	0	-500	0	-0.0414621	
279	0.00139314	0.385954	0	-500	0	-0.0416831	
280	0.00139314	0.387347	0	-500	0	-0.0419036	
281	0.00139313	0.38874	0	-500	0	-0.0421235	
282	0.00139313	0.390133	0	-500	0	-0.0423429	
283	0.00139312	0.391526	0	-500	0	-0.0425615	
284	0.00139312	0.39292	0	-500	0	-0.0427795	
285	0.00139312	0.394313	0	-500	0	-0.0429967	
286	0.00139311	0.395706	0	-500	0	-0.0432133	
287	0.00139311	0.397099	0	-500	0	-0.043429	
288	0.0013931	0.398492	0	-500	0	-0.043644	
289	0.0013931	0.399885	0	-500	0	-0.0438583	
290	0.0013931	0.401278	0	-500	0	-0.044072	
291	0.00139309	0.402671	0	-500	0	-0.044285	
292	0.00139309	0.404064	0	-500	0	-0.0444974	
293	0.00139308	0.405457	0	-500	0	-0.0447092	
294	0.00139308	0.406851	0	-500	0	-0.0449206	
295	0.00139308	0.408244	0	-500	0	-0.0451315	
296	0.00139307	0.409637	0	-500	0	-0.0453421	
297	0.00139307	0.41103	0	-500	0	-0.0455523	
298	0.00139307	0.412423	0	-500	0	-0.0457623	
299	0.00139306	0.413816	0	-500	0	-0.0459721	
300	0.00139306	0.415209	0	-500	0	-0.0461818	
301	0.00139306	0.416602	0	-500	0	-0.0463913	
302	0.00139306	0.417995	0	-500	0	-0.0466008	
303	0.00139306	0.419388	0	-500	0	-0.0468101	
304	0.00139305	0.420781	0	-500	0	-0.0470195	
305	0.00139305	0.422174	0	-500	0	-0.0472288	
306	0.00139305	0.423567	0	-500	0	-0.0474381	
307	0.00139305	0.42496	0	-500	0	-0.0476474	
308	0.00139305	0.426353	0	-500	0	-0.0478566	
309	0.00139305	0.427746	0	-500	0	-0.0480657	
310	0.00139305	0.42914	0	-500	0	-0.0482747	
311	0.00139305	0.430533	0	-500	0	-0.0484835	
312	0.00139305	0.431926	0	-500	0	-0.0486921	
313	0.00139305	0.433319	0	-500	0	-0.0489004	
314	0.00139306	0.434712	0	-500	0	-0.0491085	
315	0.00139306	0.436105	0	-500	0	-0.0493162	
316	0.00139306	0.437498	0	-500	0	-0.0495234	
317	0.00139306	0.438891	0	-500	0	-0.0497302	
318	0.00139306	0.440284	0	-500	0	-0.0499365	
319	0.00139307	0.441677	0	-500	0	-0.0501423	
320	0.00139307	0.44307	0	-500	0	-0.0503474	
321	0.00139307	0.444463	0	-500	0	-0.050552	
322	0.00139307	0.445856	0	-500	0	-0.0507559	
323	0.00139307	0.447249	0	-500	0	-0.0509592	
324	0.00139308	0.448642	0	-500	0	-0.0511619	
325	0.00139308	0.450035	0	-500	0	-0.0513639	
326	0.00139308	0.451429	0	-500	0	-0.0515653	
327	0.00139308	0.452822	0	-500	0	-0.0517661	
328	0.00139308	0.454215	0	-500	0	-0.0519663	
329	0.00139308	0.455608	0	-500	0	-0.052166	
330	0.00139307	0.457001	0	-500	0	-0.0523652	
331	0.00139307	0.458394	0	-500	0	-0.052564	
332	0.00139307	0.459787	0	-500	0	-0.0527623	
333	0.00139307	0.46118	0	-500	0	-0.0529602	
334	0.00139306	0.462573	0	-500	0	-0.0531579	
335	0.00139306	0.463966	0	-500	0	-0.0533552	
336	0.00139306	0.465359	0	-500	0	-0.0535523	
337	0.00139305	0.466752	0	-500	0	-0.0537493	
338	0.00139305	0.468145	0	-500	0	-0.053946	
339	0.00139305	0.469538	0	-500	0	-0.0541427	
340	0.00139304	0.470931	0	-500	0	-0.0543392	
341	0.00139304	0.472325	0	-500	0	-0.0545356	
342	0.00139304	0.473718	0	-500	0	-0.054732	
343	0.00139303	0.475111	0	-500	0	-0.0549283	
344	0.00139303	0.476504	0	-500	0	-0.0551245	
345	0.00139303	0.477897	0	-500	0	-0.0553207	
346	0.00139303	0.47929	0	-500	0	-0.0555168	
347	0.00139303	0.480683	0	-500	0	-0.0557129	
348	0.00139303	0.482076	0	-500	0	-0.0559089	
349	0.00139303	0.483469	0	-500	0	-0.0561048	
350	0.00139303	0.484862	0	-500	0	-0.0563006	
351	0.00139303	0.486255	0	-500	0	-0.0564963	
352	0.00139303	0.487648	0	-500	0	-0.0566919	
353	0.00139303	0.489041	0	-500	0	-0.0568874	
354	0.00139303	0.490434	0	-500	0	-0.0570828	
355	0.00139304	0.491827	0	-500	0	-0.0572782	
356	0.00139304	0.49322	0	-500	0	-0.0574734	
357	0.00139305	0.494613	0	-500	0	-0.0576686	
358	0.00139305	0.496006	0	-500	0	-0.0578638	
359	0.00139305	0.497399	0	-500	0	-0.0580591	
360	0.00139306	0.498792	0	-500	0	-0.0582544	
361	0.00139306	0.500185	0	-500	0	-0.0584498	
362	0.00139307	0.501578	0	-500	0	-0.0586454	
363	0.00139307	0.502971	0	-500	0	-0.0588413	
364	0.00139308	0.504364	0	-500	0	-0.0590376	
365	0.00139308	0.505758	0	-500	0	-0.0592342	
366	0.00139309	0.507151	0	-500	0	-0.0594314	
367	0.00139309	0.508544	0	-500	0	-0.0596291	
368	0.00139309	0.509937	0	-500	0	-0.0598276	
369	0.0013931	0.51133	0	-500	0	-0.0600268	
370	0.0013931	0.512723	0	-500	0	-0.0602269	
371	0.0013931	0.514116	0	-500	0	-0.0604279	
372	0.0013931	0.515509	0	-500	0	-0.06063	
373	0.00139311	0.516902	0	-500	0	-0.0608333	
374	0.00139311	0.518295	0	-500	0	-0.0610377	
375	0.00139311	0.519688	0	-500	0	-0.0612435	
376	0.00139311	0.521082	0	-500	0	-0.0614506	
377	0.00139311	0.522475	0	-500	0	-0.0616591	
378	0.00139311	0.523868	0	-500	0	-0.0618691	
379	0.00139311	0.525261	0	-500	0	-0.0620806	
380	0.00139311	0.526654	0	-500	0	-0.0622937	
381	0.00139311	0.528047	0	-500	0	-0.0625084	
382	0.00139311	0.52944	0	-500	0	-0.0627247	
383	0.0013931	0.530833	0	-500	0	-0.0629426	
384	0.0013931	0.532226	0	-500	0	-0.0631622	
385	0.0013931	0.53362	0	-500	0	-0.0633834	
386	0.0013931	0.535013	0	-500	0	-0.0636063	
387	0.0013931	0.536406	0	-500	0	-0.0638308	
388	0.0013931	0.537799	0	-500	0	-0.0640569	
389	0.0013931	0.539192	0	-500	0	-0.0642847	
390	0.0013931	0.540585	0	-500	0	-0.064514	
391	0.0013931	0.541978	0	-500	0	-0.064745	
392	0.0013931	0.543371	0	-500	0	-0.0649775	
393	0.00139309	0.544764	0	-500	0	-0.0652115	
394	0.00139309	0.546157	0	-500	0	-0.0654471	
395	0.00139309	0.547551	0	-500	0	-0.0656842	
396	0.00139309	0.548944	0	-500	0	-0.0659227	
397	0.00139309	0.550337	0	-500	0	-0.0661627	
398	0.00139309	0.55173	0	-500	0	-0.0664042	
399	0.00139309	0.553123	0	-500	0	-0.066647	
400	0.00139309	0.554516	0	-500	0	-0.0668913	
401	0.00139309	0.555909	0	-500	0	-0.067137	
402	0.00139309	0.557302	0	-500	0	-0.0673841	
403	0.00139309	0.558695	0	-500	0	-0.0676325	
404	0.00139309	0.560088	0	-500	0	-0.0678823	
405	0.00139309	0.561481	0	-500	0	-0.0681335	
406	0.00139309	0.562875	0	-500	0	-0.068386	
407	0.00139309	0.564268	0	-500	0	-0.0686398	
408	0.00139309	0.565661	0	-500	0	-0.068895	
409	0.00139309	0.567054	0	-500	0	-0.0691514	
410	0.00139309	0.568447	0	-500	0	-0.0694092	
411	0.00139309	0.56984	0	-500	0	-0.0696683	
412	0.00139309	0.571233	0	-500	0	-0.0699286	
413	0.00139309	0.572626	0	-500	0	-0.0701902	
414	0.00139309	0.574019	0	-500	0	-0.0704531	
415	0.00139309	0.575412	0	-500	0	-0.0707171	
416	0.00139309	0.576805	0	-500	0	-0.0709825	
417	0.00139309	0.578199	0	-500	0	-0.071249	
418	0.00139309	0.579592	0	-500	0	-0.0715167	
419	0.00139309	0.580985	0	-500	0	-0.0717856	
420	0.00139309	0.582378	0	-500	0	-0.0720557	
421	0.00139309	0.583771	0	-500	0	-0.0723269	
422	0.00139309	0.585164	0	-500	0	-0.0725993	
423	0.00139309	0.586557	0	-500	0	-0.0728727	
424	0.00139309	0.58795	0	-500	0	-0.0731473	
425	0.00139309	0.589343	0	-500	0	-0.073423	
426	0.00139309	0.590736	0	-500	0	-0.0736998	
427	0.00139309	0.592129	0	-500	0	-0.0739776	
428	0.00139309	0.593522	0	-500	0	-0.0742566	
429	0.00139309	0.594916	0	-500	0	-0.0745366	
430	0.00139309	0.596309	0	-500	0	-0.0748177	
431	0.00139309	0.597702	0	-500	0	-0.0750998	
432	0.00139309	0.599095	0	-500	0	-0.075383	
433	0.00139309	0.600488	0	-500	0	-0.0756672	
434	0.00139309	0.601881	0	-500	0	-0.0759525	
435	0.00139309	0.603274	0	-500	0	-0.0762389	
436	0.00139309	0.604667	0	-500	0	-0.0765263	
437	0.00139309	0.60606	0	-500	0	-0.0768148	
438	0.00139308	0.607453	0	-500	0	-0.0771043	
439	0.00139308	0.608846	0	-500	0	-0.0773949	
440	0.00139308	0.61024	0	-500	0	-0.0776865	
441	0.00139308	0.611633	0	-500	0	-0.0779792	
442	0.00139308	0.613026	0	-500	0	-0.0782729	
443	0.00139307	0.614419	0	-500	0	-0.0785676	
444	0.00139307	0.615812	0	-500	0	-0.0788634	
445	0.00139307	0.617205	0	-500	0	-0.0791602	
446	0.00139307	0.618598	0	-500	0	-0.079458	
447	0.00139306	0.619991	0	-500	0	-0.0797568	
448	0.00139306	0.621384	0	-500	0	-0.0800566	
449	0.00139306	0.622777	0	-500	0	-0.0803573	
450	0.00139306	0.62417	0	-500	0	-0.0806591	
451	0.00139305	0.625563	0	-500	0	-0.0809618	
452	0.00139305	0.626956	0	-500	0	-0.0812655	
453	0.00139305	0.628349	0	-500	0	-0.0815701	
454	0.00139305	0.629742	0	-500	0	-0.0818756	
455	0.00139305	0.631136	0	-500	0	-0.082182	
456	0.00139304	0.632529	0	-500	0	-0.0824894	
457	0.00139304	0.633922	0	-500	0	-0.0827977	
458	0.00139304	0.635315	0	-500	0	-0.0831069	
459	0.00139304	0.636708	0	-500	0	-0.083417	
460	0.00139304	0.638101	0	-500	0	-0.083728	
461	0.00139304	0.639494	0	-500	0	-0.0840399	
462	0.00139302	0.640887	0	-500	0	-0.0843526	
463	0.001393	0.64228	0	-500	0	-0.0846663	
464	0.00139298	0.643673	0	-500	0	-0.0849808	
465	0.00139295	0.645066	0	-500	0	-0.0852963	
466	0.00139293	0.646459	0	-500	0	-0.0856126	
467	0.00139291	0.647852	0	-500	0	-0.0859297	
468	0.00139288	0.649245	0	-500	0	-0.0862478	
469	0.00139286	0.650637	0	-500	0	-0.0865667	
470	0.00139284	0.65203	0	-500	0	-0.0868865	
471	0.00139282	0.653423	0	-500	0	-0.0872071	
472	0.00139279	0.654816	0	-500	0	-0.0875286	
473	0.00139277	0.656209	0	-500	0	-0.0878509	
474	0.00139275	0.657602	0	-500	0	-0.088174	
475	0.00139273	0.658994	0	-500	0	-0.0884979	
476	0.00139271	0.660387	0	-500	0	-0.0888226	
477	0.00139268	0.66178	0	-500	0	-0.0891481	
478	0.00139266	0.663172	0	-500	0	-0.0894743	
479	0.00139264	0.664565	0	-500	0	-0.0898013	
480	0.00139261	0.665958	0	-500	0	-0.0901289	
481	0.00139259	0.66735	0	-500	0	-0.0904572	
482	0.00139257	0.668743	0	-500	0	-0.0907862	
483	0.00139254	0.670136	0	-500	0	-0.0911158	
484	0.00139252	0.671528	0	-500	0	-0.091446	
485	0.0013925	0.672921	0	-500	0	-0.0917768	
486	0.00139247	0.674313	0	-500	0	-0.0921082	
487	0.00139245	0.675706	0	-500	0	-0.0924401	
488	0.00139243	0.677098	0	-500	0	-0.0927726	
489	0.0013924	0.67849	0	-500	0	-0.0931055	
490	0.00139238	0.679883	0	-500	0	-0.093439	
491	0.00139236	0.681275	0	-500	0	-0.093773	
492	0.00139233	0.682668	0	-500	0	-0.0941074	
493	0.00139231	0.68406	0	-500	0	-0.0944423	
494	0.00139229	0.685452	0	-500	0	-0.0947777	
495	0.00139226	0.686844	0	-500	0	-0.0951136	
496	0.00139224	0.688237	0	-500	0	-0.0954499	
497	0.00139222	0.689629	0	-500	0	-0.0957868	
498	0.0013922	0.691021	0	-500	0	-0.0961241	
499	0.00139218	0.692413	0	-500	0	-0.096462	
500	0.00139216	0.693806	0	-500	0	-0.0968003	
501	0.00139215	0.695198	0	-500	0	-0.0971392	
502	0.00139213	0.69659	0	-500	0	-0.0974787	
503	0.00139211	0.697982	0	-500	0	-0.0978187	
504	0.0013921	0.699374	0	-500	0	-0.0981593	
505	0.00139208	0.700766	0	-500	0	-0.0985005	
506	0.00139207	0.702158	0	-500	0	-0.0988423	
507	0.00139205	0.70355	0	-500	0	-0.0991848	
508	0.00139204	0.704942	0	-500	0	-0.0995279	
509	0.00139202	0.706334	0	-500	0	-0.0998716	
510	0.00139201	0.707726	0	-500	0	-0.100216	
511	0.001392	0.709119	0	-500	0	-0.100561	
512	0.00139199	0.710511	0	-500	0	-0.100907	
513	0.00139198	0.711902	0	-500	0	-0.101253	
514	0.00139197	0.713294	0	-500	0	-0.101601	
515	0.00139196	0.714686	0	-500	0	-0.101948	
516	0.00139195	0.716078	0	-500	0	-0.102297	
517	0.00139194	0.71747	0	-500	0	-0.102646	
518	0.00139193	0.718862	0	-500	0	-0.102996	
519	0.00139192	0.720254	0	-500	0	-0.103347	
520	0.00139191	0.721646	0	-500	0	-0.103698	
521	0.0013919	0.723038	0	-500	0	-0.10405	
522	0.00139189	0.72443	0	-500	0	-0.104402	
523	0.00139188	0.725822	0	-500	0	-0.104755	
524	0.00139188	0.727214	0	-500	0	-0.105109	
525	0.00139187	0.728606	0	-500	0	-0.105463	
526	0.00139186	0.729997	0	-500	0	-0.105818	
527	0.00139185	0.731389	0	-500	0	-0.106173	
528	0.00139184	0.732781	0	-500	0	-0.106528	
529	0.00139184	0.734173	0	-500	0	-0.106884	
530	0.00139183	0.735565	0	-500	0	-0.10724	
531	0.00139183	0.736957	0	-500	0	-0.107597	
532	0.00139182	0.738349	0	-500	0	-0.107954	
533	0.00139181	0.73974	0	-500	0	-0.108311	
534	0.00139181	0.741132	0	-500	0	-0.108668	
535	0.00139181	0.742524	0	-500	0	-0.109026	
536	0.0013918	0.743916	0	-500	0	-0.109383	
537	0.0013918	0.745308	0	-500	0	-0.109741	
538	0.0013918	0.746699	0	-500	0	-0.110099	
539	0.0013918	0.748091	0	-500	0	-0.110457	
540	0.0013918	0.749483	0	-500	0	-0.110815	
541	0.0013918	0.750875	0	-500	0	-0.111173	
542	0.0013918	0.752267	0	-500	0	-0.111531	
543	0.0013918	0.753658	0	-500	0	-0.111889	
544	0.0013918	0.75505	0	-500	0	-0.112247	
545	0.0013918	0.756442	0	-500	0	-0.112605	
546	0.0013918	0.757834	0	-500	0	-0.112963	
547	0.00139181	0.759226	0	-500	0	-0.113322	
548	0.00139181	0.760617	0	-500	0	-0.11368	
549	0.00139182	0.762009	0	-500	0	-0.114038	
550	0.00139182	0.763401	0	-500	0	-0.114396	
551	0.00139183	0.764793	0	-500	0	-0.114755	
552	0.00139183	0.766185	0	-500	0	-0.115113	
553	0.00139184	0.767576	0	-500	0	-0.115472	
554	0.00139185	0.768968	0	-500	0	-0.115831	
555	0.00139185	0.77036	0	-500	0	-0.11619	
556	0.00139186	0.771752	0	-500	0	-0.116549	
557	0.00139187	0.773144	0	-500	0	-0.116909	
558	0.00139187	0.774536	0	-500	0	-0.117269	
559	0.00139188	0.775928	0	-500	0	-0.117629	
560	0.00139189	0.777319	0	-500	0	-0.11799	
561	0.00139189	0.778711	0	-500	0	-0.11835	
562	0.0013919	0.780103	0	-500	0	-0.118712	
563	0.00139191	0.781495	0	-500	0	-0.119073	
564	0.00139192	0.782887	0	-500	0	-0.119435	
565	0.00139192	0.784279	0	-500	0	-0.119798	
566	0.00139193	0.785671	0	-500	0	-0.120161	
567	0.00139194	0.787063	0	-500	0	-0.120524	
568	0.00139194	0.788455	0	-500	0	-0.120888	
569	0.00139195	0.789847	0	-500	0	-0.121252	
570	0.00139195	0.791239	0	-500	0	-0.121617	
571	0.00139196	0.792631	0	-500	0	-0.121982	
572	0.00139196	0.794023	0	-500	0	-0.122347	
573	0.00139197	0.795415	0	-500	0	-0.122713	
574	0.00139197	0.796807	0	-500	0	-0.123079	
575	0.00139198	0.798198	0	-500	0	-0.123445	
576	0.00139198	0.79959	0	-500	0	-0.123812	
577	0.00139199	0.800982	0	-500	0	-0.124179	
578	0.00139199	0.802374	0	-500	0	-0.124546	
579	0.001392	0.803766	0	-500	0	-0.124914	
580	0.001392	0.805158	0	-500	0	-0.125281	
581	0.001392	0.80655	0	-500	0	-0.125649	
582	0.00139201	0.807942	0	-500	0	-0.126017	
583	0.00139201	0.809334	0	-500	0	-0.126386	
584	0.00139201	0.810726	0	-500	0	-0.126754	
585	0.00139202	0.812118	0	-500	0	-0.127122	
586	0.00139202	0.81351	0	-500	0	-0.127491	
587	0.00139202	0.814902	0	-500	0	-0.12786	
588	0.00139202	0.816295	0	-500	0	-0.128228	
589	0.00139203	0.817687	0	-500	0	-0.128597	
590	0.00139203	0.819079	0	-500	0	-0.128966	
591	0.00139203	0.820471	0	-500	0	-0.129335	
592	0.00139203	0.821863	0	-500	0	-0.129703	
593	0.00139203	0.823255	0	-500	0	-0.130072	
594	0.00139203	0.824647	0	-500	0	-0.130441	
595	0.00139203	0.826039	0	-500	0	-0.130809	
596	0.00139203	0.827431	0	-500	0	-0.131178	
597	0.00139203	0.828823	0	-500	0	-0.131546	
598	0.00139202	0.830215	0	-500	0	-0.131915	
599	0.00139202	0.831607	0	-500	0	-0.132283	
600	0.00139202	0.832999	0	-500	0	-0.132651	
601	0.00139202	0.834391	0	-500	0	-0.133019	
602	0.00139201	0.835783	0	-500	0	-0.133386	
603	0.00139201	0.837175	0	-500	0	-0.133754	
604	0.001392	0.838567	0	-500	0	-0.134121	
605	0.001392	0.839959	0	-500	0	-0.134488	
606	0.00139199	0.841351	0	-500	0	-0.134855	
607	0.00139198	0.842743	0	-500	0	-0.135221	
608	0.00139198	0.844135	0	-500	0	-0.135587	
609	0.00139197	0.845527	0	-500	0	-0.135953	
610	0.00139196	0.846919	0	-500	0	-0.136319	
611	0.00139196	0.848311	0	-500	0	-0.136684	
612	0.00139195	0.849703	0	-500	0	-0.137049	
613	0.00139194	0.851095	0	-500	0	-0.137414	
614	0.00139193	0.852487	0	-500	0	-0.137779	
615	0.00139193	0.853879	0	-500	0	-0.138143	
616	0.00139192	0.85527	0	-500	0	-0.138507	
617	0.00139191	0.856662	0	-500	0	-0.138871	
618	0.0013919	0.858054	0	-500	0	-0.139235	
619	0.00139189	0.859446	0	-500	0	-0.139599	
620	0.00139189	0.860838	0	-500	0	-0.139963	
621	0.00139188	0.86223	0	-500	0	-0.140326	
622	0.00139187	0.863622	0	-500	0	-0.14069	
623	0.00139187	0.865014	0	-500	0	-0.141054	
624	0.00139186	0.866406	0	-500	0	-0.141419	
625	0.00139185	0.867797	0	-500	0	-0.141783	
626	0.00139184	0.869189	0	-500	0	-0.142148	
627	0.00139184	0.870581	0	-500	0	-0.142513	
628	0.00139183	0.871973	0	-500	0	-0.142878	
629	0.00139183	0.873365	0	-500	0	-0.143244	
630	0.00139182	0.874757	0	-500	0	-0.143611	
631	0.00139181	0.876148	0	-500	0	-0.143978	
632	0.00139181	0.87754	0	-500	0	-0.144345	
633	0.0013918	0.878932	0	-500	0	-0.144713	
634	0.0013918	0.880324	0	-500	0	-0.145082	
635	0.00139179	0.881716	0	-500	0	-0.145451	
636	0.00139179	0.883108	0	-500	0	-0.145821	
637	0.00139178	0.884499	0	-500	0	-0.146192	
638	0.00139178	0.885891	0	-500	0	-0.146563	
639	0.00139177	0.887283	0	-500	0	-0.146935	
640	0.00139177	0.888675	0	-500	0	-0.147307	
641	0.00139176	0.890066	0	-500	0	-0.14768	
642	0.00139175	0.891458	0	-500	0	-0.148054	
643	0.00139175	0.89285	0	-500	0	-0.148428	
644	0.00139174	0.894242	0	-500	0	-0.148803	
645	0.00139174	0.895633	0	-500	0	-0.149178	
646	0.00139173	0.897025	0	-500	0	-0.149554	
647	0.00139172	0.898417	0	-500	0	-0.14993	
648	0.00139172	0.899809	0	-500	0	-0.150307	
649	0.00139171	0.9012	0	-500	0	-0.150683	
650	0.0013917	0.902592	0	-500	0	-0.15106	
651	0.0013917	0.903984	0	-500	0	-0.151438	
652	0.00139169	0.905375	0	-500	0	-0.151815	
653	0.00139168	0.906767	0	-500	0	-0.152193	
654	0.00139167	0.908159	0	-500	0	-0.15257	
655	0.00139166	0.90955	0	-500	0	-0.152948	
656	0.00139166	0.910942	0	-500	0	-0.153326	
657	0.00139165	0.912334	0	-500	0	-0.153703	
658	0.00139164	0.913725	0	-500	0	-0.154081	
659	0.00139163	0.915117	0	-500	0	-0.154458	
660	0.00139162	0.916509	0	-500	0	-0.154835	
661	0.00139161	0.9179	0	-500	0	-0.155212	
662	0.00139159	0.919292	0	-500	0	-0.155589	
663	0.00139158	0.920684	0	-500	0	-0.155966	
664	0.00139157	0.922075	0	-500	0	-0.156342	
665	0.00139156	0.923467	0	-500	0	-0.156718	
666	0.00139154	0.924858	0	-500	0	-0.157093	
667	0.00139153	0.92625	0	-500	0	-0.157468	
668	0.00139152	0.927641	0	-500	0	-0.157843	
669	0.0013915	0.929033	0	-500	0	-0.158217	
670	0.00139149	0.930424	0	-500	0	-0.158591	
671	0.00139147	0.931816	0	-500	0	-0.158964	
672	0.00139146	0.933207	0	-500	0	-0.159336	
673	0.00139144	0.934599	0	-500	0	-0.159708	
674	0.00139143	0.93599	0	-500	0	-0.16008	
675	0.00139141	0.937382	0	-500	0	-0.16045	
676	0.00139139	0.938773	0	-500	0	-0.16082	
677	0.00139138	0.940164	0	-500	0	-0.16119	
678	0.00139136	0.941556	0	-500	0	-0.161558	
679	0.00139134	0.942947	0	-500	0	-0.161926	
680	0.00139133	0.944338	0	-500	0	-0.162294	
681	0.00139131	0.94573	0	-500	0	-0.16266	
682	0.0013913	0.947121	0	-500	0	-0.163026	
683	0.00139128	0.948512	0	-500	0	-0.163391	
684	0.00139126	0.949904	0	-500	0	-0.163755	
685	0.00139125	0.951295	0	-500	0	-0.164119	
686	0.00139123	0.952686	0	-500	0	-0.164481	
687	0.00139121	0.954077	0	-500	0	-0.164843	
688	0.0013912	0.955469	0	-500	0	-0.165204	
689	0.00139118	0.95686	0	-500	0	-0.165565	
690	0.00139117	0.958251	0	-500	0	-0.165924	
691	0.00139115	0.959642	0	-500	0	-0.166283	
692	0.00139114	0.961033	0	-500	0	-0.16664	
693	0.00139113	0.962425	0	-500	0	-0.166997	
694	0.00139111	0.963816	0	-500	0	-0.167354	
695	0.0013911	0.965207	0	-500	0	-0.167709	
696	0.00139109	0.966598	0	-500	0	-0.168063	
697	0.00139107	0.967989	0	-500	0	-0.168417	
698	0.00139106	0.96938	0	-500	0	-0.168769	
699	0.00139105	0.970771	0	-500	0	-0.169121	
700	0.00139104	0.972162	0	-500	0	-0.169471	
701	0.00139103	0.973553	0	-500	0	-0.169821	
702	0.00139102	0.974944	0	-500	0	-0.170169	
703	0.001391	0.976335	0	-500	0	-0.170516	
704	0.00139099	0.977726	0	-500	0	-0.170862	
705	0.00139098	0.979117	0	-500	0	-0.171207	
706	0.00139097	0.980508	0	-500	0	-0.171551	
707	0.00139096	0.981899	0	-500	0	-0.171893	
708	0.00139095	0.98329	0	-500	0	-0.172234	
709	0.00139094	0.984681	0	-500	0	-0.172574	
710	0.00139093	0.986072	0	-500	0	-0.172912	
711	0.00139092	0.987463	0	-500	0	-0.173248	
712	0.0013909	0.988854	0	-500	0	-0.173583	
713	0.00139089	0.990245	0	-500	0	-0.173916	
714	0.00139088	0.991636	0	-500	0	-0.174248	
715	0.00139087	0.993027	0	-500	0	-0.174578	
716	0.00139086	0.994417	0	-500	0	-0.174905	
717	0.00139084	0.995808	0	-500	0	-0.175231	
718	0.00139083	0.997199	0	-500	0	-0.175555	
719	0.00139082	0.99859	0	-500	0	-0.175878	
720	0.0013908	0.999981	0	-500	0	-0.176198	
721	0.00139079	1.00137	0	-500	0	-0.176516	
722	0.00139077	1.00276	0	-500	0	-0.176832	
723	0.00139076	1.00415	0	-500	0	-0.177146	
724	0.00139074	1.00554	0	-500	0	-0.177458	
725	0.00139073	1.00693	0	-500	0	-0.177768	
726	0.00139071	1.00833	0	-500	0	-0.178076	
727	0.0013907	1.00972	0	-500	0	-0.178382	
728	0.00139068	1.01111	0	-500	0	-0.178686	
729	0.00139066	1.0125	0	-500	0	-0.178989	
730	0.00139065	1.01389	0	-500	0	-0.179289	
731	0.00139063	1.01528	0	-500	0	-0.179588	
732	0.00139061	1.01667	0	-500	0	-0.179884	
733	0.0013906	1.01806	0	-500	0	-0.180179	
734	0.00139058	1.01945	0	-500	0	-0.180473	
735	0.00139056	1.02084	0	-500	0	-0.180764	
736	0.00139054	1.02223	0	-500	0	-0.181054	
737	0.00139053	1.02362	0	-500	0	-0.181343	
738	0.00139051	1.02501	0	-500	0	-0.18163	
739	0.00139049	1.0264	0	-500	0	-0.181915	
740	0.00139047	1.02779	0	-500	0	-0.1822	
741	0.00139045	1.02918	0	-500	0	-0.182483	
742	0.00139044	1.03057	0	-500	0	-0.182764	
743	0.00139042	1.03197	0	-500	0	-0.183045	
744	0.0013904	1.03336	0	-500	0	-0.183324	
745	0.00139039	1.03475	0	-500	0	-0.183602	
746	0.00139037	1.03614	0	-500	0	-0.183878	
747	0.00139035	1.03753	0	-500	0	-0.184154	
748	0.00139033	1.03892	0	-500	0	-0.184429	
749	0.00139032	1.04031	0	-500	0	-0.184702	
750	0.0013903	1.0417	0	-500	0	-0.184975	
751	0.00139028	1.04309	0	-500	0	-0.185246	
752	0.00139027	1.04448	0	-500	0	-0.185517	
753	0.00139025	1.04587	0	-500	0	-0.185786	
754	0.00139024	1.04726	0	-500	0	-0.186055	
755	0.00139022	1.04865	0	-500	0	-0.186323	
756	0.0013902	1.05004	0	-500	0	-0.186589	
757	0.00139019	1.05143	0	-500	0	-0.186855	
758	0.00139017	1.05282	0	-500	0	-0.18712	
759	0.00139016	1.05421	0	-500	0	-0.187384	
760	0.00139014	1.0556	0	-500	0	-0.187647	
761	0.00139013	1.05699	0	-500	0	-0.187909	
762	0.00139011	1.05838	0	-500	0	-0.18817	
763	0.00139009	1.05977	0	-500	0	-0.188431	
764	0.00139008	1.06116	0	-500	0	-0.188691	
765	0.00139006	1.06255	0	-500	0	-0.18895	
766	0.00139005	1.06394	0	-500	0	-0.189208	
767	0.00139003	1.06533	0	-500	0	-0.189466	
768	0.00139002	1.06672	0	-500	0	-0.189723	
769	0.00139	1.06811	0	-500	0	-0.189979	
770	0.00138999	1.0695	0	-500	0	-0.190235	
771	0.00138998	1.07089	0	-500	0	-0.19049	
772	0.00138996	1.07228	0	-500	0	-0.190745	
773	0.00138995	1.07367	0	-500	0	-0.190999	
774	0.00138993	1.07506	0	-500	0	-0.191252	
775	0.00138992	1.07645	0	-500	0	-0.191506	
776	0.0013899	1.07784	0	-500	0	-0.191758	
777	0.00138989	1.07923	0	-500	0	-0.192011	
778	0.00138988	1.08062	0	-500	0	-0.192263	
779	0.00138986	1.08201	0	-500	0	-0.192514	
780	0.00138985	1.0834	0	-500	0	-0.192766	
781	0.00138983	1.08479	0	-500	0	-0.193016	
782	0.00138982	1.08618	0	-500	0	-0.193267	
783	0.00138981	1.08757	0	-500	0	-0.193517	
784	0.00138979	1.08896	0	-500	0	-0.193766	
785	0.00138978	1.09035	0	-500	0	-0.194015	
786	0.00138976	1.09174	0	-500	0	-0.194264	
787	0.00138975	1.09313	0	-500	0	-0.194512	
788	0.00138974	1.09452	0	-500	0	-0.194759	
789	0.00138972	1.09591	0	-500	0	-0.195006	
790	0.00138971	1.0973	0	-500	0	-0.195253	
791	0.00138969	1.09869	0	-500	0	-0.195498	
792	0.00138968	1.10008	0	-500	0	-0.195744	
793	0.00138967	1.10147	0	-500	0	-0.195988	
794	0.00138965	1.10286	0	-500	0	-0.196232	
795	0.00138964	1.10425	0	-500	0	-0.196475	
796	0.00138962	1.10564	0	-500	0	-0.196717	
797	0.00138961	1.10703	0	-500	0	-0.196959	
798	0.00138959	1.10842	0	-500	0	-0.1972	
799	0.00138958	1.1098	0	-500	0	-0.19744	
800	0.00138957	1.11119	0	-500	0	-0.197679	
801	0.00138955	1.11258	0	-500	0	-0.197918	
802	0.00138954	1.11397	0	-500	0	-0.198156	
803	0.00138952	1.11536	0	-500	0	-0.198393	
804	0.00138951	1.11675	0	-500	0	-0.198629	
805	0.00138949	1.11814	0	-500	0	-0.198865	
806	0.00138948	1.11953	0	-500	0	-0.1991	
807	0.00138947	1.12092	0	-500	0	-0.199335	
808	0.00138945	1.12231	0	-500	0	-0.199569	
809	0.00138944	1.1237	0	-500	0	-0.199802	
810	0.00138943	1.12509	0	-500	0	-0.200035	
811	0.00138941	1.12648	0	-500	0	-0.200268	
812	0.0013894	1.12787	0	-500	0	-0.2005	
813	0.00138939	1.12926	0	-500	0	-0.200732	
814	0.00138937	1.13065	0	-500	0	-0.200963	
815	0.00138936	1.13204	0	-500	0	-0.201194	
816	0.00138935	1.13343	0	-500	0	-0.201425	
817	0.00138933	1.13481	0	-500	0	-0.201656	
818	0.00138932	1.1362	0	-500	0	-0.201887	
819	0.00138931	1.13759	0	-500	0	-0.202117	
820	0.0013893	1.13898	0	-500	0	-0.202348	
821	0.00138928	1.14037	0	-500	0	-0.202578	
822	0.00138927	1.14176	0	-500	0	-0.202809	
823	0.00138926	1.14315	0	-500	0	-0.203039	
824	0.00138924	1.14454	0	-500	0	-0.203269	
825	0.00138923	1.14593	0	-500	0	-0.2035	
826	0.00138922	1.14732	0	-500	0	-0.20373	
827	0.0013892	1.14871	0	-500	0	-0.20396	
828	0.00138919	1.1501	0	-500	0	-0.204191	
829	0.00138917	1.15149	0	-500	0	-0.204421	
830	0.00138916	1.15288	0	-500	0	-0.204651	
831	0.00138914	1.15426	0	-500	0	-0.204881	
832	0.00138913	1.15565	0	-500	0	-0.205112	
833	0.00138911	1.15704	0	-500	0	-0.205342	
834	0.00138909	1.15843	0	-500	0	-0.205572	
835	0.00138908	1.15982	0	-500	0	-0.205802	
836	0.00138906	1.16121	0	-500	0	-0.206032	
837	0.00138904	1.1626	0	-500	0	-0.206261	
838	0.00138902	1.16399	0	-500	0	-0.206491	
839	0.001389	1.16538	0	-500	0	-0.20672	
840	0.00138898	1.16677	0	-500	0	-0.20695	
841	0.00138896	1.16816	0	-500	0	-0.207179	
842	0.00138894	1.16954	0	-500	0	-0.207408	
843	0.00138892	1.17093	0	-500	0	-0.207636	
844	0.0013889	1.17232	0	-500	0	-0.207865	
845	0.00138888	1.17371	0	-500	0	-0.208093	
846	0.00138886	1.1751	0	-500	0	-0.208321	
847	0.00138884	1.17649	0	-500	0	-0.208549	
848	0.00138882	1.17788	0	-500	0	-0.208777	
849	0.00138879	1.17927	0	-500	0	-0.209004	
850	0.00138877	1.18066	0	-500	0	-0.209232	
851	0.00138875	1.18204	0	-500	0	-0.209459	
852	0.00138872	1.18343	0	-500	0	-0.209686	
853	0.0013887	1.18482	0	-500	0	-0.209912	
854	0.00138867	1.18621	0	-500	0	-0.210139	
855	0.00138865	1.1876	0	-500	0	-0.210365	
856	0.00138862	1.18899	0	-500	0	-0.210591	
857	0.0013886	1.19038	0	-500	0	-0.210817	
858	0.00138857	1.19176	0	-500	0	-0.211043	
859	0.00138855	1.19315	0	-500	0	-0.211268	
860	0.00138852	1.19454	0	-500	0	-0.211494	
861	0.0013885	1.19593	0	-500	0	-0.211719	
862	0.00138847	1.19732	0	-500	0	-0.211944	
863	0.00138844	1.19871	0	-500	0	-0.212168	
864	0.00138841	1.2001	0	-500	0	-0.212393	
865	0.00138839	1.20148	0	-500	0	-0.212617	
866	0.00138836	1.20287	0	-500	0	-0.212841	
867	0.00138833	1.20426	0	-500	0	-0.213064	
868	0.0013883	1.20565	0	-500	0	-0.213288	
869	0.00138828	1.20704	0	-500	0	-0.213511	
870	0.00138825	1.20843	0	-500	0	-0.213734	
871	0.00138822	1.20981	0	-500	0	-0.213956	
872	0.00138819	1.2112	0	-500	0	-0.214178	
873	0.00138816	1.21259	0	-500	0	-0.2144	
874	0.00138813	1.21398	0	-500	0	-0.214622	
875	0.0013881	1.21537	0	-500	0	-0.214843	
876	0.00138807	1.21675	0	-500	0	-0.215065	
877	0.00138804	1.21814	0	-500	0	-0.215285	
878	0.00138801	1.21953	0	-500	0	-0.215506	
879	0.00138798	1.22092	0	-500	0	-0.215726	
880	0.00138796	1.22231	0	-500	0	-0.215946	
881	0.00138793	1.22369	0	-500	0	-0.216166	
882	0.0013879	1.22508	0	-500	0	-0.216386	
883	0.00138787	1.22647	0	-500	0	-0.216605	
884	0.00138784	1.22786	0	-500	0	-0.216824	
885	0.00138781	1.22925	0	-500	0	-0.217043	
886	0.00138778	1.23063	0	-500	0	-0.217262	
887	0.00138775	1.23202	0	-500	0	-0.21748	
888	0.00138772	1.23341	0	-500	0	-0.217699	
889	0.00138769	1.2348	0	-500	0	-0.217917	
890	0.00138767	1.23619	0	-500	0	-0.218135	
891	0.00138764	1.23757	0	-500	0	-0.218353	
892	0.00138761	1.23896	0	-500	0	-0.218571	
893	0.00138758	1.24035	0	-500	0	-0.218789	
894	0.00138756	1.24174	0	-500	0	-0.219006	
895	0.00138753	1.24312	0	-500	0	-0.219224	
896	0.0013875	1.24451	0	-500	0	-0.219442	
897	0.00138748	1.2459	0	-500	0	-0.219659	
898	0.00138745	1.24729	0	-500	0	-0.219877	
899	0.00138743	1.24867	0	-500	0	-0.220094	
900	0.0013874	1.25006	0	-500	0	-0.220311	
901	0.00138738	1.25145	0	-500	0	-0.220529	
902	0.00138735	1.25284	0	-500	0	-0.220746	
903	0.00138733	1.25422	0	-500	0	-0.220963	
904	0.00138731	1.25561	0	-500	0	-0.22118	
905	0.00138728	1.257	0	-500	0	-0.221397	
906	0.00138726	1.25838	0	-500	0	-0.221614	
907	0.00138724	1.25977	0	-500	0	-0.221831	
908	0.00138722	1.26116	0	-500	0	-0.222048	
909	0.0013872	1.26255	0	-500	0	-0.222265	
910	0.00138718	1.26393	0	-500	0	-0.222481	
911	0.00138716	1.26532	0	-500	0	-0.222698	
912	0.00138714	1.26671	0	-500	0	-0.222915	
913	0.00138712	1.26809	0	-500	0	-0.223131	
914	0.0013871	1.26948	0	-500	0	-0.223347	
915	0.00138708	1.27087	0	-500	0	-0.223563	
916	0.00138707	1.27226	0	-500	0	-0.223779	
917	0.00138705	1.27364	0	-500	0	-0.223995	
918	0.00138703	1.27503	0	-500	0	-0.22421	
919	0.00138702	1.27642	0	-500	0	-0.224426	
920	0.001387	1.2778	0	-500	0	-0.224641	
921	0.00138699	1.27919	0	-500	0	-0.224856	
922	0.00138697	1.28058	0	-500	0	-0.225071	
923	0.00138696	1.28197	0	-500	0	-0.225286	
924	0.00138695	1.28335	0	-500	0	-0.2255	
925	0.00138694	1.28474	0	-500	0	-0.225714	
926	0.00138692	1.28613	0	-500	0	-0.225928	
927	0.00138691	1.28751	0	-500	0	-0.226142	
928	0.0013869	1.2889	0	-500	0	-0.226355	
929	0.00138689	1.29029	0	-500	0	-0.226568	
930	0.00138688	1.29167	0	-500	0	-0.22678	
931	0.00138687	1.29306	0	-500	0	-0.226992	
932	0.00138686	1.29445	0	-500	0	-0.227204	
933	0.00138685	1.29583	0	-500	0	-0.227416	
934	0.00138684	1.29722	0	-500	0	-0.227627	
935	0.00138684	1.29861	0	-500	0	-0.227837	
936	0.00138683	1.29999	0	-500	0	-0.228047	
937	0.00138682	1.30138	0	-500	0	-0.228257	
938	0.00138681	1.30277	0	-500	0	-0.228466	
939	0.0013868	1.30416	0	-500	0	-0.228675	
940	0.0013868	1.30554	0	-500	0	-0.228883	
941	0.00138679	1.30693	0	-500	0	-0.22909	
942	0.00138678	1.30832	0	-500	0	-0.229297	
943	0.00138678	1.3097	0	-500	0	-0.229504	
944	0.00138677	1.31109	0	-500	0	-0.22971	
945	0.00138677	1.31248	0	-500	0	-0.229915	
946	0.00138676	1.31386	0	-500	0	-0.23012	
947	0.00138675	1.31525	0	-500	0	-0.230324	
948	0.00138675	1.31664	0	-500	0	-0.230527	
949	0.00138674	1.31802	0	-500	0	-0.230731	
950	0.00138674	1.31941	0	-500	0	-0.230933	
951	0.00138673	1.3208	0	-500	0	-0.231135	
952	0.00138673	1.32218	0	-500	0	-0.231336	
953	0.00138672	1.32357	0	-500	0	-0.231537	
954	0.00138672	1.32496	0	-500	0	-0.231737	
955	0.00138671	1.32634	0	-500	0	-0.231937	
956	0.00138671	1.32773	0	-500	0	-0.232137	
957	0.0013867	1.32912	0	-500	0	-0.232336	
958	0.0013867	1.3305	0	-500	0	-0.232534	
959	0.00138669	1.33189	0	-500	0	-0.232732	
960	0.00138669	1.33328	0	-500	0	-0.23293	
961	0.00138668	1.33466	0	-500	0	-0.233128	
962	0.00138668	1.33605	0	-500	0	-0.233325	
963	0.00138668	1.33744	0	-500	0	-0.233521	
964	0.00138667	1.33882	0	-500	0	-0.233717	
965	0.00138667	1.34021	0	-500	0	-0.233913	
966	0.00138667	1.3416	0	-500	0	-0.234109	
967	0.00138666	1.34298	0	-500	0	-0.234304	
968	0.00138666	1.34437	0	-500	0	-0.234499	
969	0.00138666	1.34576	0	-500	0	-0.234694	
970	0.00138666	1.34714	0	-500	0	-0.234888	
971	0.00138666	1.34853	0	-500	0	-0.235082	
972	0.00138666	1.34992	0	-500	0	-0.235276	
973	0.00138665	1.3513	0	-500	0	-0.235469	
974	0.00138665	1.35269	0	-500	0	-0.235662	
975	0.00138665	1.35408	0	-500	0	-0.235854	
976	0.00138665	1.35546	0	-500	0	-0.236046	
977	0.00138665	1.35685	0	-500	0	-0.236237	
978	0.00138665	1.35824	0	-500	0	-0.236428	
979	0.00138665	1.35962	0	-500	0	-0.236619	
980	0.00138665	1.36101	0	-500	0	-0.236809	
981	0.00138666	1.3624	0	-500	0	-0.236998	
982	0.00138666	1.36378	0	-500	0	-0.237186	
983	0.00138666	1.36517	0	-500	0	-0.237374	
984	0.00138666	1.36656	0	-500	0	-0.237562	
985	0.00138666	1.36794	0	-500	0	-0.237748	
986	0.00138666	1.36933	0	-500	0	-0.237934	
987	0.00138667	1.37072	0	-500	0	-0.238119	
988	0.00138667	1.3721	0	-500	0	-0.238303	
989	0.00138667	1.37349	0	-500	0	-0.238487	
990	0.00138667	1.37488	0	-500	0	-0.23867	
991	0.00138668	1.37626	0	-500	0	-0.238852	
992	0.00138668	1.37765	0	-500	0	-0.239033	
993	0.00138668	1.37904	0	-500	0	-0.239214	
994	0.00138669	1.38042	0	-500	0	-0.239394	
995	0.00138669	1.38181	0	-500	0	-0.239573	
996	0.00138669	1.3832	0	-500	0	-0.239751	
997	0.0013867	1.38458	0	-500	0	-0.239929	
998	0.0013867	1.38597	0	-500	0	-0.240106	
999	0.0013867	1.38736	0	-500	0	-0.240283	
1000	0.00138671	1.38874	0	-500	0	-0.240458	
1001	0.00138671	1.39013	0	-500	0	-0.240634	
1002	0.00138671	1.39152	0	-500	0	-0.240808	
1003	0.00138672	1.3929	0	-500	0	-0.240983	
1004	0.00138672	1.39429	0	-500	0	-0.241156	
1005	0.00138672	1.39568	0	-500	0	-0.24133	
1006	0.00138672	1.39706	0	-500	0	-0.241503	
1007	0.00138673	1.39845	0	-500	0	-0.241675	
1008	0.00138673	1.39984	0	-500	0	-0.241848	
1009	0.00138673	1.40122	0	-500	0	-0.24202	
1010	0.00138674	1.40261	0	-500	0	-0.242192	
1011	0.00138674	1.404	0	-500	0	-0.242364	
1012	0.00138674	1.40538	0	-500	0	-0.242536	
1013	0.00138674	1.40677	0	-500	0	-0.242707	
1014	0.00138675	1.40816	0	-500	0	-0.242879	
1015	0.00138675	1.40954	0	-500	0	-0.24305	
1016	0.00138675	1.41093	0	-500	0	-0.243222	
1017	0.00138675	1.41232	0	-500	0	-0.243394	
1018	0.00138676	1.4137	0	-500	0	-0.243566	
1019	0.00138676	1.41509	0	-500	0	-0.243738	
1020	0.00138676	1.41648	0	-500	0	-0.24391	
1021	0.00138676	1.41787	0	-500	0	-0.244082	
1022	0.00138676	1.41925	0	-500	0	-0.244255	
1023	0.00138676	1.42064	0	-500	0	-0.244428	
1024	0.00138677	1.42203	0	-500	0	-0.244601	
1025	0.00138677	1.42341	0	-500	0	-0.244774	
1026	0.00138677	1.4248	0	-500	0	-0.244948	
1027	0.00138677	1.42619	0	-500	0	-0.245122	
1028	0.00138677	1.42757	0	-500	0	-0.245296	
1029	0.00138677	1.42896	0	-500	0	-0.245471	
1030	0.00138678	1.43035	0	-500	0	-0.245646	
1031	0.00138678	1.43173	0	-500	0	-0.245821	
1032	0.00138678	1.43312	0	-500	0	-0.245997	
1033	0.00138678	1.43451	0	-500	0	-0.246173	
1034	0.00138678	1.43589	0	-500	0	-0.246349	
1035	0.00138679	1.43728	0	-500	0	-0.246526	
1036	0.00138679	1.43867	0	-500	0	-0.246704	
1037	0.00138679	1.44005	0	-500	0	-0.246881	
1038	0.00138679	1.44144	0	-500	0	-0.247059	
1039	0.00138679	1.44283	0	-500	0	-0.247238	
1040	0.0013868	1.44421	0	-500	0	-0.247416	
1041	0.0013868	1.4456	0	-500	0	-0.247595	
1042	0.0013868	1.44699	0	-500	0	-0.247775	
1043	0.00138681	1.44837	0	-500	0	-0.247954	
1044	0.00138681	1.44976	0	-500	0	-0.248134	
1045	0.00138682	1.45115	0	-500	0	-0.248315	
1046	0.00138682	1.45253	0	-500	0	-0.248495	
1047	0.00138682	1.45392	0	-500	0	-0.248676	
1048	0.00138683	1.45531	0	-500	0	-0.248857	
1049	0.00138683	1.4567	0	-500	0	-0.249038	
1050	0.00138684	1.45808	0	-500	0	-0.24922	
1051	0.00138684	1.45947	0	-500	0	-0.249401	
1052	0.00138685	1.46086	0	-500	0	-0.249583	
1053	0.00138685	1.46224	0	-500	0	-0.249764	
1054	0.00138686	1.46363	0	-500	0	-0.249946	
1055	0.00138686	1.46502	0	-500	0	-0.250127	
1056	0.00138687	1.4664	0	-500	0	-0.250309	
1057	0.00138687	1.46779	0	-500	0	-0.250491	
1058	0.00138688	1.46918	0	-500	0	-0.250672	
1059	0.00138688	1.47056	0	-500	0	-0.250854	
1060	0.00138689	1.47195	0	-500	0	-0.251035	
1061	0.00138689	1.47334	0	-500	0	-0.251216	
1062	0.0013869	1.47472	0	-500	0	-0.251397	
1063	0.0013869	1.47611	0	-500	0	-0.251577	
1064	0.00138691	1.4775	0	-500	0	-0.251757	
1065	0.00138691	1.47889	0	-500	0	-0.251937	
1066	0.00138691	1.48027	0	-500	0	-0.252117	
1067	0.00138692	1.48166	0	-500	0	-0.252296	
1068	0.00138692	1.48305	0	-500	0	-0.252475	
1069	0.00138693	1.48443	0	-500	0	-0.252653	
1070	0.00138693	1.48582	0	-500	0	-0.252831	
1071	0.00138693	1.48721	0	-500	0	-0.253009	
1072	0.00138694	1.48859	0	-500	0	-0.253186	
1073	0.00138694	1.48998	0	-500	0	-0.253362	
1074	0.00138694	1.49137	0	-500	0	-0.253538	
1075	0.00138694	1.49275	0	-500	0	-0.253713	
1076	0.00138695	1.49414	0	-500	0	-0.253888	
1077	0.00138695	1.49553	0	-500	0	-0.254062	
1078	0.00138695	1.49692	0	-500	0	-0.254235	
1079	0.00138695	1.4983	0	-500	0	-0.254407	
1080	0.00138695	1.49969	0	-500	0	-0.254579	
1081	0.00138695	1.50108	0	-500	0	-0.25475	
1082	0.00138696	1.50246	0	-500	0	-0.25492	
1083	0.00138696	1.50385	0	-500	0	-0.25509	
1084	0.00138696	1.50524	0	-500	0	-0.255258	
1085	0.00138696	1.50662	0	-500	0	-0.255425	
1086	0.00138696	1.50801	0	-500	0	-0.255592	
1087	0.00138696	1.5094	0	-500	0	-0.255757	
1088	0.00138696	1.51078	0	-500	0	-0.255922	
1089	0.00138696	1.51217	0	-500	0	-0.256085	
1090	0.00138696	1.51356	0	-500	0	-0.256247	
1091	0.00138696	1.51495	0	-500	0	-0.256408	
1092	0.00138697	1.51633	0	-500	0	-0.256568	
1093	0.00138697	1.51772	0	-500	0	-0.256727	
1094	0.00138697	1.51911	0	-500	0	-0.256885	
1095	0.00138697	1.52049	0	-500	0	-0.257041	
1096	0.00138697	1.52188	0	-500	0	-0.257196	
1097	0.00138697	1.52327	0	-500	0	-0.25735	
1098	0.00138697	1.52465	0	-500	0	-0.257502	
1099	0.00138698	1.52604	0	-500	0	-0.257653	
1100	0.00138698	1.52743	0	-500	0	-0.257803	
1101	0.00138698	1.52882	0	-500	0	-0.257952	
1102	0.00138698	1.5302	0	-500	0	-0.258099	
1103	0.00138698	1.53159	0	-500	0	-0.258244	
1104	0.00138699	1.53298	0	-500	0	-0.258388	
1105	0.00138699	1.53436	0	-500	0	-0.258531	
1106	0.00138699	1.53575	0	-500	0	-0.258673	
1107	0.001387	1.53714	0	-500	0	-0.258813	
1108	0.001387	1.53852	0	-500	0	-0.258952	
1109	0.001387	1.53991	0	-500	0	-0.259089	
1110	0.001387	1.5413	0	-500	0	-0.259225	
1111	0.00138701	1.54269	0	-500	0	-0.259359	
1112	0.00138701	1.54407	0	-500	0	-0.259492	
1113	0.00138701	1.54546	0	-500	0	-0.259624	
1114	0.00138702	1.54685	0	-500	0	-0.259754	
1115	0.00138702	1.54823	0	-500	0	-0.259883	
1116	0.00138702	1.54962	0	-500	0	-0.26001	
1117	0.00138703	1.55101	0	-500	0	-0.260136	
1118	0.00138703	1.55239	0	-500	0	-0.260261	
1119	0.00138703	1.55378	0	-500	0	-0.260384	
1120	0.00138703	1.55517	0	-500	0	-0.260506	
1121	0.00138704	1.55656	0	-500	0	-0.260626	
1122	0.00138704	1.55794	0	-500	0	-0.260745	
1123	0.00138704	1.55933	0	-500	0	-0.260862	
1124	0.00138704	1.56072	0	-500	0	-0.260978	
1125	0.00138704	1.5621	0	-500	0	-0.261092	
1126	0.00138704	1.56349	0	-500	0	-0.261204	
1127	0.00138705	1.56488	0	-500	0	-0.261315	
1128	0.00138705	1.56626	0	-500	0	-0.261425	
1129	0.00138705	1.56765	0	-500	0	-0.261533	
1130	0.00138705	1.56904	0	-500	0	-0.261639	
1131	0.00138705	1.57043	0	-500	0	-0.261743	
1132	0.00138705	1.57181	0	-500	0	-0.261846	
1133	0.00138705	1.5732	0	-500	0	-0.261947	
1134	0.00138705	1.57459	0	-500	0	-0.262046	
1135	0.00138705	1.57597	0	-500	0	-0.262144	
1136	0.00138705	1.57736	0	-500	0	-0.26224	
1137	0.00138704	1.57875	0	-500	0	-0.262334	
1138	0.00138704	1.58014	0	-500	0	-0.262426	
1139	0.00138704	1.58152	0	-500	0	-0.262516	
1140	0.00138704	1.58291	0	-500	0	-0.262605	
1141	0.00138704	1.5843	0	-500	0	-0.262691	
1142	0.00138704	1.58568	0	-500	0	-0.262776	
1143	0.00138704	1.58707	0	-500	0	-0.262859	
1144	0.00138703	1.58846	0	-500	0	-0.26294	
1145	0.00138703	1.58984	0	-500	0	-0.26302	
1146	0.00138703	1.59123	0	-500	0	-0.263097	
1147	0.00138703	1.59262	0	-500	0	-0.263173	
1148	0.00138703	1.59401	0	-500	0	-0.263247	
1149	0.00138703	1.59539	0	-500	0	-0.263319	
1150	0.00138702	1.59678	0	-500	0	-0.263389	
1151	0.00138702	1.59817	0	-500	0	-0.263457	
1152	0.00138702	1.59955	0	-500	0	-0.263524	
1153	0.00138702	1.60094	0	-500	0	-0.263589	
1154	0.00138702	1.60233	0	-500	0	-0.263652	
1155	0.00138702	1.60371	0	-500	0	-0.263714	
1156	0.00138702	1.6051	0	-500	0	-0.263774	
1157	0.00138702	1.60649	0	-500	0	-0.263832	
1158	0.00138702	1.60788	0	-500	0	-0.263889	
1159	0.00138702	1.60926	0	-500	0	-0.263944	
1160	0.00138702	1.61065	0	-500	0	-0.263998	
1161	0.00138702	1.61204	0	-500	0	-0.26405	
1162	0.00138702	1.61342	0	-500	0	-0.264101	
1163	0.00138702	1.61481	0	-500	0	-0.26415	
1164	0.00138702	1.6162	0	-500	0	-0.264197	
1165	0.00138702	1.61759	0	-500	0	-0.264243	
1166	0.00138703	1.61897	0	-500	0	-0.264288	
1167	0.00138703	1.62036	0	-500	0	-0.264331	
1168	0.00138703	1.62175	0	-500	0	-0.264373	
1169	0.00138703	1.62313	0	-500	0	-0.264414	
1170	0.00138704	1.62452	0	-500	0	-0.264453	
1171	0.00138704	1.62591	0	-500	0	-0.26449	
1172	0.00138704	1.62729	0	-500	0	-0.264526	
1173	0.00138705	1.62868	0	-500	0	-0.264561	
1174	0.00138705	1.63007	0	-500	0	-0.264595	
1175	0.00138706	1.63146	0	-500	0	-0.264627	
1176	0.00138706	1.63284	0	-500	0	-0.264657	
1177	0.00138707	1.63423	0	-500	0	-0.264686	
1178	0.00138708	1.63562	0	-500	0	-0.264714	
1179	0.00138708	1.637	0	-500	0	-0.26474	
1180	0.00138709	1.63839	0	-500	0	-0.264765	
1181	0.0013871	1.63978	0	-500	0	-0.264789	
1182	0.0013871	1.64116	0	-500	0	-0.26481	
1183	0.00138711	1.64255	0	-500	0	-0.264831	
1184	0.00138712	1.64394	0	-500	0	-0.26485	
1185	0.00138713	1.64533	0	-500	0	-0.264867	
1186	0.00138713	1.64671	0	-500	0	-0.264883	
1187	0.00138714	1.6481	0	-500	0	-0.264898	
1188	0.00138715	1.64949	0	-500	0	-0.264911	
1189	0.00138716	1.65087	0	-500	0	-0.264922	
1190	0.00138717	1.65226	0	-500	0	-0.264932	
1191	0.00138718	1.65365	0	-500	0	-0.264941	
1192	0.00138719	1.65504	0	-500	0	-0.264948	
1193	0.00138719	1.65642	0	-500	0	-0.264953	
1194	0.0013872	1.65781	0	-500	0	-0.264956	
1195	0.00138721	1.6592	0	-500	0	-0.264959	
1196	0.00138722	1.66059	0	-500	0	-0.264959	
1197	0.00138723	1.66197	0	-500	0	-0.264958	
1198	0.00138724	1.66336	0	-500	0	-0.264955	
1199	0.00138725	1.66475	0	-500	0	-0.264951	
1200	0.00138726	1.66613	0	-500	0	-0.264945	
1201	0.00138727	1.66752	0	-500	0	-0.264938	
1202	0.00138728	1.66891	0	-500	0	-0.264929	
1203	0.00138729	1.6703	0	-500	0	-0.264918	
1204	0.0013873	1.67168	0	-500	0	-0.264906	
1205	0.00138731	1.67307	0	-500	0	-0.264893	
1206	0.00138732	1.67446	0	-500	0	-0.264877	
1207	0.00138733	1.67585	0	-500	0	-0.264861	
1208	0.00138733	1.67723	0	-500	0	-0.264842	
1209	0.00138734	1.67862	0	-500	0	-0.264823	
1210	0.00138735	1.68001	0	-500	0	-0.264801	
1211	0.00138736	1.68139	0	-500	0	-0.264779	
1212	0.00138737	1.68278	0	-500	0	-0.264755	
1213	0.00138738	1.68417	0	-500	0	-0.264729	
1214	0.00138738	1.68556	0	-500	0	-0.264702	
1215	0.00138739	1.68694	0	-500	0	-0.264674	
1216	0.0013874	1.68833	0	-500	0	-0.264645	
1217	0.00138741	1.68972	0	-500	0	-0.264614	
1218	0.00138741	1.69111	0	-500	0	-0.264582	
1219	0.00138742	1.69249	0	-500	0	-0.264548	
1220	0.00138743	1.69388	0	-500	0	-0.264514	
1221	0.00138743	1.69527	0	-500	0	-0.264478	
1222	0.00138744	1.69666	0	-500	0	-0.264441	
1223	0.00138744	1.69804	0	-500	0	-0.264403	
1224	0.00138744	1.69943	0	-500	0	-0.264363	
1225	0.00138745	1.70082	0	-500	0	-0.264323	
1226	0.00138745	1.70221	0	-500	0	-0.264282	
1227	0.00138745	1.70359	0	-500	0	-0.264239	
1228	0.00138746	1.70498	0	-500	0	-0.264195	
1229	0.00138746	1.70637	0	-500	0	-0.264151	
1230	0.00138746	1.70776	0	-500	0	-0.264105	
1231	0.00138746	1.70914	0	-500	0	-0.264058	
1232	0.00138746	1.71053	0	-500	0	-0.264011	
1233	0.00138746	1.71192	0	-500	0	-0.263962	
1234	0.00138746	1.71331	0	-500	0	-0.263912	
1235	0.00138746	1.71469	0	-500	0	-0.263861	
1236	0.00138746	1.71608	0	-500	0	-0.26381	
1237	0.00138746	1.71747	0	-500	0	-0.263757	
1238	0.00138746	1.71886	0	-500	0	-0.263703	
1239	0.00138745	1.72024	0	-500	0	-0.263648	
1240	0.00138745	1.72163	0	-500	0	-0.263592	
1241	0.00138745	1.72302	0	-500	0	-0.263535	
1242	0.00138744	1.7244	0	-500	0	-0.263477	
1243	0.00138744	1.72579	0	-500	0	-0.263418	
1244	0.00138744	1.72718	0	-500	0	-0.263358	
1245	0.00138743	1.72857	0	-500	0	-0.263296	
1246	0.00138743	1.72995	0	-500	0	-0.263234	
1247	0.00138742	1.73134	0	-500	0	-0.26317	
1248	0.00138741	1.73273	0	-500	0	-0.263106	
1249	0.00138741	1.73412	0	-500	0	-0.26304	
1250	0.0013874	1.7355	0	-500	0	-0.262973	
1251	0.0013874	1.73689	0	-500	0	-0.262904	
1252	0.00138739	1.73828	0	-500	0	-0.262835	
1253	0.00138738	1.73967	0	-500	0	-0.262765	
1254	0.00138737	1.74105	0	-500	0	-0.262693	
1255	0.00138737	1.74244	0	-500	0	-0.26262	
1256	0.00138736	1.74383	0	-500	0	-0.262546	
1257	0.00138735	1.74522	0	-500	0	-0.262471	
1258	0.00138734	1.7466	0	-500	0	-0.262395	
1259	0.00138733	1.74799	0	-500	0	-0.262317	
1260	0.00138733	1.74938	0	-500	0	-0.262239	
1261	0.00138732	1.75077	0	-500	0	-0.262159	
1262	0.00138731	1.75215	0	-500	0	-0.262079	
1263	0.0013873	1.75354	0	-500	0	-0.261997	
1264	0.00138729	1.75493	0	-500	0	-0.261914	
1265	0.00138728	1.75631	0	-500	0	-0.26183	
1266	0.00138727	1.7577	0	-500	0	-0.261746	
1267	0.00138726	1.75909	0	-500	0	-0.26166	
1268	0.00138725	1.76048	0	-500	0	-0.261573	
1269	0.00138724	1.76186	0	-500	0	-0.261486	
1270	0.00138723	1.76325	0	-500	0	-0.261397	
1271	0.00138722	1.76464	0	-500	0	-0.261308	
1272	0.00138721	1.76603	0	-500	0	-0.261217	
1273	0.00138719	1.76741	0	-500	0	-0.261126	
1274	0.00138718	1.7688	0	-500	0	-0.261034	
1275	0.00138717	1.77019	0	-500	0	-0.260942	
1276	0.00138716	1.77157	0	-500	0	-0.260848	
1277	0.00138715	1.77296	0	-500	0	-0.260754	
1278	0.00138713	1.77435	0	-500	0	-0.260658	
1279	0.00138712	1.77574	0	-500	0	-0.260563	
1280	0.00138711	1.77712	0	-500	0	-0.260466	
1281	0.0013871	1.77851	0	-500	0	-0.260368	
1282	0.00138708	1.7799	0	-500	0	-0.26027	
1283	0.00138707	1.78128	0	-500	0	-0.260171	
1284	0.00138706	1.78267	0	-500	0	-0.260072	
1285	0.00138704	1.78406	0	-500	0	-0.259971	
1286	0.00138703	1.78545	0	-500	0	-0.25987	
1287	0.00138702	1.78683	0	-500	0	-0.259768	
1288	0.001387	1.78822	0	-500	0	-0.259666	
1289	0.00138699	1.78961	0	-500	0	-0.259563	
1290	0.00138698	1.79099	0	-500	0	-0.259459	
1291	0.00138696	1.79238	0	-500	0	-0.259354	
1292	0.00138695	1.79377	0	-500	0	-0.259249	
1293	0.00138694	1.79515	0	-500	0	-0.259143	
1294	0.00138692	1.79654	0	-500	0	-0.259036	
1295	0.00138691	1.79793	0	-500	0	-0.258929	
1296	0.00138689	1.79931	0	-500	0	-0.25882	
1297	0.00138688	1.8007	0	-500	0	-0.258712	
1298	0.00138687	1.80209	0	-500	0	-0.258602	
1299	0.00138685	1.80348	0	-500	0	-0.258492	
1300	0.00138684	1.80486	0	-500	0	-0.258381	
1301	0.00138682	1.80625	0	-500	0	-0.258269	
1302	0.00138681	1.80764	0	-500	0	-0.258157	
1303	0.0013868	1.80902	0	-500	0	-0.258044	
1304	0.00138678	1.81041	0	-500	0	-0.257931	
1305	0.00138677	1.8118	0	-500	0	-0.257816	
1306	0.00138676	1.81318	0	-500	0	-0.257701	
1307	0.00138674	1.81457	0	-500	0	-0.257586	
1308	0.00138673	1.81596	0	-500	0	-0.25747	
1309	0.00138672	1.81734	0	-500	0	-0.257353	
1310	0.00138671	1.81873	0	-500	0	-0.257235	
1311	0.0013867	1.82012	0	-500	0	-0.257117	
1312	0.00138668	1.8215	0	-500	0	-0.256999	
1313	0.00138667	1.82289	0	-500	0	-0.256879	
1314	0.00138666	1.82428	0	-500	0	-0.256759	
1315	0.00138665	1.82566	0	-500	0	-0.256639	
1316	0.00138664	1.82705	0	-500	0	-0.256518	
1317	0.00138663	1.82844	0	-500	0	-0.256396	
1318	0.00138662	1.82982	0	-500	0	-0.256274	
1319	0.00138661	1.83121	0	-500	0	-0.256151	
1320	0.0013866	1.8326	0	-500	0	-0.256027	
1321	0.00138659	1.83398	0	-500	0	-0.255903	
1322	0.00138658	1.83537	0	-500	0	-0.255778	
1323	0.00138657	1.83676	0	-500	0	-0.255653	
1324	0.00138656	1.83814	0	-500	0	-0.255527	
1325	0.00138656	1.83953	0	-500	0	-0.2554	
1326	0.00138655	1.84092	0	-500	0	-0.255273	
1327	0.00138654	1.8423	0	-500	0	-0.255145	
1328	0.00138653	1.84369	0	-500	0	-0.255016	
1329	0.00138653	1.84508	0	-500	0	-0.254886	
1330	0.00138652	1.84646	0	-500	0	-0.254756	
1331	0.00138651	1.84785	0	-500	0	-0.254626	
1332	0.00138651	1.84924	0	-500	0	-0.254494	
1333	0.0013865	1.85062	0	-500	0	-0.254362	
1334	0.00138649	1.85201	0	-500	0	-0.254229	
1335	0.00138649	1.85339	0	-500	0	-0.254095	
1336	0.00138648	1.85478	0	-500	0	-0.25396	
1337	0.00138648	1.85617	0	-500	0	-0.253824	
1338	0.00138647	1.85755	0	-500	0	-0.253688	
1339	0.00138647	1.85894	0	-500	0	-0.25355	
1340	0.00138646	1.86033	0	-500	0	-0.253412	
1341	0.00138646	1.86171	0	-500	0	-0.253273	
1342	0.00138645	1.8631	0	-500	0	-0.253133	
1343	0.00138645	1.86449	0	-500	0	-0.252991	
1344	0.00138645	1.86587	0	-500	0	-0.252849	
1345	0.00138644	1.86726	0	-500	0	-0.252706	
1346	0.00138644	1.86865	0	-500	0	-0.252561	
1347	0.00138643	1.87003	0	-500	0	-0.252416	
1348	0.00138643	1.87142	0	-500	0	-0.252269	
1349	0.00138643	1.87281	0	-500	0	-0.252121	
1350	0.00138642	1.87419	0	-500	0	-0.251972	
1351	0.00138642	1.87558	0	-500	0	-0.251822	
1352	0.00138642	1.87696	0	-500	0	-0.251671	
1353	0.00138641	1.87835	0	-500	0	-0.251518	
1354	0.00138641	1.87974	0	-500	0	-0.251365	
1355	0.00138641	1.88112	0	-500	0	-0.25121	
1356	0.0013864	1.88251	0	-500	0	-0.251054	
1357	0.0013864	1.8839	0	-500	0	-0.250896	
1358	0.0013864	1.88528	0	-500	0	-0.250737	
1359	0.00138639	1.88667	0	-500	0	-0.250578	
1360	0.00138639	1.88806	0	-500	0	-0.250416	
1361	0.00138639	1.88944	0	-500	0	-0.250254	
1362	0.00138639	1.89083	0	-500	0	-0.25009	
1363	0.00138639	1.89221	0	-500	0	-0.249926	
1364	0.00138638	1.8936	0	-500	0	-0.24976	
1365	0.00138638	1.89499	0	-500	0	-0.249593	
1366	0.00138638	1.89637	0	-500	0	-0.249424	
1367	0.00138638	1.89776	0	-500	0	-0.249255	
1368	0.00138638	1.89915	0	-500	0	-0.249084	
1369	0.00138638	1.90053	0	-500	0	-0.248912	
1370	0.00138637	1.90192	0	-500	0	-0.248739	
1371	0.00138637	1.90331	0	-500	0	-0.248566	
1372	0.00138637	1.90469	0	-500	0	-0.248391	
1373	0.00138637	1.90608	0	-500	0	-0.248215	
1374	0.00138637	1.90747	0	-500	0	-0.248038	
1375	0.00138637	1.90885	0	-500	0	-0.24786	
1376	0.00138637	1.91024	0	-500	0	-0.247681	
1377	0.00138637	1.91162	0	-500	0	-0.247501	
1378	0.00138637	1.91301	0	-500	0	-0.24732	
1379	0.00138637	1.9144	0	-500	0	-0.247139	
1380	0.00138637	1.91578	0	-500	0	-0.246956	
1381	0.00138638	1.91717	0	-500	0	-0.246773	
1382	0.00138638	1.91856	0	-500	0	-0.246589	
1383	0.00138638	1.91994	0	-500	0	-0.246404	
1384	0.00138638	1.92133	0	-500	0	-0.246219	
1385	0.00138638	1.92272	0	-500	0	-0.246033	
1386	0.00138639	1.9241	0	-500	0	-0.245846	
1387	0.00138639	1.92549	0	-500	0	-0.245658	
1388	0.00138639	1.92687	0	-500	0	-0.24547	
1389	0.00138639	1.92826	0	-500	0	-0.245281	
1390	0.0013864	1.92965	0	-500	0	-0.245091	
1391	0.0013864	1.93103	0	-500	0	-0.244901	
1392	0.0013864	1.93242	0	-500	0	-0.24471	
1393	0.00138641	1.93381	0	-500	0	-0.244519	
1394	0.00138641	1.93519	0	-500	0	-0.244327	
1395	0.00138642	1.93658	0	-500	0	-0.244135	
1396	0.00138642	1.93797	0	-500	0	-0.243942	
1397	0.00138643	1.93935	0	-500	0	-0.243749	
1398	0.00138643	1.94074	0	-500	0	-0.243555	
1399	0.00138644	1.94212	0	-500	0	-0.243361	
1400	0.00138645	1.94351	0	-500	0	-0.243166	
1401	0.00138645	1.9449	0	-500	0	-0.242971	
1402	0.00138646	1.94628	0	-500	0	-0.242775	
1403	0.00138647	1.94767	0	-500	0	-0.24258	
1404	0.00138647	1.94906	0	-500	0	-0.242384	
1405	0.00138648	1.95044	0	-500	0	-0.242187	
1406	0.00138649	1.95183	0	-500	0	-0.241991	
1407	0.0013865	1.95322	0	-500	0	-0.241794	
1408	0.0013865	1.9546	0	-500	0	-0.241596	
1409	0.00138651	1.95599	0	-500	0	-0.241399	
1410	0.00138652	1.95738	0	-500	0	-0.241202	
1411	0.00138653	1.95876	0	-500	0	-0.241004	
1412	0.00138654	1.96015	0	-500	0	-0.240806	
1413	0.00138654	1.96154	0	-500	0	-0.240608	
1414	0.00138655	1.96292	0	-500	0	-0.240411	
1415	0.00138656	1.96431	0	-500	0	-0.240213	
1416	0.00138657	1.9657	0	-500	0	-0.240015	
1417	0.00138658	1.96708	0	-500	0	-0.239817	
1418	0.00138659	1.96847	0	-500	0	-0.239619	
1419	0.00138659	1.96986	0	-500	0	-0.239421	
1420	0.0013866	1.97124	0	-500	0	-0.239224	
1421	0.00138661	1.97263	0	-500	0	-0.239026	
1422	0.00138662	1.97401	0	-500	0	-0.238829	
1423	0.00138663	1.9754	0	-500	0	-0.238632	
1424	0.00138664	1.97679	0	-500	0	-0.238435	
1425	0.00138665	1.97817	0	-500	0	-0.238238	
1426	0.00138665	1.97956	0	-500	0	-0.238042	
1427	0.00138666	1.98095	0	-500	0	-0.237846	
1428	0.00138667	1.98233	0	-500	0	-0.23765	
1429	0.00138668	1.98372	0	-500	0	-0.237454	
1430	0.00138669	1.98511	0	-500	0	-0.237259	
1431	0.0013867	1.98649	0	-500	0	-0.237065	
1432	0.00138671	1.98788	0	-500	0	-0.23687	
1433	0.00138671	1.98927	0	-500	0	-0.236676	
1434	0.00138672	1.99065	0	-500	0	-0.236483	
1435	0.00138673	1.99204	0	-500	0	-0.236289	
1436	0.00138674	1.99343	0	-500	0	-0.236097	
1437	0.00138675	1.99482	0	-500	0	-0.235904	
1438	0.00138676	1.9962	0	-500	0	-0.235713	
1439	0.00138677	1.99759	0	-500	0	-0.235521	
1440	0.00138678	1.99898	0	-500	0	-0.23533	
1441	0.00138679	2.00036	0	-500	0	-0.23514	
1442	0.0013868	2.00175	0	-500	0	-0.23495	
1443	0.00138681	2.00314	0	-500	0	-0.23476	
1444	0.00138682	2.00452	0	-500	0	-0.234571	
1445	0.00138683	2.00591	0	-500	0	-0.234382	
1446	0.00138684	2.0073	0	-500	0	-0.234194	
1447	0.00138685	2.00868	0	-500	0	-0.234006	
1448	0.00138686	2.01007	0	-500	0	-0.233819	
1449	0.00138687	2.01146	0	-500	0	-0.233632	
1450	0.00138689	2.01284	0	-500	0	-0.233445	
1451	0.0013869	2.01423	0	-500	0	-0.233259	
1452	0.00138691	2.01562	0	-500	0	-0.233073	
1453	0.00138692	2.017	0	-500	0	-0.232888	
1454	0.00138694	2.01839	0	-500	0	-0.232703	
1455	0.00138695	2.01978	0	-500	0	-0.232518	
1456	0.00138696	2.02117	0	-500	0	-0.232334	
1457	0.00138698	2.02255	0	-500	0	-0.23215	
1458	0.00138699	2.02394	0	-500	0	-0.231966	
1459	0.00138701	2.02533	0	-500	0	-0.231783	
1460	0.00138702	2.02671	0	-500	0	-0.2316	
1461	0.00138704	2.0281	0	-500	0	-0.231417	
1462	0.00138705	2.02949	0	-500	0	-0.231235	
1463	0.00138707	2.03087	0	-500	0	-0.231052	
1464	0.00138708	2.03226	0	-500	0	-0.23087	
1465	0.0013871	2.03365	0	-500	0	-0.230688	
1466	0.00138712	2.03504	0	-500	0	-0.230507	
1467	0.00138713	2.03642	0	-500	0	-0.230325	
1468	0.00138715	2.03781	0	-500	0	-0.230144	
1469	0.00138716	2.0392	0	-500	0	-0.229963	
1470	0.00138718	2.04058	0	-500	0	-0.229782	
1471	0.0013872	2.04197	0	-500	0	-0.229601	
1472	0.00138722	2.04336	0	-500	0	-0.22942	
1473	0.00138723	2.04475	0	-500	0	-0.22924	
1474	0.00138725	2.04613	0	-500	0	-0.229059	
1475	0.00138727	2.04752	0	-500	0	-0.228879	
1476	0.00138728	2.04891	0	-500	0	-0.228698	
1477	0.0013873	2.05029	0	-500	0	-0.228518	
1478	0.00138732	2.05168	0	-500	0	-0.228338	
1479	0.00138733	2.05307	0	-500	0	-0.228158	
1480	0.00138735	2.05446	0	-500	0	-0.227977	
1481	0.00138737	2.05584	0	-500	0	-0.227797	
1482	0.00138738	2.05723	0	-500	0	-0.227617	
1483	0.0013874	2.05862	0	-500	0	-0.227437	
1484	0.00138741	2.06001	0	-500	0	-0.227257	
1485	0.00138743	2.06139	0	-500	0	-0.227076	
1486	0.00138745	2.06278	0	-500	0	-0.226896	
1487	0.00138746	2.06417	0	-500	0	-0.226716	
1488	0.00138748	2.06556	0	-500	0	-0.226535	
1489	0.00138749	2.06694	0	-500	0	-0.226355	
1490	0.0013875	2.06833	0	-500	0	-0.226174	
1491	0.00138752	2.06972	0	-500	0	-0.225994	
1492	0.00138753	2.07111	0	-500	0	-0.225813	
1493	0.00138755	2.07249	0	-500	0	-0.225632	
1494	0.00138756	2.07388	0	-500	0	-0.225451	
1495	0.00138757	2.07527	0	-500	0	-0.22527	
1496	0.00138759	2.07666	0	-500	0	-0.225088	
1497	0.0013876	2.07804	0	-500	0	-0.224907	
1498	0.00138761	2.07943	0	-500	0	-0.224725	
1499	0.00138762	2.08082	0	-500	0	-0.224543	
1500	0.00138764	2.08221	0	-500	0	-0.224361	
1501	0.00138765	2.08359	0	-500	0	-0.224178	
1502	0.00138766	2.08498	0	-500	0	-0.223996	
1503	0.00138767	2.08637	0	-500	0	-0.223813	
1504	0.00138768	2.08776	0	-500	0	-0.223629	
1505	0.00138769	2.08914	0	-500	0	-0.223446	
1506	0.0013877	2.09053	0	-500	0	-0.223262	
1507	0.00138772	2.09192	0	-500	0	-0.223078	
1508	0.00138773	2.09331	0	-500	0	-0.222893	
1509	0.00138774	2.0947	0	-500	0	-0.222708	
1510	0.00138775	2.09608	0	-500	0	-0.222523	
1511	0.00138776	2.09747	0	-500	0	-0.222337	
1512	0.00138777	2.09886	0	-500	0	-0.222151	
1513	0.00138778	2.10025	0	-500	0	-0.221965	
1514	0.00138779	2.10163	0	-500	0	-0.221778	
1515	0.0013878	2.10302	0	-500	0	-0.221591	
1516	0.00138781	2.10441	0	-500	0	-0.221404	
1517	0.00138782	2.1058	0	-500	0	-0.221216	
1518	0.00138783	2.10719	0	-500	0	-0.221028	
1519	0.00138784	2.10857	0	-500	0	-0.220839	
1520	0.00138785	2.10996	0	-500	0	-0.22065	
1521	0.00138786	2.11135	0	-500	0	-0.22046	
1522	0.00138788	2.11274	0	-500	0	-0.22027	
1523	0.00138789	2.11412	0	-500	0	-0.22008	
1524	0.0013879	2.11551	0	-500	0	-0.219889	
1525	0.00138791	2.1169	0	-500	0	-0.219698	
1526	0.00138792	2.11829	0	-500	0	-0.219506	
1527	0.00138793	2.11968	0	-500	0	-0.219314	
1528	0.00138794	2.12106	0	-500	0	-0.219121	
1529	0.00138795	2.12245	0	-500	0	-0.218928	
1530	0.00138796	2.12384	0	-500	0	-0.218734	
1531	0.00138798	2.12523	0	-500	0	-0.21854	
1532	0.00138799	2.12662	0	-500	0	-0.218345	
1533	0.001388	2.128	0	-500	0	-0.21815	
1534	0.00138801	2.12939	0	-500	0	-0.217954	
1535	0.00138802	2.13078	0	-500	0	-0.217757	
1536	0.00138804	2.13217	0	-500	0	-0.21756	
1537	0.00138805	2.13356	0	-500	0	-0.217363	
1538	0.00138806	2.13494	0	-500	0	-0.217164	
1539	0.00138807	2.13633	0	-500	0	-0.216966	
1540	0.00138808	2.13772	0	-500	0	-0.216766	
1541	0.0013881	2.13911	0	-500	0	-0.216566	
1542	0.00138811	2.1405	0	-500	0	-0.216365	
1543	0.00138812	2.14188	0	-500	0	-0.216164	
1544	0.00138814	2.14327	0	-500	0	-0.215962	
1545	0.00138815	2.14466	0	-500	0	-0.215759	
1546	0.00138816	2.14605	0	-500	0	-0.215555	
1547	0.00138818	2.14744	0	-500	0	-0.215351	
1548	0.00138819	2.14883	0	-500	0	-0.215146	
1549	0.0013882	2.15021	0	-500	0	-0.21494	
1550	0.00138822	2.1516	0	-500	0	-0.214734	
1551	0.00138823	2.15299	0	-500	0	-0.214526	
1552	0.00138825	2.15438	0	-500	0	-0.214318	
1553	0.00138826	2.15577	0	-500	0	-0.214109	
1554	0.00138828	2.15715	0	-500	0	-0.2139	
1555	0.00138829	2.15854	0	-500	0	-0.213689	
1556	0.00138831	2.15993	0	-500	0	-0.213478	
1557	0.00138833	2.16132	0	-500	0	-0.213265	
1558	0.00138834	2.16271	0	-500	0	-0.213052	
1559	0.00138836	2.1641	0	-500	0	-0.212838	
1560	0.00138838	2.16548	0	-500	0	-0.212624	
1561	0.00138839	2.16687	0	-500	0	-0.212408	
1562	0.00138841	2.16826	0	-500	0	-0.212191	
1563	0.00138843	2.16965	0	-500	0	-0.211974	
1564	0.00138845	2.17104	0	-500	0	-0.211756	
1565	0.00138847	2.17243	0	-500	0	-0.211537	
1566	0.00138849	2.17382	0	-500	0	-0.211316	
1567	0.00138851	2.1752	0	-500	0	-0.211096	
1568	0.00138852	2.17659	0	-500	0	-0.210874	
1569	0.00138855	2.17798	0	-500	0	-0.210651	
1570	0.00138857	2.17937	0	-500	0	-0.210427	
1571	0.00138859	2.18076	0	-500	0	-0.210203	
1572	0.00138861	2.18215	0	-500	0	-0.209978	
1573	0.00138863	2.18354	0	-500	0	-0.209751	
1574	0.00138865	2.18492	0	-500	0	-0.209524	
1575	0.00138867	2.18631	0	-500	0	-0.209296	
1576	0.0013887	2.1877	0	-500	0	-0.209067	
1577	0.00138872	2.18909	0	-500	0	-0.208837	
1578	0.00138874	2.19048	0	-500	0	-0.208607	
1579	0.00138877	2.19187	0	-500	0	-0.208375	
1580	0.00138879	2.19326	0	-500	0	-0.208143	
1581	0.00138881	2.19464	0	-500	0	-0.207909	
1582	0.00138884	2.19603	0	-500	0	-0.207675	
1583	0.00138886	2.19742	0	-500	0	-0.20744	
1584	0.00138889	2.19881	0	-500	0	-0.207204	
1585	0.00138891	2.2002	0	-500	0	-0.206967	
1586	0.00138894	2.20159	0	-500	0	-0.206729	
1587	0.00138896	2.20298	0	-500	0	-0.20649	
1588	0.00138899	2.20437	0	-500	0	-0.206251	
1589	0.00138902	2.20576	0	-500	0	-0.20601	
1590	0.00138904	2.20714	0	-500	0	-0.205769	
1591	0.00138907	2.20853	0	-500	0	-0.205527	
1592	0.0013891	2.20992	0	-500	0	-0.205284	
1593	0.00138912	2.21131	0	-500	0	-0.20504	
1594	0.00138915	2.2127	0	-500	0	-0.204795	
1595	0.00138918	2.21409	0	-500	0	-0.20455	
1596	0.00138921	2.21548	0	-500	0	-0.204303	
1597	0.00138923	2.21687	0	-500	0	-0.204056	
1598	0.00138926	2.21826	0	-500	0	-0.203807	
1599	0.00138929	2.21965	0	-500	0	-0.203558	
1600	0.00138932	2.22104	0	-500	0	-0.203308	
1601	0.00138934	2.22243	0	-500	0	-0.203057	
1602	0.00138937	2.22382	0	-500	0	-0.202805	
1603	0.0013894	2.2252	0	-500	0	-0.202553	
1604	0.00138943	2.22659	0	-500	0	-0.202299	
1605	0.00138946	2.22798	0	-500	0	-0.202044	
1606	0.00138948	2.22937	0	-500	0	-0.201789	
1607	0.00138951	2.23076	0	-500	0	-0.201533	
1608	0.00138954	2.23215	0	-500	0	-0.201275	
1609	0.00138957	2.23354	0	-500	0	-0.201017	
1610	0.00138959	2.23493	0	-500	0	-0.200758	
1611	0.00138962	2.23632	0	-500	0	-0.200498	
1612	0.00138965	2.23771	0	-500	0	-0.200237	
1613	0.00138967	2.2391	0	-500	0	-0.199975	
1614	0.0013897	2.24049	0	-500	0	-0.199712	
1615	0.00138973	2.24188	0	-500	0	-0.199448	
1616	0.00138975	2.24327	0	-500	0	-0.199183	
1617	0.00138978	2.24466	0	-500	0	-0.198917	
1618	0.00138981	2.24605	0	-500	0	-0.19865	
1619	0.00138983	2.24744	0	-500	0	-0.198382	
1620	0.00138986	2.24883	0	-500	0	-0.198113	
1621	0.00138988	2.25022	0	-500	0	-0.197843	
1622	0.00138991	2.25161	0	-500	0	-0.197573	
1623	0.00138993	2.253	0	-500	0	-0.197301	
1624	0.00138995	2.25439	0	-500	0	-0.197028	
1625	0.00138998	2.25578	0	-500	0	-0.196754	
1626	0.00139	2.25717	0	-500	0	-0.196479	
1627	0.00139002	2.25856	0	-500	0	-0.196203	
1628	0.00139005	2.25995	0	-500	0	-0.195926	
1629	0.00139007	2.26134	0	-500	0	-0.195648	
1630	0.00139009	2.26273	0	-500	0	-0.195369	
1631	0.00139011	2.26412	0	-500	0	-0.195089	
1632	0.00139013	2.26551	0	-500	0	-0.194808	
1633	0.00139015	2.2669	0	-500	0	-0.194526	
1634	0.00139017	2.26829	0	-500	0	-0.194243	
1635	0.00139019	2.26968	0	-500	0	-0.193959	
1636	0.00139021	2.27107	0	-500	0	-0.193674	
1637	0.00139023	2.27246	0	-500	0	-0.193388	
1638	0.00139025	2.27385	0	-500	0	-0.193101	
1639	0.00139027	2.27524	0	-500	0	-0.192814	
1640	0.00139029	2.27663	0	-500	0	-0.192525	
1641	0.00139031	2.27802	0	-500	0	-0.192235	
1642	0.00139033	2.27941	0	-500	0	-0.191945	
1643	0.00139035	2.2808	0	-500	0	-0.191653	
1644	0.00139036	2.28219	0	-500	0	-0.191361	
1645	0.00139038	2.28358	0	-500	0	-0.191067	
1646	0.0013904	2.28497	0	-500	0	-0.190773	
1647	0.00139041	2.28636	0	-500	0	-0.190478	
1648	0.00139043	2.28775	0	-500	0	-0.190182	
1649	0.00139045	2.28914	0	-500	0	-0.189885	
1650	0.00139046	2.29053	0	-500	0	-0.189588	
1651	0.00139048	2.29192	0	-500	0	-0.189289	
1652	0.00139049	2.29331	0	-500	0	-0.18899	
1653	0.00139051	2.2947	0	-500	0	-0.18869	
1654	0.00139052	2.2961	0	-500	0	-0.18839	
1655	0.00139054	2.29749	0	-500	0	-0.188088	
1656	0.00139055	2.29888	0	-500	0	-0.187786	
1657	0.00139057	2.30027	0	-500	0	-0.187483	
1658	0.00139058	2.30166	0	-500	0	-0.18718	
1659	0.00139059	2.30305	0	-500	0	-0.186876	
1660	0.00139061	2.30444	0	-500	0	-0.186571	
1661	0.00139062	2.30583	0	-500	0	-0.186266	
1662	0.00139063	2.30722	0	-500	0	-0.18596	
1663	0.00139065	2.30861	0	-500	0	-0.185653	
1664	0.00139066	2.31	0	-500	0	-0.185346	
1665	0.00139067	2.31139	0	-500	0	-0.185039	
1666	0.00139068	2.31278	0	-500	0	-0.18473	
1667	0.0013907	2.31417	0	-500	0	-0.184422	
1668	0.00139071	2.31556	0	-500	0	-0.184113	
1669	0.00139072	2.31695	0	-500	0	-0.183804	
1670	0.00139073	2.31835	0	-500	0	-0.183494	
1671	0.00139074	2.31974	0	-500	0	-0.183183	
1672	0.00139076	2.32113	0	-500	0	-0.182873	
1673	0.00139077	2.32252	0	-500	0	-0.182562	
1674	0.00139078	2.32391	0	-500	0	-0.18225	
1675	0.00139079	2.3253	0	-500	0	-0.181939	
1676	0.0013908	2.32669	0	-500	0	-0.181626	
1677	0.00139081	2.32808	0	-500	0	-0.181314	
1678	0.00139082	2.32947	0	-500	0	-0.181001	
1679	0.00139083	2.33086	0	-500	0	-0.180688	
1680	0.00139084	2.33225	0	-500	0	-0.180375	
1681	0.00139085	2.33364	0	-500	0	-0.180062	
1682	0.00139086	2.33503	0	-500	0	-0.179748	
1683	0.00139087	2.33643	0	-500	0	-0.179434	
1684	0.00139087	2.33782	0	-500	0	-0.179119	
1685	0.00139088	2.33921	0	-500	0	-0.178804	
1686	0.00139089	2.3406	0	-500	0	-0.17849	
1687	0.0013909	2.34199	0	-500	0	-0.178174	
1688	0.00139091	2.34338	0	-500	0	-0.177859	
1689	0.00139091	2.34477	0	-500	0	-0.177543	
1690	0.00139092	2.34616	0	-500	0	-0.177227	
1691	0.00139093	2.34755	0	-500	0	-0.176911	
1692	0.00139093	2.34894	0	-500	0	-0.176594	
1693	0.00139094	2.35033	0	-500	0	-0.176277	
1694	0.00139095	2.35173	0	-500	0	-0.17596	
1695	0.00139095	2.35312	0	-500	0	-0.175643	
1696	0.00139096	2.35451	0	-500	0	-0.175325	
1697	0.00139096	2.3559	0	-500	0	-0.175007	
1698	0.00139097	2.35729	0	-500	0	-0.174688	
1699	0.00139098	2.35868	0	-500	0	-0.174369	
1700	0.00139098	2.36007	0	-500	0	-0.17405	
1701	0.00139099	2.36146	0	-500	0	-0.173731	
1702	0.00139099	2.36285	0	-500	0	-0.173411	
1703	0.001391	2.36424	0	-500	0	-0.173091	
1704	0.001391	2.36564	0	-500	0	-0.17277	
1705	0.001391	2.36703	0	-500	0	-0.172449	
1706	0.00139101	2.36842	0	-500	0	-0.172128	
1707	0.00139101	2.36981	0	-500	0	-0.171806	
1708	0.00139102	2.3712	0	-500	0	-0.171484	
1709	0.00139102	2.37259	0	-500	0	-0.171162	
1710	0.00139102	2.37398	0	-500	0	-0.170839	
1711	0.00139103	2.37537	0	-500	0	-0.170516	
1712	0.00139103	2.37676	0	-500	0	-0.170192	
1713	0.00139104	2.37815	0	-500	0	-0.169868	
1714	0.00139104	2.37955	0	-500	0	-0.169543	
1715	0.00139104	2.38094	0	-500	0	-0.169218	
1716	0.00139105	2.38233	0	-500	0	-0.168893	
1717	0.00139105	2.38372	0	-500	0	-0.168567	
1718	0.00139105	2.38511	0	-500	0	-0.16824	
1719	0.00139106	2.3865	0	-500	0	-0.167913	
1720	0.00139106	2.38789	0	-500	0	-0.167586	
1721	0.00139106	2.38928	0	-500	0	-0.167258	
1722	0.00139107	2.39067	0	-500	0	-0.166929	
1723	0.00139107	2.39206	0	-500	0	-0.166601	
1724	0.00139107	2.39346	0	-500	0	-0.166271	
1725	0.00139108	2.39485	0	-500	0	-0.165941	
1726	0.00139108	2.39624	0	-500	0	-0.165611	
1727	0.00139108	2.39763	0	-500	0	-0.16528	
1728	0.00139109	2.39902	0	-500	0	-0.164948	
1729	0.00139109	2.40041	0	-500	0	-0.164616	
1730	0.00139109	2.4018	0	-500	0	-0.164283	
1731	0.0013911	2.40319	0	-500	0	-0.163949	
1732	0.0013911	2.40458	0	-500	0	-0.163615	
1733	0.0013911	2.40598	0	-500	0	-0.163281	
1734	0.00139111	2.40737	0	-500	0	-0.162945	
1735	0.00139111	2.40876	0	-500	0	-0.162609	
1736	0.00139111	2.41015	0	-500	0	-0.162273	
1737	0.00139112	2.41154	0	-500	0	-0.161935	
1738	0.00139112	2.41293	0	-500	0	-0.161597	
1739	0.00139112	2.41432	0	-500	0	-0.161259	
1740	0.00139113	2.41571	0	-500	0	-0.160919	
1741	0.00139113	2.4171	0	-500	0	-0.160579	
1742	0.00139113	2.4185	0	-500	0	-0.160238	
1743	0.00139114	2.41989	0	-500	0	-0.159896	
1744	0.00139114	2.42128	0	-500	0	-0.159553	
1745	0.00139114	2.42267	0	-500	0	-0.15921	
1746	0.00139115	2.42406	0	-500	0	-0.158865	
1747	0.00139115	2.42545	0	-500	0	-0.15852	
1748	0.00139115	2.42684	0	-500	0	-0.158174	
1749	0.00139116	2.42823	0	-500	0	-0.157827	
1750	0.00139116	2.42963	0	-500	0	-0.157479	
1751	0.00139116	2.43102	0	-500	0	-0.15713	
1752	0.00139117	2.43241	0	-500	0	-0.156781	
1753	0.00139117	2.4338	0	-500	0	-0.15643	
1754	0.00139117	2.43519	0	-500	0	-0.156078	
1755	0.00139118	2.43658	0	-500	0	-0.155725	
1756	0.00139118	2.43797	0	-500	0	-0.155372	
1757	0.00139118	2.43936	0	-500	0	-0.155017	
1758	0.00139119	2.44075	0	-500	0	-0.154662	
1759	0.00139119	2.44215	0	-500	0	-0.154305	
1760	0.00139119	2.44354	0	-500	0	-0.153947	
1761	0.00139119	2.44493	0	-500	0	-0.153589	
1762	0.0013912	2.44632	0	-500	0	-0.153229	
1763	0.0013912	2.44771	0	-500	0	-0.152869	
1764	0.0013912	2.4491	0	-500	0	-0.152507	
1765	0.00139121	2.45049	0	-500	0	-0.152144	
1766	0.00139121	2.45188	0	-500	0	-0.151781	
1767	0.00139121	2.45328	0	-500	0	-0.151416	
1768	0.00139121	2.45467	0	-500	0	-0.151051	
1769	0.00139122	2.45606	0	-500	0	-0.150684	
1770	0.00139122	2.45745	0	-500	0	-0.150317	
1771	0.00139122	2.45884	0	-500	0	-0.149949	
1772	0.00139123	2.46023	0	-500	0	-0.14958	
1773	0.00139123	2.46162	0	-500	0	-0.14921	
1774	0.00139123	2.46301	0	-500	0	-0.148839	
1775	0.00139123	2.4644	0	-500	0	-0.148467	
1776	0.00139123	2.4658	0	-500	0	-0.148095	
1777	0.00139124	2.46719	0	-500	0	-0.147722	
1778	0.00139124	2.46858	0	-500	0	-0.147348	
1779	0.00139124	2.46997	0	-500	0	-0.146973	
1780	0.00139124	2.47136	0	-500	0	-0.146598	
1781	0.00139125	2.47275	0	-500	0	-0.146222	
1782	0.00139125	2.47414	0	-500	0	-0.145845	
1783	0.00139125	2.47553	0	-500	0	-0.145468	
1784	0.00139125	2.47693	0	-500	0	-0.14509	
1785	0.00139126	2.47832	0	-500	0	-0.144712	
1786	0.00139126	2.47971	0	-500	0	-0.144333	
1787	0.00139126	2.4811	0	-500	0	-0.143954	
1788	0.00139126	2.48249	0	-500	0	-0.143575	
1789	0.00139126	2.48388	0	-500	0	-0.143195	
1790	0.00139127	2.48527	0	-500	0	-0.142814	
1791	0.00139127	2.48666	0	-500	0	-0.142434	
1792	0.00139127	2.48806	0	-500	0	-0.142053	
1793	0.00139127	2.48945	0	-500	0	-0.141672	
1794	0.00139128	2.49084	0	-500	0	-0.14129	
1795	0.00139128	2.49223	0	-500	0	-0.140908	
1796	0.00139128	2.49362	0	-500	0	-0.140526	
1797	0.00139129	2.49501	0	-500	0	-0.140144	
1798	0.00139129	2.4964	0	-500	0	-0.139762	
1799	0.00139129	2.4978	0	-500	0	-0.139379	
1800	0.0013913	2.49919	0	-500	0	-0.138997	
1801	0.0013913	2.50058	0	-500	0	-0.138614	
1802	0.00139131	2.50197	0	-500	0	-0.138232	
1803	0.00139131	2.50336	0	-500	0	-0.137849	
1804	0.00139132	2.50475	0	-500	0	-0.137466	
1805	0.00139132	2.50614	0	-500	0	-0.137084	
1806	0.00139133	2.50753	0	-500	0	-0.136701	
1807	0.00139133	2.50893	0	-500	0	-0.136318	
1808	0.00139134	2.51032	0	-500	0	-0.135936	
1809	0.00139134	2.51171	0	-500	0	-0.135553	
1810	0.00139135	2.5131	0	-500	0	-0.135171	
1811	0.00139136	2.51449	0	-500	0	-0.134788	
1812	0.00139136	2.51588	0	-500	0	-0.134406	
1813	0.00139137	2.51727	0	-500	0	-0.134024	
1814	0.00139138	2.51867	0	-500	0	-0.133642	
1815	0.00139138	2.52006	0	-500	0	-0.13326	
1816	0.00139139	2.52145	0	-500	0	-0.132879	
1817	0.0013914	2.52284	0	-500	0	-0.132497	
1818	0.00139141	2.52423	0	-500	0	-0.132116	
1819	0.00139142	2.52562	0	-500	0	-0.131735	
1820	0.00139143	2.52701	0	-500	0	-0.131354	
1821	0.00139143	2.5284	0	-500	0	-0.130974	
1822	0.00139144	2.5298	0	-500	0	-0.130594	
1823	0.00139145	2.53119	0	-500	0	-0.130214	
1824	0.00139146	2.53258	0	-500	0	-0.129834	
1825	0.00139147	2.53397	0	-500	0	-0.129455	
1826	0.00139148	2.53536	0	-500	0	-0.129076	
1827	0.00139149	2.53675	0	-500	0	-0.128698	
1828	0.0013915	2.53815	0	-500	0	-0.128319	
1829	0.00139151	2.53954	0	-500	0	-0.127942	
1830	0.00139153	2.54093	0	-500	0	-0.127564	
1831	0.00139154	2.54232	0	-500	0	-0.127187	
1832	0.00139155	2.54371	0	-500	0	-0.126811	
1833	0.00139156	2.5451	0	-500	0	-0.126435	
1834	0.00139157	2.54649	0	-500	0	-0.126059	
1835	0.00139158	2.54789	0	-500	0	-0.125684	
1836	0.00139159	2.54928	0	-500	0	-0.125309	
1837	0.00139161	2.55067	0	-500	0	-0.124935	
1838	0.00139162	2.55206	0	-500	0	-0.124561	
1839	0.00139163	2.55345	0	-500	0	-0.124188	
1840	0.00139164	2.55484	0	-500	0	-0.123815	
1841	0.00139165	2.55624	0	-500	0	-0.123443	
1842	0.00139167	2.55763	0	-500	0	-0.123072	
1843	0.00139168	2.55902	0	-500	0	-0.122701	
1844	0.00139169	2.56041	0	-500	0	-0.122331	
1845	0.0013917	2.5618	0	-500	0	-0.121961	
1846	0.00139172	2.56319	0	-500	0	-0.121592	
1847	0.00139173	2.56459	0	-500	0	-0.121224	
1848	0.00139174	2.56598	0	-500	0	-0.120856	
1849	0.00139175	2.56737	0	-500	0	-0.120489	
1850	0.00139177	2.56876	0	-500	0	-0.120123	
1851	0.00139178	2.57015	0	-500	0	-0.119757	
1852	0.00139179	2.57154	0	-500	0	-0.119392	
1853	0.0013918	2.57294	0	-500	0	-0.119028	
1854	0.00139182	2.57433	0	-500	0	-0.118665	
1855	0.00139183	2.57572	0	-500	0	-0.118302	
1856	0.00139184	2.57711	0	-500	0	-0.11794	
1857	0.00139186	2.5785	0	-500	0	-0.117579	
1858	0.00139187	2.5799	0	-500	0	-0.117219	
1859	0.00139188	2.58129	0	-500	0	-0.11686	
1860	0.0013919	2.58268	0	-500	0	-0.116501	
1861	0.00139191	2.58407	0	-500	0	-0.116143	
1862	0.00139193	2.58546	0	-500	0	-0.115786	
1863	0.00139194	2.58685	0	-500	0	-0.11543	
1864	0.00139195	2.58825	0	-500	0	-0.115075	
1865	0.00139197	2.58964	0	-500	0	-0.114721	
1866	0.00139198	2.59103	0	-500	0	-0.114368	
1867	0.001392	2.59242	0	-500	0	-0.114015	
1868	0.00139201	2.59381	0	-500	0	-0.113664	
1869	0.00139202	2.59521	0	-500	0	-0.113313	
1870	0.00139204	2.5966	0	-500	0	-0.112963	
1871	0.00139205	2.59799	0	-500	0	-0.112615	
1872	0.00139207	2.59938	0	-500	0	-0.112267	
1873	0.00139208	2.60077	0	-500	0	-0.11192	
1874	0.00139209	2.60217	0	-500	0	-0.111574	
1875	0.00139211	2.60356	0	-500	0	-0.111229	
1876	0.00139212	2.60495	0	-500	0	-0.110885	
1877	0.00139214	2.60634	0	-500	0	-0.110542	
1878	0.00139215	2.60774	0	-500	0	-0.1102	
1879	0.00139216	2.60913	0	-500	0	-0.109859	
1880	0.00139218	2.61052	0	-500	0	-0.109519	
1881	0.00139219	2.61191	0	-500	0	-0.109179	
1882	0.0013922	2.6133	0	-500	0	-0.108841	
1883	0.00139222	2.6147	0	-500	0	-0.108504	
1884	0.00139223	2.61609	0	-500	0	-0.108168	
1885	0.00139224	2.61748	0	-500	0	-0.107832	
1886	0.00139225	2.61887	0	-500	0	-0.107498	
1887	0.00139227	2.62027	0	-500	0	-0.107165	
1888	0.00139228	2.62166	0	-500	0	-0.106832	
1889	0.00139229	2.62305	0	-500	0	-0.106501	
1890	0.0013923	2.62444	0	-500	0	-0.10617	
1891	0.00139231	2.62583	0	-500	0	-0.105841	
1892	0.00139232	2.62723	0	-500	0	-0.105512	
1893	0.00139233	2.62862	0	-500	0	-0.105184	
1894	0.00139234	2.63001	0	-500	0	-0.104858	
1895	0.00139235	2.6314	0	-500	0	-0.104532	
1896	0.00139236	2.6328	0	-500	0	-0.104207	
1897	0.00139237	2.63419	0	-500	0	-0.103883	
1898	0.00139238	2.63558	0	-500	0	-0.10356	
1899	0.00139239	2.63697	0	-500	0	-0.103238	
1900	0.0013924	2.63837	0	-500	0	-0.102917	
1901	0.00139241	2.63976	0	-500	0	-0.102596	
1902	0.00139241	2.64115	0	-500	0	-0.102277	
1903	0.00139242	2.64254	0	-500	0	-0.101958	
1904	0.00139243	2.64394	0	-500	0	-0.101641	
1905	0.00139243	2.64533	0	-500	0	-0.101324	
1906	0.00139244	2.64672	0	-500	0	-0.101008	
1907	0.00139245	2.64811	0	-500	0	-0.100693	
1908	0.00139245	2.6495	0	-500	0	-0.100379	
1909	0.00139246	2.6509	0	-500	0	-0.100066	
1910	0.00139247	2.65229	0	-500	0	-0.0997534	
1911	0.00139247	2.65368	0	-500	0	-0.0994419	
1912	0.00139248	2.65507	0	-500	0	-0.0991312	
1913	0.00139248	2.65647	0	-500	0	-0.0988213	
1914	0.00139249	2.65786	0	-500	0	-0.0985123	
1915	0.00139249	2.65925	0	-500	0	-0.0982041	
1916	0.0013925	2.66064	0	-500	0	-0.0978968	
1917	0.0013925	2.66204	0	-500	0	-0.0975903	
1918	0.00139251	2.66343	0	-500	0	-0.0972847	
1919	0.00139251	2.66482	0	-500	0	-0.0969799	
1920	0.00139252	2.66621	0	-500	0	-0.0966759	
1921	0.00139252	2.66761	0	-500	0	-0.0963728	
1922	0.00139253	2.669	0	-500	0	-0.0960706	
1923	0.00139253	2.67039	0	-500	0	-0.0957692	
1924	0.00139254	2.67178	0	-500	0	-0.0954687	
1925	0.00139254	2.67318	0	-500	0	-0.095169	
1926	0.00139255	2.67457	0	-500	0	-0.0948701	
1927	0.00139256	2.67596	0	-500	0	-0.0945722	
1928	0.00139256	2.67736	0	-500	0	-0.0942751	
1929	0.00139257	2.67875	0	-500	0	-0.0939789	
1930	0.00139257	2.68014	0	-500	0	-0.0936836	
1931	0.00139258	2.68153	0	-500	0	-0.0933891	
1932	0.00139259	2.68293	0	-500	0	-0.0930955	
1933	0.00139259	2.68432	0	-500	0	-0.0928028	
1934	0.0013926	2.68571	0	-500	0	-0.092511	
1935	0.00139261	2.6871	0	-500	0	-0.0922201	
1936	0.00139262	2.6885	0	-500	0	-0.0919301	
1937	0.00139263	2.68989	0	-500	0	-0.091641	
1938	0.00139263	2.69128	0	-500	0	-0.0913527	
1939	0.00139264	2.69267	0	-500	0	-0.0910654	
1940	0.00139265	2.69407	0	-500	0	-0.0907789	
1941	0.00139266	2.69546	0	-500	0	-0.0904933	
1942	0.00139267	2.69685	0	-500	0	-0.0902086	
1943	0.00139268	2.69824	0	-500	0	-0.0899248	
1944	0.00139269	2.69964	0	-500	0	-0.0896418	
1945	0.0013927	2.70103	0	-500	0	-0.0893597	
1946	0.00139272	2.70242	0	-500	0	-0.0890784	
1947	0.00139273	2.70382	0	-500	0	-0.088798	
1948	0.00139274	2.70521	0	-500	0	-0.0885184	
1949	0.00139275	2.7066	0	-500	0	-0.0882397	
1950	0.00139277	2.70799	0	-500	0	-0.0879617	
1951	0.00139278	2.70939	0	-500	0	-0.0876846	
1952	0.00139279	2.71078	0	-500	0	-0.0874083	
1953	0.00139281	2.71217	0	-500	0	-0.0871327	
1954	0.00139282	2.71356	0	-500	0	-0.0868579	
1955	0.00139283	2.71496	0	-500	0	-0.0865838	
1956	0.00139285	2.71635	0	-500	0	-0.0863105	
1957	0.00139286	2.71774	0	-500	0	-0.0860379	
1958	0.00139288	2.71914	0	-500	0	-0.0857661	
1959	0.00139289	2.72053	0	-500	0	-0.0854949	
1960	0.00139291	2.72192	0	-500	0	-0.0852244	
1961	0.00139293	2.72331	0	-500	0	-0.0849545	
1962	0.00139294	2.72471	0	-500	0	-0.0846854	
1963	0.00139296	2.7261	0	-500	0	-0.0844168	
1964	0.00139297	2.72749	0	-500	0	-0.0841489	
1965	0.00139297	2.72889	0	-500	0	-0.0838816	
1966	0.00139297	2.73028	0	-500	0	-0.0836149	
1967	0.00139297	2.73167	0	-500	0	-0.0833488	
1968	0.00139297	2.73307	0	-500	0	-0.0830833	
1969	0.00139297	2.73446	0	-500	0	-0.0828183	
1970	0.00139297	2.73585	0	-500	0	-0.0825539	
1971	0.00139297	2.73724	0	-500	0	-0.08229	
1972	0.00139297	2.73864	0	-500	0	-0.0820267	
1973	0.00139297	2.74003	0	-500	0	-0.0817639	
1974	0.00139297	2.74142	0	-500	0	-0.0815016	
1975	0.00139297	2.74282	0	-500	0	-0.0812398	
1976	0.00139297	2.74421	0	-500	0	-0.0809785	
1977	0.00139297	2.7456	0	-500	0	-0.0807176	
1978	0.00139297	2.74699	0	-500	0	-0.0804573	
1979	0.00139297	2.74839	0	-500	0	-0.0801974	
1980	0.00139297	2.74978	0	-500	0	-0.0799379	
1981	0.00139297	2.75117	0	-500	0	-0.079679	
1982	0.00139297	2.75257	0	-500	0	-0.0794204	
1983	0.00139297	2.75396	0	-500	0	-0.0791623	
1984	0.00139297	2.75535	0	-500	0	-0.0789046	
1985	0.00139297	2.75675	0	-500	0	-0.0786474	
1986	0.00139297	2.75814	0	-500	0	-0.0783905	
1987	0.00139297	2.75953	0	-500	0	-0.0781341	
1988	0.00139297	2.76092	0	-500	0	-0.0778781	
1989	0.00139297	2.76232	0	-500	0	-0.0776224	
1990	0.00139297	2.76371	0	-500	0	-0.0773672	
1991	0.00139297	2.7651	0	-500	0	-0.0771123	
1992	0.00139297	2.7665	0	-500	0	-0.0768578	
1993	0.00139297	2.76789	0	-500	0	-0.0766037	
1994	0.00139297	2.76928	0	-500	0	-0.07635	
1995	0.00139296	2.77068	0	-500	0	-0.0760966	
1996	0.00139296	2.77207	0	-500	0	-0.0758435	
1997	0.00139296	2.77346	0	-500	0	-0.0755908	
1998	0.00139296	2.77485	0	-500	0	-0.0753384	
1999	0.00139296	2.77625	0	-500	0	-0.0750864	
2000	0.00139296	2.77764	0	-500	0	-0.0748347	
2001	0.00139296	2.77903	0	-500	0	-0.0745833	
2002	0.00139296	2.78043	0	-500	0	-0.0743322	
2003	0.00139296	2.78182	0	-500	0	-0.0740814	
2004	0.00139296	2.78321	0	-500	0	-0.0738309	
2005	0.00139296	2.7846	0	-500	0	-0.0735807	
2006	0.00139296	2.786	0	-500	0	-0.0733308	
2007	0.00139296	2.78739	0	-500	0	-0.0730811	
2008	0.00139296	2.78878	0	-500	0	-0.0728317	
2009	0.00139296	2.79018	0	-500	0	-0.0725825	
2010	0.00139296	2.79157	0	-500	0	-0.0723336	
2011	0.00139296	2.79296	0	-500	0	-0.072085	
2012	0.00139296	2.79436	0	-500	0	-0.0718365	
2013	0.00139296	2.79575	0	-500	0	-0.0715883	
2014	0.00139296	2.79714	0	-500	0	-0.0713403	
2015	0.00139296	2.79853	0	-500	0	-0.0710925	
2016	0.00139296	2.79993	0	-500	0	-0.0708449	
2017	0.00139296	2.80132	0	-500	0	-0.0705975	
2018	0.00139296	2.80271	0	-500	0	-0.0703503	
2019	0.00139296	2.80411	0	-500	0	-0.0701032	
2020	0.00139296	2.8055	0	-500	0	-0.0698563	
2021	0.00139296	2.80689	0	-500	0	-0.0696096	
2022	0.00139296	2.80829	0	-500	0	-0.0693631	
2023	0.00139296	2.80968	0	-500	0	-0.0691167	
2024	0.00139296	2.81107	0	-500	0	-0.0688704	
2025	0.00139296	2.81246	0	-500	0	-0.0686243	
2026	0.00139296	2.81386	0	-500	0	-0.0683784	
2027	0.00139296	2.81525	0	-500	0	-0.0681326	
2028	0.00139296	2.81664	0	-500	0	-0.067887	
2029	0.00139296	2.81804	0	-500	0	-0.0676415	
2030	0.00139296	2.81943	0	-500	0	-0.0673961	
2031	0.00139296	2.82082	0	-500	0	-0.0671509	
2032	0.00139296	2.82221	0	-500	0	-0.0669059	
2033	0.00139296	2.82361	0	-500	0	-0.066661	
2034	0.00139296	2.825	0	-500	0	-0.0664163	
2035	0.00139296	2.82639	0	-500	0	-0.0661718	
2036	0.00139296	2.82779	0	-500	0	-0.0659274	
2037	0.00139296	2.82918	0	-500	0	-0.0656833	
2038	0.00139296	2.83057	0	-500	0	-0.0654393	
2039	0.00139296	2.83197	0	-500	0	-0.0651956	
2040	0.00139296	2.83336	0	-500	0	-0.0649521	
2041	0.00139296	2.83475	0	-500	0	-0.0647088	
2042	0.00139297	2.83614	0	-500	0	-0.0644658	
2043	0.00139297	2.83754	0	-500	0	-0.0642231	
2044	0.00139297	2.83893	0	-500	0	-0.0639806	
2045	0.00139297	2.84032	0	-500	0	-0.0637385	
2046	0.00139297	2.84172	0	-500	0	-0.0634966	
2047	0.00139297	2.84311	0	-500	0	-0.0632551	
2048	0.00139297	2.8445	0	-500	0	-0.063014	
2049	0.00139297	2.8459	0	-500	0	-0.0627732	
2050	0.00139297	2.84729	0	-500	0	-0.0625328	
2051	0.00139297	2.84868	0	-500	0	-0.0622928	
2052	0.00139297	2.85007	0	-500	0	-0.0620533	
2053	0.00139297	2.85147	0	-500	0	-0.0618142	
2054	0.00139297	2.85286	0	-500	0	-0.0615756	
2055	0.00139298	2.85425	0	-500	0	-0.0613374	
2056	0.00139298	2.85565	0	-500	0	-0.0610998	
2057	0.00139298	2.85704	0	-500	0	-0.0608627	
2058	0.00139298	2.85843	0	-500	0	-0.0606262	
2059	0.00139298	2.85982	0	-500	0	-0.0603902	
2060	0.00139298	2.86122	0	-500	0	-0.0601548	
2061	0.00139298	2.86261	0	-500	0	-0.05992	
2062	0.00139298	2.864	0	-500	0	-0.0596858	
2063	0.00139298	2.8654	0	-500	0	-0.0594523	
2064	0.00139298	2.86679	0	-500	0	-0.0592194	
2065	0.00139298	2.86818	0	-500	0	-0.0589872	
2066	0.00139299	2.86958	0	-500	0	-0.0587556	
2067	0.00139299	2.87097	0	-500	0	-0.0585248	
2068	0.00139299	2.87236	0	-500	0	-0.0582947	
2069	0.00139299	2.87375	0	-500	0	-0.0580653	
2070	0.00139299	2.87515	0	-500	0	-0.0578367	
2071	0.00139299	2.87654	0	-500	0	-0.0576088	
2072	0.00139299	2.87793	0	-500	0	-0.0573817	
2073	0.00139299	2.87933	0	-500	0	-0.0571553	
2074	0.00139299	2.88072	0	-500	0	-0.0569297	
2075	0.00139299	2.88211	0	-500	0	-0.0567049	
2076	0.00139299	2.88351	0	-500	0	-0.0564809	
2077	0.001393	2.8849	0	-500	0	-0.0562577	
2078	0.001393	2.88629	0	-500	0	-0.0560353	
2079	0.001393	2.88768	0	-500	0	-0.0558137	
2080	0.001393	2.88908	0	-500	0	-0.0555929	
2081	0.001393	2.89047	0	-500	0	-0.055373	
2082	0.001393	2.89186	0	-500	0	-0.0551538	
2083	0.001393	2.89326	0	-500	0	-0.0549354	
2084	0.001393	2.89465	0	-500	0	-0.0547178	
2085	0.001393	2.89604	0	-500	0	-0.054501	
2086	0.001393	2.89744	0	-500	0	-0.054285	
2087	0.001393	2.89883	0	-500	0	-0.0540698	
2088	0.001393	2.90022	0	-500	0	-0.0538553	
2089	0.001393	2.90161	0	-500	0	-0.0536416	
2090	0.001393	2.90301	0	-500	0	-0.0534287	
2091	0.001393	2.9044	0	-500	0	-0.0532165	
2092	0.001393	2.90579	0	-500	0	-0.053005	
2093	0.001393	2.90719	0	-500	0	-0.0527943	
2094	0.001393	2.90858	0	-500	0	-0.0525842	
2095	0.001393	2.90997	0	-500	0	-0.0523749	
2096	0.001393	2.91137	0	-500	0	-0.0521662	
2097	0.001393	2.91276	0	-500	0	-0.0519582	
2098	0.001393	2.91415	0	-500	0	-0.0517508	
2099	0.001393	2.91554	0	-500	0	-0.051544	
2100	0.001393	2.91694	0	-500	0	-0.0513379	
2101	0.001393	2.91833	0	-500	0	-0.0511323	
2102	0.001393	2.91972	0	-500	0	-0.0509273	
2103	0.001393	2.92112	0	-500	0	-0.0507228	
2104	0.001393	2.92251	0	-500	0	-0.0505189	
2105	0.001393	2.9239	0	-500	0	-0.0503155	
2106	0.001393	2.9253	0	-500	0	-0.0501126	
2107	0.001393	2.92669	0	-500	0	-0.0499102	
2108	0.00139299	2.92808	0	-500	0	-0.0497082	
2109	0.00139299	2.92947	0	-500	0	-0.0495066	
2110	0.00139299	2.93087	0	-500	0	-0.0493055	
2111	0.00139299	2.93226	0	-500	0	-0.0491048	
2112	0.00139299	2.93365	0	-500	0	-0.0489044	
2113	0.00139299	2.93505	0	-500	0	-0.0487044	
2114	0.00139299	2.93644	0	-500	0	-0.0485048	
2115	0.00139299	2.93783	0	-500	0	-0.0483055	
2116	0.00139299	2.93923	0	-500	0	-0.0481065	
2117	0.00139299	2.94062	0	-500	0	-0.0479079	
2118	0.00139299	2.94201	0	-500	0	-0.0477095	
2119	0.00139299	2.9434	0	-500	0	-0.0475114	
2120	0.00139299	2.9448	0	-500	0	-0.0473135	
2121	0.00139299	2.94619	0	-500	0	-0.0471159	
2122	0.00139299	2.94758	0	-500	0	-0.0469185	
2123	0.00139299	2.94898	0	-500	0	-0.0467214	
2124	0.00139299	2.95037	0	-500	0	-0.0465244	
2125	0.00139298	2.95176	0	-500	0	-0.0463276	
2126	0.00139298	2.95316	0	-500	0	-0.0461311	
2127	0.00139298	2.95455	0	-500	0	-0.0459347	
2128	0.00139298	2.95594	0	-500	0	-0.0457384	
2129	0.00139298	2.95733	0	-500	0	-0.0455423	
2130	0.00139298	2.95873	0	-500	0	-0.0453464	
2131	0.00139298	2.96012	0	-500	0	-0.0451505	
2132	0.00139298	2.96151	0	-500	0	-0.0449548	
2133	0.00139298	2.96291	0	-500	0	-0.0447592	
2134	0.00139298	2.9643	0	-500	0	-0.0445637	
2135	0.00139298	2.96569	0	-500	0	-0.0443683	
2136	0.00139298	2.96709	0	-500	0	-0.0441729	
2137	0.00139298	2.96848	0	-500	0	-0.0439777	
2138	0.00139298	2.96987	0	-500	0	-0.0437824	
2139	0.00139298	2.97126	0	-500	0	-0.0435873	
2140	0.00139298	2.97266	0	-500	0	-0.0433921	
2141	0.00139298	2.97405	0	-500	0	-0.043197	
2142	0.00139298	2.97544	0	-500	0	-0.0430019	
2143	0.00139298	2.97684	0	-500	0	-0.0428068	
2144	0.00139298	2.97823	0	-500	0	-0.0426117	
2145	0.00139298	2.97962	0	-500	0	-0.0424166	
2146	0.00139298	2.98102	0	-500	0	-0.0422215	
2147	0.00139298	2.98241	0	-500	0	-0.0420263	
2148	0.00139298	2.9838	0	-500	0	-0.041831	
2149	0.00139298	2.98519	0	-500	0	-0.0416357	
2150	0.00139298	2.98659	0	-500	0	-0.0414404	
2151	0.00139298	2.98798	0	-500	0	-0.0412449	
2152	0.00139298	2.98937	0	-500	0	-0.0410493	
2153	0.00139298	2.99077	0	-500	0	-0.0408537	
2154	0.00139298	2.99216	0	-500	0	-0.0406579	
2155	0.00139298	2.99355	0	-500	0	-0.040462	
2156	0.00139298	2.99494	0	-500	0	-0.040266	
2157	0.00139298	2.99634	0	-500	0	-0.0400698	
2158	0.00139298	2.99773	0	-500	0	-0.0398734	
2159	0.00139298	2.99912	0	-500	0	-0.0396769	
2160	0.00139298	3.00052	0	-500	0	-0.0394802	
